1869,32
593,3
4026,1
3724,1272
4024,103
4025,54
4022,11
4020,6
1868,882
4029,1999
344,231
345,72
346,51
347,1
340,430
341,127
342,264
3998,69
3997,16
3996,788
3995,409
3993,51
349,86
3990,7
964,443
4684,59
1623,1
4685,121
2919,57
960,1
961,57
4732,300
4733,6599
4730,301
4731,2491
4736,3
4680,96
4734,707
2319,2071
2316,1
2314,3
2325,134
2312,109
2313,122
2310,893
2311,671
4527,16
298,1
299,131
296,379
297,759
294,1
295,249
292,15
4525,6
290,878
3773,20
3771,506
3770,2352
3776,496
3775,2977
3774,2316
3687,294
3686,202
270,657
271,386
272,102
273,2418
274,1290
275,2307
4653,24
277,3328
279,7748
4836,23
4658,2
962,4
1780,43
58,19
2268,86
2269,972
1132,9
2262,790
2263,748
2267,2620
2264,2
2440,192
2441,1
2446,5877
2447,3489
2444,1191
2445,4
109,1186
102,1363
103,1401
100,8
101,30
106,281
107,181
104,103
105,950
4813,11
2047,38
2044,975
2045,328
2043,49
2041,79
2048,501
2049,264
4978,1
3155,73
3692,7
1213,14
2737,11
4843,127
2836,20
4456,101
2835,96
3519,103
3512,91
3511,35
1210,141
3239,1908
3515,1210
3514,17
2634,7
2684,385
2685,11
2686,32
2687,117
2680,18
2681,14
2682,91
1436,34
3999,54
3390,1534
343,28
1434,2
99,30
98,72
4937,15
91,63
90,237
93,1027
92,215
94,2056
1991,9
1990,18
1621,458
1992,103
1995,640
1994,557
1625,365
1996,772
1999,388
1998,1680
1629,21
1628,3353
3208,22
1787,27
2860,64
2861,891
2862,140
3696,38
559,441
558,412
2866,65
2867,17
2868,645
2869,743
557,75
556,41
551,4
550,9
553,2098
4975,67
1502,5
4848,57
1199,1220
1198,764
3348,20
3349,58
3342,11
3343,135
1193,38
3341,32
3346,84
3347,329
3344,104
3345,10
4976,7
2965,1
1758,1
1755,2
1754,5
2406,115
4259,676
4258,114
1175,3
1174,16
1173,69
1172,3
1171,18
1170,79
4251,59
4250,2
4253,310
4255,3135
4254,46
4256,255
4977,16
1006,15
644,69
1285,1278
1287,1513
1286,324
1281,361
1280,839
1282,899
1003,20
879,116
1289,230
876,1
1579,3
1578,52
689,22
688,20
3431,69
1572,992
687,561
686,727
681,1219
680,1822
683,3946
682,1385
623,3685
875,25
2818,1
4188,3804
1225,2915
3435,2
4521,7
627,227
1222,267
4389,991
4388,369
1221,244
2740,2
4382,37
4381,75
4380,61
4387,31
4386,1190
1370,30
1373,1941
1372,5097
1375,598
1374,507
401,2394
1376,166
1379,33
4596,2
629,12
409,19
2744,577
3835,906
1343,171
3830,207
454,2
2030,167
455,12
4031,173
4033,19
4032,145
4035,31
4034,289
4036,9
4039,572
4038,204
4186,448
4737,50
3796,10
4599,15
2318,7
4735,69
379,181
378,786
4842,93
371,123
370,431
373,21
372,156
375,633
374,31
377,31
2333,11
1244,9
392,97
391,615
390,332
397,2
396,4
395,194
394,9
399,9
398,8
2309,1874
2308,3724
4729,448
4728,376
4725,49
2300,2038
2303,657
2302,98
2305,1412
2304,97
2307,3414
2306,3194
4676,6
1246,31
3748,68
3749,1
3746,861
3747,9
3744,1
3745,310
3742,21
3743,250
3740,124
3741,2434
4620,116
4621,65
247,4
246,117
4624,2012
4625,140
243,329
242,105
226,50
4629,25
249,75
248,81
2275,12
2274,214
2270,31
2273,1477
2272,1
2279,155
2278,89
4980,103
4981,32
2459,34
3201,53
2454,4
2451,112
2453,59
2452,34
2155,97
179,35
178,722
173,394
172,717
171,191
170,80
2051,2
3699,38
2053,1367
2052,1378
2055,144
2054,1421
2057,266
2056,619
3690,71
3691,309
4536,4033
4825,515
4530,53
3695,285
4532,510
4821,23
970,556
2156,63
3596,319
4802,1
653,4
1110,262
3526,287
3527,2984
3524,327
3525,3
3523,85
4916,11
3529,14
4655,10
3086,3
338,21
4654,1533
4657,9
2598,180
3225,2288
4656,88
2699,47
2698,3235
2697,4
2696,37
2695,37
2694,33
1226,292
2690,2
3226,53
276,1
3221,10
4983,33
4652,45
1604,12
3672,124
3223,287
4557,109
1970,2
3670,61
3671,35
3236,2138
3237,680
1618,81
1619,1
1964,705
1965,70
3238,2817
1967,70
1613,255
1962,898
1963,558
3674,104
3675,46
2872,8
2871,4860
2870,10
2877,165
2876,811
2875,2957
2874,556
4986,171
2879,8
3355,1
3354,4
3357,11
3356,5
3351,55
3353,104
3352,645
3359,2297
3358,441
1768,622
1760,4
2549,5
1765,20
1142,1970
1143,8
1140,9
1146,1260
1147,4
1144,459
1145,45
1148,1
1149,414
768,12
2966,1330
4982,79
696,4055
694,62
695,15
1548,137
1549,202
542,442
543,102
540,747
541,27
546,927
547,710
545,4
548,846
765,3374
3682,10
4631,7
414,6
415,8
416,82
417,46
410,257
1389,1879
412,445
413,434
1384,171
1385,4
1386,56
1387,114
418,22
419,37
1382,826
1383,71
3827,126
3826,252
3825,114
3822,32
3821,370
2769,4
3828,359
5000,31
5006,20
4282,13
4280,470
4286,190
4287,19
4284,129
4285,25
4288,12
3587,11
3044,100
368,103
369,20
366,117
367,78
364,52
365,36
362,319
363,14
360,9
361,1955
5008,51
380,609
381,148
382,106
383,16
384,7
385,80
387,60
388,644
389,123
4758,1
4750,921
4753,6
4754,42
4755,6
4756,56
4757,111
3759,1881
3758,22
4664,538
3751,31
3750,127
3753,741
3752,2
3755,6
3754,131
3757,15
3756,3204
2190,304
2191,624
258,169
259,291
4636,313
2196,8551
4634,521
2198,3561
3217,12
251,316
256,131
257,17
254,250
255,297
2200,26
4665,30
2204,484
2205,413
2206,284
2207,258
2208,414
2428,37
2429,1
2420,7
2421,266
2422,4
2423,962
1849,6
2426,6
2427,602
4329,23
2791,1173
168,6917
169,276
164,802
165,2846
166,3405
167,265
161,1130
162,419
163,2691
4839,1
3689,2382
4528,2
3683,3647
4526,629
3681,97
4524,165
4523,2219
4522,822
3685,286
3684,586
1843,354
4423,12
2514,2172
2515,158
2517,250
2510,147
908,695
2512,14
2513,51
2734,149
2735,11
2736,829
909,1162
2730,1459
2731,8
2732,4
2733,192
3680,8
2738,26
2739,232
4427,4
3531,157
3533,124
3532,25
3535,372
3534,71
3537,36
3539,1032
1090,30
4425,97
1091,2272
1816,395
1817,463
1810,6557
1811,5584
1812,596
1813,22
1093,440
1818,998
1819,1969
4337,39
676,1203
3586,5
4335,654
670,590
1087,3600
1099,848
4952,67
2164,1909
4135,40
4331,16
4950,673
2166,46
1979,1131
1978,420
1601,19
1600,29
1603,737
1974,1133
1605,2104
3220,151
1607,157
1606,4702
809,465
803,208
802,168
801,320
800,62
804,665
2848,67
2849,73
2846,2432
2847,927
2845,1989
2840,118
2841,301
3320,1715
3321,1495
3322,324
3323,117
3324,243
3326,98
3327,68
3329,26
322,38
1084,460
1772,7
1779,659
1778,51
2806,18
3957,52
2998,72
324,157
2999,311
1154,6
1157,875
325,93
1151,438
1150,88
1153,179
1152,105
59,14
3039,16
1551,57
1550,125
1553,158
1552,4
3038,179
1977,580
1556,16
2990,206
1559,9
3036,40
2993,824
3030,6518
2995,15
3032,22
3033,61
537,3076
536,427
535,721
534,8
531,7602
530,462
539,338
538,176
1976,332
200,72
51,25
2996,313
52,214
1419,575
428,1152
2197,4
1397,932
1396,2075
1395,1256
422,758
1393,33
1392,94
1391,86
1390,1000
3812,57
3813,487
3810,274
3811,406
3814,357
3818,384
3451,12
3456,2159
1973,9
865,1355
4299,800
4298,1246
4295,1
4294,118
4293,38
4691,102
3517,8
3516,576
1971,377
4749,67
4748,1
4552,36
4743,17
4742,12
4741,398
4747,34
4746,1
4697,4
4714,26
2331,32
2332,1
2183,1533
2182,356
2181,78
2180,1328
2187,51
4696,6
2185,1404
4609,422
4606,300
4607,154
2189,433
2188,939
4602,71
4603,1094
4600,20
4601,23
2210,21
4712,56
2219,1911
2337,1
763,5
1845,86
864,3155
150,102
155,2
157,386
2433,1591
158,454
2431,34
2430,275
2435,357
2434,1014
2236,95
4519,285
4512,132
4510,263
4511,972
4517,104
4515,509
2509,74
2508,449
2507,37
2506,4
2505,504
2504,390
2503,317
2502,411
2501,3519
2500,1108
2726,658
2722,1426
2975,63
2729,4
2728,8
1712,60
5045,214
5044,216
5043,117
5042,162
5041,2009
5040,75
3783,882
1805,131
3781,25
3786,149
3784,1063
3785,304
3788,339
3789,75
4996,3214
4997,257
4995,4
4992,1
4990,4
4991,3173
4998,48
4999,2007
3258,473
1524,46
1948,2809
1949,2
3250,3
1943,75
3252,266
1941,130
1946,356
3255,677
3256,372
3257,4
818,26
810,133
1252,224
812,25
4268,27
1521,174
2859,22
2858,810
3495,2
1250,40
1622,12
2851,1195
2850,59
2853,1108
2852,151
2855,1544
2854,339
2857,958
1490,247
1491,282
1492,290
3204,2004
3337,10
1495,6
1496,1906
1497,1506
1498,1099
3203,968
3339,28
3338,49
423,10
3202,190
1700,1
1702,21
1703,59
1704,138
1705,440
1707,420
1708,69
1709,224
3200,25
2097,21
424,21
427,18
2091,17
426,16
2708,2
4575,854
1128,116
1129,102
4576,10
1120,18
1121,47
1122,18
4577,1382
1127,3
2989,24
2988,3787
1194,2
3028,472
2982,100
3025,5173
2980,143
3023,115
2986,1209
2985,1928
2984,554
300,137
1018,41
1019,51
522,532
301,111
1014,33
1015,132
1016,1002
1017,229
1010,2683
1011,364
1012,568
1013,73
1234,367
1235,200
1236,324
1237,732
1232,331
1233,511
4196,2
4197,56
4194,99
4195,1
1238,870
4193,439
4190,324
3956,894
4358,1542
4359,80
4354,1
4357,760
4350,542
4351,149
4352,31
2489,7
1092,1004
4677,64
1341,38
438,8
439,256
436,586
437,113
434,16
432,2764
2485,109
3808,918
3805,1534
3804,146
3807,65
3806,218
3800,75
3803,21
1966,105
2863,4
1630,16
2865,26
555,1020
4776,2
4777,4
4774,109
4772,914
2085,77
4778,1584
4779,4
4175,99
4176,719
4177,63
4170,6491
4171,470
4172,26
4178,2
4179,2
2949,28
2948,58
4619,49
4618,487
4070,1
4611,1838
4610,57
236,129
237,17
4615,394
4614,3357
4617,340
4616,333
2944,294
2462,75
2228,3
2229,103
2226,113
2227,2
2225,262
2222,12
2223,257
2220,2066
2221,714
1,142
4880,308
2458,80
146,79
144,189
145,1
142,5
140,99
148,55
2700,970
4505,619
1430,58
4507,1808
4506,2570
4501,85
4500,8
4874,10
4509,485
2088,29
2089,86
121,5
1057,84
2086,17
3092,1534
2084,3
1431,1145
2538,275
2539,11
2532,52
2533,34
2530,30
2531,26
2536,530
2537,862
2534,8
2714,1168
2715,468
4466,7
348,33
1830,287
3799,142
3798,2804
1834,6058
1835,4684
3795,35
3794,306
4363,82
1839,2
3790,130
3793,177
3792,267
2154,168
2407,106
2404,181
2405,2239
2150,1210
2403,1691
2400,518
2401,915
933,609
932,380
2158,150
2159,1095
2408,726
934,2606
3091,5
2015,48
3055,4
1955,15
1954,91
1957,62
1956,500
229,220
1953,165
1952,854
1829,118
1959,1252
4409,249
3249,74
3248,126
3242,488
3241,755
3240,57
3247,67
3246,20
3245,603
228,632
828,267
827,23
826,13
1177,1
3693,22
1176,3
2409,5
1821,6
4312,125
1820,69
1482,13
1481,2
1480,189
1487,48
1823,2
1485,454
3309,960
3306,33
3304,160
3305,136
3302,351
3300,50
3301,839
797,235
2147,4871
795,1217
1710,130
1717,41
1716,12
1715,2
2410,217
1719,87
1718,5
799,399
798,187
612,58
2415,18
1272,53
1139,39
1138,5
2417,19
1133,141
1274,1
1131,831
1130,1
1137,3951
1135,16
1134,14
2792,552
2061,161
476,853
2062,2
3018,1131
3019,2244
4328,60
2796,80
3016,226
3017,127
3014,526
519,59
518,36
1007,30
510,5330
1005,52
2148,303
515,818
514,15
517,2774
516,30
1227,243
622,298
621,247
1224,625
1223,74
626,1520
625,3197
624,1480
4181,34
4180,1
4183,183
628,97
4185,182
4184,1
1228,1327
4349,435
4347,308
4346,68
1535,2
4342,5082
4341,290
4340,343
2882,891
2883,210
2880,241
2881,1273
2886,250
2884,890
2885,1007
2888,38
2889,255
2,31
3879,350
3870,176
3871,574
3872,194
3873,226
3874,9
3875,94
3876,31
3877,1435
1714,4
10,8
13,29
12,7
15,36
14,191
17,13
16,12
18,8
1922,1074
1923,3
1925,8
3904,492
3905,142
3906,365
3901,163
3902,36
3952,6
3271,475
3908,17
3909,17
4765,506
4764,1075
3193,1039
4166,22
4161,1281
4160,22
4169,2028
1534,4
201,472
832,81
203,193
202,359
205,1115
204,113
206,14
209,444
208,7
4553,1576
3477,36
684,1010
3191,17
1571,539
2239,6
2238,385
1570,7742
2230,390
2233,48
2232,52
2234,38
2237,125
1576,269
1575,143
4608,2403
3496,6
2184,9429
3492,4
3491,6
2095,1
227,198
4572,65
2096,33
3658,67
3659,4258
2093,711
2092,825
3655,236
3657,63
2099,211
225,220
3652,644
3653,381
2525,33
2524,29
2527,1472
2526,207
2521,132
2520,163
2523,18
2667,471
2529,199
2528,1424
2665,1116
4493,34
4492,788
4888,32
2660,198
2705,7
2704,44
2707,106
2706,62
2701,3
4885,352
2703,16
4887,35
4408,383
1828,28
2951,17
1825,38
1827,153
4407,453
4400,3
4401,3422
1865,13
4403,18
2411,178
2146,389
2145,21
2144,710
2143,136
2142,2682
2141,1962
2416,8
4974,76
2418,292
922,1058
923,498
924,1231
4971,4577
2149,40
4973,25
1920,7721
1921,27
3274,100
3275,12
1924,311
3273,59
3270,215
1927,340
1928,7234
1929,3165
3278,17
3279,350
3474,95
830,44
831,68
3470,1414
3471,2973
3472,1383
3473,173
838,1896
839,51
3479,31
3,6
2315,8
3319,282
2511,73
3310,1356
3313,1276
3314,53
3317,288
784,82
785,1617
786,1097
780,219
781,58
782,886
783,364
1726,13
1727,2892
1724,79
1725,29
1722,155
789,385
1721,91
3005,329
61,230
3000,233
3003,77
3002,835
69,3
3009,119
1588,101
1589,177
406,297
1582,2013
1583,32
1580,449
1581,536
1586,241
1587,31
1584,79
1585,220
159,30
1038,5
404,1404
508,238
509,148
1032,592
1030,13
1031,3967
1036,366
1034,775
1035,403
1212,63
631,35
632,1524
1211,180
1216,2876
1217,145
636,94
1215,871
639,151
1218,94
1219,199
1647,11
4378,113
1394,1
1378,1
4372,26
4373,45
4370,967
4371,33
4376,1
4377,727
4374,117
3585,5
4831,1
2898,407
4811,72
2894,82
2897,1671
1729,1451
2891,225
2890,38
2893,435
2892,1912
1106,2887
1104,1311
1457,18
1102,52
1103,192
1452,1782
1101,277
2419,243
408,3
1459,1011
1109,219
4081,5
4082,15
3868,95
4084,2247
4085,21
4086,2136
4087,758
4089,256
3867,32
1723,61
1894,7
2245,2
3736,1544
1577,40
3733,234
3732,539
3731,861
3730,1061
3917,1039
2136,219
3915,46
3913,133
3912,68
3911,719
3910,65
2134,132
3919,23
3918,844
4920,9
4798,663
4799,79
2132,99
4791,224
4792,671
4793,12
4150,203
2945,337
4156,32
4157,52
2131,36
4810,2
953,25
3071,64
216,108
217,21
214,541
215,417
212,74
213,316
210,6
211,79
218,374
219,68
920,3
3094,26
4837,1
956,1332
4,2818
3488,14
4715,48
3482,95
3485,63
3486,81
4563,174
938,2
4560,193
4567,366
4566,884
4565,1471
4564,24
3645,2
3644,578
3643,325
3642,2948
3641,1091
3640,592
2550,1858
2551,1154
2555,14
3004,68
2559,26
3595,100
2396,303
2397,237
2394,73
2395,172
2392,7
3075,19
2391,1645
245,206
2399,254
2778,8
2779,741
640,24
5013,3
5014,1039
5015,414
5016,3145
5017,1
5018,1378
2771,146
67,540
2774,39
2775,743
2776,5
2777,346
4901,1049
244,16
1858,561
1859,3
3281,90
921,2
1850,56
1851,13
1852,161
1853,828
1854,22
1855,3
4411,389
1857,1113
2172,69
2170,2
2171,183
2176,27
2174,94
2175,291
4967,2543
914,2043
4965,204
4964,1397
4963,1178
4962,79
913,686
912,392
2604,40
2605,70
3280,56
2607,95
2601,85
2602,76
2603,10
1933,450
3260,167
1931,35
3262,1100
1937,253
1936,14
3267,702
1934,1160
3269,31
3268,180
1939,184
1938,205
1348,30
458,221
847,1425
3466,1164
843,281
842,2
840,213
849,1125
848,808
241,89
3365,55
376,1
3367,6
1738,102
1731,94
1730,90
1733,50
1732,1735
1735,2
1734,1
1737,76
1736,21
732,15
1220,1
753,3096
752,287
751,20
750,29
757,111
756,328
755,124
759,4
3070,338
506,44
3073,243
2958,5246
2959,284
3077,53
2954,4
3079,36
2956,208
2957,163
2950,10
1598,477
2952,107
2953,3
3700,698
1024,29
1027,603
1026,156
1021,673
1020,137
1023,273
1022,46
1029,85
1028,9
605,271
604,220
607,220
1209,384
4360,236
603,1552
4362,71
1205,520
1204,330
1207,155
1206,71
1201,261
1200,425
1202,9
4270,8
469,50
4276,1454
1214,5
3105,1318
3107,1006
3101,1533
3103,1329
465,264
1445,17
1444,328
1443,2511
1114,970
1117,1658
464,1895
1119,89
1118,64
1351,40
1449,1127
4093,40
4092,392
4091,2111
466,735
4097,77
2004,16
4095,333
4045,11
1357,14
4099,563
4098,101
460,7
4585,50
489,343
488,4193
487,129
485,95
462,422
483,4
482,102
481,90
480,2
991,128
4586,45
4853,197
3705,106
3923,1314
3920,93
4726,117
3299,4
3927,65
3924,1819
4721,207
3928,312
3929,28
4720,605
4723,6
4788,5
4787,203
4786,21
4784,798
4783,15
4782,63
4781,189
4780,3
4149,66
453,67
4140,1
4143,4
4142,731
3857,1536
3854,904
3855,19
3853,163
3850,169
3851,1169
992,79
3858,69
4497,6
4823,6
4932,102
2896,406
199,2
198,605
195,367
197,466
196,866
191,840
190,1651
193,62
192,4466
3678,23
4558,751
4559,202
4556,90
3673,987
4554,179
4555,2038
3676,136
3677,498
4550,566
4551,921
2543,1831
2540,134
2545,58
520,130
2381,3671
2383,3398
2382,490
2385,5
2384,472
2387,35
2386,1022
1450,129
1451,331
5003,390
5002,156
5001,778
2768,26
3584,145
1100,494
5005,173
3259,361
2763,60
3669,638
421,71
2767,647
2285,554
902,608
903,151
900,96
901,281
904,1735
905,147
4422,1846
1842,4893
1841,652
1840,195
1847,127
1846,430
4424,218
1844,826
4959,598
2169,2
2168,73
3251,839
2165,29
4953,648
2167,71
4951,38
4261,499
1940,22
2163,7
2617,238
2616,250
3253,2
2612,812
2611,69
3254,166
3869,5
1947,54
3298,1059
1944,180
1908,280
3295,100
3296,1371
3297,900
3291,36
3292,10
3293,3272
3453,3
3450,138
857,250
850,72
3457,1188
3455,3
3458,1
3459,1938
858,48
859,34
6,145
641,2
4914,18
425,70
811,226
3864,3
1554,6
740,1220
741,3
742,25
743,12
745,3
746,407
749,20
3063,277
3062,3086
3061,41
3060,5
3067,1297
3066,33
3065,2034
3064,148
2947,662
2946,285
3069,799
3068,184
2943,61
2941,198
2940,1332
1050,615
1051,261
1052,9
1055,43
1056,450
1518,43
1058,298
1059,130
718,6
2153,576
1696,1692
1697,916
1694,1239
1695,59
1693,726
1690,8
1691,15
4910,45
715,1
1698,873
1699,63
4310,968
4311,173
618,171
4313,598
4314,128
4315,1
4317,594
4318,369
4319,29
610,99
611,1162
616,1370
617,320
614,19
615,6
4289,43
4911,302
4429,40
3333,624
3119,163
3118,65
3117,204
3116,30
3115,69
4269,8
3112,36
3111,33
2371,6
3330,63
1477,1
1474,9
1478,5
1479,593
3593,848
1306,29
1307,99
1300,3
3335,770
1303,1
3334,143
1308,2
1309,210
4587,66
3590,92
1499,16
4224,593
496,253
4227,145
490,46
4221,71
4222,144
4223,797
24,2004
25,195
26,554
27,40
20,338
21,130
22,411
23,628
2593,868
29,1190
5034,126
5035,44
3939,49
3938,320
3935,48
3934,378
3931,323
3930,16
3933,175
3932,4
5031,1
4139,750
4434,141
4131,1709
4132,1807
4133,535
4134,20
4437,71
3841,42
3842,9
3849,1633
4612,406
4430,57
4923,3089
4433,79
4462,5
874,40
4044,61
4922,181
4046,532
4040,166
4041,195
4042,169
4048,541
4049,7
3266,13
7,6494
1879,10
3664,1587
3667,2221
3666,23
3661,2136
3660,140
3663,2820
3662,5094
2280,853
2281,42
2282,1
2284,48
3668,218
2286,236
4548,258
974,32
4541,1122
4538,2924
4542,6
4545,256
4547,373
4539,487
4828,38
2579,13
2576,4313
2577,12
2574,7
2575,2049
2572,41
2573,138
2570,45
2571,1719
4826,13
2378,143
2379,1
2058,1
2374,47
2375,512
601,33
2370,11
4824,48
2373,63
2594,1007
3592,218
3591,94
4537,265
2590,37
2591,61
5038,33
3594,35
5036,52
5037,100
3599,818
3598,55
5032,161
5033,66
5030,5
4531,30
1876,220
1877,872
1874,422
4436,254
4431,30
1873,6405
1870,705
1871,230
2133,7
4438,47
1082,1141
4945,75
182,2412
4947,332
4946,50
4941,735
971,5
183,2051
4948,253
979,328
978,614
2118,406
2119,871
180,83
181,68
186,8
187,62
184,96
185,4
2110,62
2111,75
188,92
2113,59
2114,835
2115,946
2116,3301
2117,250
2622,153
2627,4
2628,5
2629,2
60,108
1919,2233
1918,277
602,5
3289,219
1911,72
1910,74
1913,1267
3284,130
3283,269
2112,2
1917,4428
1916,2034
869,78
1728,233
189,1
3449,1611
3448,1683
3445,758
3444,1126
3447,22
3446,95
3441,378
3440,508
867,140
866,45
2756,17
2757,4
2754,700
2027,1324
2020,3
2753,6564
2022,118
2751,1269
3144,15
2028,784
2759,601
883,62
882,791
881,221
880,121
887,18
885,1
884,68
4217,5
889,866
888,2768
3148,53
2825,7
1503,20
3970,1
3973,5
775,99
774,166
777,984
776,99
771,23
770,86
773,153
772,742
779,460
778,517
2492,191
77,796
76,318
75,1464
2979,1093
4584,71
70,923
2972,478
2970,466
2971,446
2976,43
2977,241
3050,28
3051,70
1043,230
1042,1827
1040,350
1047,13
1046,326
1045,26
1044,145
4597,11
609,3317
1048,39
2785,1
1681,1426
1680,152
1683,472
1682,143
1685,62
1684,54
1687,68
1686,347
1689,226
1688,164
3983,105
2981,998
4303,47
66,19
3024,1055
4307,68
669,917
4304,321
1263,972
666,4
4309,1754
4308,979
1266,23
661,3
660,1
3287,76
3021,159
3286,3
3020,135
3725,397
3128,86
1912,255
4595,11
3122,79
1915,378
3120,45
3121,91
3126,2267
3127,18
3124,716
3125,69
5029,1
1469,1
1468,208
1465,1800
1464,1141
1467,240
1466,970
1461,647
1460,643
1462,23
1317,3
1316,20
1314,211
1313,104
1312,215
1311,185
1310,675
523,27
5028,19
1318,20
4239,1064
4238,28
4237,5865
4236,3119
4235,189
4234,4397
4233,1721
4232,282
528,34
861,105
3035,3
860,126
863,83
3948,177
319,127
318,1189
313,1595
3941,228
311,90
310,24
3944,930
3945,45
3946,451
314,2315
4216,819
3443,17
4210,1831
4129,64
4128,108
4198,9
4123,65
4122,72
4121,64
4199,99
4126,1187
4125,1429
4124,15
443,14
442,3
2752,3
1337,1
2021,29
1336,131
2750,1037
420,142
4604,6
446,1292
4218,71
1822,3
445,102
1997,149
4052,166
4051,3506
4050,1395
4605,11
2324,38
4059,23
4058,248
405,2
3610,753
2299,191
3613,16
3616,130
3617,667
3618,2453
2292,389
2291,2273
2290,69
2297,7
2296,408
2295,323
2294,112
1049,17
2569,21
2568,123
2140,4
2561,1
2560,30
862,31
2565,725
2564,39
2567,170
2566,899
2369,1243
2368,7
2367,314
2366,2623
2365,2050
2364,13
2363,63
2362,98
2361,45
2360,30
2587,913
2586,490
2585,51
2584,727
2583,102
2582,39
2581,58
5020,1274
5022,1283
402,437
2589,419
2588,766
4441,196
1863,91
1862,24
3728,4611
3729,406
1867,15
1866,171
4448,281
4449,564
3726,43
3727,297
3720,654
3722,38
3723,565
4930,147
4931,880
966,978
967,2956
4934,534
4935,2105
4936,3230
963,33
4938,150
4939,26
969,504
2103,5239
2102,682
2101,410
2100,515
2107,11
2106,19
2105,8
2104,86
2639,2211
400,413
2636,1
2633,11
2632,109
3765,318
3438,31
3439,94
878,237
3093,478
3430,2406
877,557
3432,278
3433,654
1243,31
3436,853
871,391
2037,397
2036,47
2743,727
2034,56
2745,13
4849,71
2031,80
2746,452
9,315
1245,386
4847,1003
4841,266
2039,129
2038,340
890,13
891,233
892,955
893,1176
894,356
895,136
897,12
899,34
646,74
4968,10
649,22
1247,80
1968,6
72,8
3546,139
3234,123
3542,4
3543,103
4369,4
3548,217
3549,125
1616,48
1617,77
1614,22
1788,46
1789,1
2967,10053
1615,45
2961,36
2960,174
2963,48
2962,20
762,495
1781,240
760,267
761,116
766,1167
2968,1172
764,355
1961,955
3049,7
3048,178
3041,125
3043,120
3042,39
3045,55
4495,9
3047,6
3046,1
1078,2
1079,796
1076,33
1077,1193
1074,26
1073,36
1070,41
1071,559
1678,24
1679,1944
1674,9647
1675,1360
1676,2072
1670,518
1671,215
1672,619
1673,64
1094,270
1097,18
678,1782
679,2345
4338,187
4339,394
4336,2
675,1174
4334,493
677,3831
1098,561
671,50
672,374
673,958
3135,98
3134,2712
3137,56
3136,6678
3131,336
3130,195
3133,5
3132,108
3139,14
1418,73
2491,291
1410,307
1411,3
1412,267
1413,345
1414,67
4640,2
1417,500
1322,326
1323,1735
1320,14
1321,188
1326,66
1327,43
1324,4
1325,219
4646,2
1328,16
1329,299
4647,2
4208,207
4209,21
4202,3
4203,123
4200,1854
4201,32
4206,1
4204,908
4205,620
4445,23
1620,3
1256,395
4333,3
1254,134
1255,2106
1520,60
1253,1210
1522,1186
1523,2055
1258,272
3959,485
3958,407
3953,1124
1627,1482
3951,47
3950,1949
304,50
305,569
306,118
307,37
4116,114
4117,73
4114,91
4115,72
4112,359
4113,56
4110,110
4118,19
4119,50
1626,166
2978,70
3340,117
5010,44
5011,7
3059,1
4898,28
3054,33
2472,16
4062,111
4063,1
4060,80
4061,39
4066,2301
4065,530
3052,5
4069,36
3053,5251
2770,46
78,1619
3603,116
3602,495
3601,185
3600,48
3606,1910
3604,108
3609,500
4894,9
5039,248
2358,23
2353,119
2351,517
2356,271
4944,165
2991,66
4453,1
4452,668
4451,80
4457,1637
1899,79
3739,88
3738,352
3737,100
1895,138
4459,12
4458,121
1890,793
1891,475
1892,73
1893,564
959,14
958,1622
4921,240
2135,915
4927,416
4926,508
2130,5
4924,1518
951,152
950,60
4929,688
4928,70
955,461
954,457
957,33
2139,3679
2648,37
2649,595
2784,335
2640,1905
2644,559
2645,185
2647,19
4804,5
2780,351
2994,61
3429,1
3428,691
2783,76
3426,488
3424,66
2002,524
2000,791
2001,6
4588,12
4859,142
4858,1082
4857,62
4856,787
4855,917
2009,30
4581,122
4852,92
4851,1034
4582,53
4413,29
4301,56
4300,63
1856,96
3026,7
4410,215
3555,318
4305,121
3550,407
668,39
667,31
717,1
2997,119
2911,165
1798,1488
2914,236
719,10
2917,319
1793,2054
1792,43
1791,340
714,18
1796,1453
1795,455
915,1
716,3
4966,1308
505,20
1061,110
1060,4
1062,249
4961,229
1669,688
1668,349
1667,42
1666,402
1665,399
4960,1
1663,416
1662,666
4435,158
591,2561
1086,1616
1085,483
592,2803
1083,1362
594,2240
1081,32
1080,3
4320,1
1089,1166
1088,1324
3140,22
3141,200
3142,40
3143,8
2828,258
3145,16
149,6
3147,355
2824,1462
3149,1885
2821,15
2822,42
2823,1
3386,245
3387,323
3383,7
3380,132
3381,609
3388,1895
3389,238
1409,27
1408,130
1403,245
1402,108
1406,449
1405,74
1404,116
4215,128
1025,18
449,135
448,97
2918,13
1338,632
4213,459
4212,6284
1335,306
1334,1381
441,10
440,1550
447,115
1330,2088
1333,5898
444,482
3129,97
4623,52
1542,72
3261,2
39,105
38,241
1540,10
1932,757
32,1402
31,663
30,135
37,48
36,38
35,94
34,144
1537,2308
1536,454
643,4
1242,420
3096,618
3097,3148
647,32
3123,385
1249,205
3098,4
1538,130
339,1774
1935,351
335,272
337,124
336,1801
331,271
330,134
332,2044
4101,49
4100,445
4103,1172
4102,1257
4105,1
4104,542
4108,41
4626,224
4332,85
2032,77
3892,1197
3890,12
3891,25
3896,4
3897,194
3467,53
4079,57
4074,45
4077,176
3375,137
3966,101
3967,1185
3964,38
3962,680
3963,543
3961,1083
3968,664
3969,235
3638,55
3636,3
3637,595
3634,48
3635,1786
3632,115
3633,2
3630,3962
3468,5
4613,964
2345,609
2344,7
2347,1160
2346,392
2341,2123
2340,668
2343,3625
2342,2790
230,651
2349,1
2348,107
231,70
232,197
1350,8
233,6
2067,1
4504,1
1889,293
4469,481
1887,276
1886,460
1885,47
1884,166
1883,76
3704,4
1880,119
2121,635
2120,24
2123,43
2122,176
2125,91
2124,2954
2127,2
949,37
946,953
947,3818
4242,81
945,57
942,753
4913,36
940,707
4663,604
1268,15
2659,107
642,12
2653,114
2652,2174
2651,309
2650,1519
2657,12
2655,237
2654,670
133,31
132,30
3414,1525
130,115
137,21
136,155
3410,4841
134,365
139,126
138,2996
3418,279
3419,22
4868,194
2019,2
4862,702
4863,138
4861,2621
2010,212
4864,992
4865,912
1269,7
3561,32
3034,69
3569,15
1771,682
4484,102
4485,18
4487,2705
4481,238
4482,91
4483,2824
4488,2497
4489,4107
2903,100
2902,1285
2901,1054
2900,9
2907,3
3694,6
2904,2072
704,72
705,5393
706,1150
2908,105
701,2
702,30
703,66
88,42
89,44
86,187
87,41
84,737
85,496
1658,2054
1659,768
1652,30
1651,2
1656,3018
1657,15
1654,24
411,2
587,1
584,8
3037,2
582,6
580,1570
581,131
1993,28
588,21
589,3
3152,44
3151,275
1985,33
3157,1445
3156,691
2839,611
3154,1257
1634,3
3159,150
2834,289
2833,141
2831,169
2830,174
3391,1720
1437,37
3393,183
1435,1526
1432,440
3394,313
3397,931
3396,767
3399,58
1380,20
1438,192
1381,41
4260,185
459,405
4262,396
4263,944
4468,38
4267,21
450,320
451,646
1888,358
1344,498
1345,68
456,5
457,29
1377,359
3702,284
3703,88
1453,10
4464,1306
3701,93
3263,16
3706,155
656,13
3940,578
1500,333
1501,106
3088,327
1504,12
312,1514
3085,15
3084,39
3087,46
1509,471
3081,9
3080,1171
3083,6
3082,70
4668,123
3885,28
3884,320
3887,40
3886,768
3881,1332
3880,4886
3883,502
3882,8
55,3
3888,31
2129,639
4917,96
4666,47
4915,16
2014,8
2814,48
4912,631
2087,28
4662,521
941,22
4000,140
4001,1487
4002,86
4003,46
3971,589
323,64
320,43
3972,191
3977,347
3976,89
3979,9
3978,3
328,7
4942,42
56,13
3625,4
3624,492
1340,302
3626,579
4271,5
2330,17
1595,12
4716,1524
4717,248
2334,61
4711,1
2336,38
1594,51
4718,1968
4719,95
4520,1
1590,219
3715,43
3717,37
4120,1
3712,27
3718,1199
4479,306
4478,305
2955,32
4472,1
4475,1679
4474,66
4477,48
4476,26
4909,319
4908,73
2488,1153
4678,71
2486,575
2487,152
2484,55
4674,65
2482,1
2483,227
2480,17
2481,35
2249,284
2012,48
2246,181
2241,528
2242,49
2243,58
995,2334
994,281
997,3134
996,5572
2460,65
993,5236
2463,14
999,2097
998,690
3401,49
3400,70
123,16
124,200
125,41
126,171
127,721
128,9
129,149
4875,1342
3416,55
4877,63
4876,1248
4871,1079
4870,382
4872,359
4879,78
4878,4
2068,1
3377,74
2798,22
2060,57
2793,334
2790,1313
2063,587
2064,416
2065,41
2794,26
2795,10
521,41
135,147
3373,46
1347,47
3579,175
3578,69
3575,24
3574,83
3577,2626
3571,194
3570,30
3573,45
2666,2507
4496,1527
2664,2055
4494,104
2662,848
2663,566
4491,808
4490,1624
1748,56
2668,114
2669,7785
2934,12
2932,24
2933,1161
2930,13
1836,302
1837,117
2152,36
1646,15
1641,207
1640,15
1643,68
1648,250
1742,1811
1926,76
4365,728
579,1615
578,27
1270,2
4364,111
573,788
572,1366
571,12
577,89
576,75
575,28
574,100
2808,10
2809,44
4361,36
1898,16
3162,89
3163,49
3160,28
3161,128
1848,10
1420,540
1423,90
1422,4
3368,1
3369,1473
1427,4
1426,1204
3364,86
1428,371
3366,733
1163,310
3360,286
3361,394
3363,7
2157,115
735,204
734,135
2402,98
4984,36
4273,242
4272,26
1359,622
1358,30
4277,389
468,1858
4275,144
4274,636
1353,1751
1352,564
467,1632
4278,663
461,240
1356,105
463,11
608,432
4660,12
4989,87
4988,36
4241,4
1273,22
2016,56
1901,46
4867,24
1519,122
2013,23
1515,406
1517,999
1516,89
1511,1
1510,8
1513,52
3395,37
280,284
3187,35
3180,24
3181,114
3182,174
2005,23
3188,270
2069,55
4019,249
4018,1
4013,2621
4017,65
4014,152
357,148
356,482
355,597
354,1001
353,571
351,328
3984,7
3985,6
3986,25
3980,1927
3981,932
3982,76
358,756
2008,126
2298,118
2323,4
4705,1
2320,12
4703,5
4701,35
1446,1384
2329,29
1113,65
4709,1043
4708,1402
289,2467
288,2638
281,1008
1115,1236
283,1471
282,361
285,2667
284,4849
287,34
286,12
3760,447
3761,17
3762,5
1441,79
3767,6
3768,59
3769,21
1116,66
262,85
261,226
260,408
267,535
266,128
265,5
1561,108
268,3
1562,33
2499,443
2498,1867
1563,13
4632,4
4642,1738
2490,10
2493,2152
4641,601
2495,1067
2494,492
2497,701
2496,197
2193,45
1294,299
2257,550
2256,420
2255,1003
2254,2
2253,854
2250,26
2476,61
2475,51
2474,15
4635,664
2471,10
2470,9
980,6
981,257
2479,45
115,11
252,146
117,1237
4090,1379
111,524
110,159
113,17
112,74
118,2654
4800,54
4801,675
2787,9
4803,52
2781,77
4805,27
4806,1156
4807,1032
4808,365
4809,68
4094,40
2788,23
484,64
2070,3
952,193
3501,492
3502,818
3504,366
3505,1208
3506,788
3507,1354
2671,86
2670,891
2673,70
2672,40
2675,63
2674,69
2676,3
2679,32
2678,12
2920,22
2926,10
1208,63
3214,4
1987,19
1633,34
3210,114
1980,468
3213,864
1638,1345
3218,184
3219,42
1988,76
3222,2
2909,333
568,7
569,26
2817,4
2811,574
2810,9
2813,2
2812,18
560,1471
561,101
562,54
563,1843
564,195
565,159
566,125
567,242
3179,17
3170,48
3175,219
3174,28
1188,173
3378,88
1186,387
3376,1222
1184,2219
1185,3326
1182,257
1183,220
1180,20
1181,1717
726,1426
727,601
725,391
722,369
1744,164
1745,453
1746,15
1747,38
1740,1210
1741,1772
728,646
1743,671
1164,56
1165,305
1166,3089
1167,682
1160,42
1161,552
4248,114
4249,56
4246,283
4244,4172
4245,2378
1168,105
4243,238
4240,334
2035,112
4649,2
1488,414
1864,34
47,39
40,55
41,46
1568,162
1569,163
471,8
1293,2018
1290,745
1291,90
1566,1903
1295,3
1360,49
796,48
1361,25
1711,214
5024,74
4739,8
792,67
4399,5644
791,1
4390,7691
4391,1446
4393,178
4394,133
4396,59
472,74
473,239
470,13
3194,41
1362,467
477,982
474,345
475,44
4444,301
479,134
1368,263
1369,131
