1869,32
593,3
1866,89
4026,2
4448,135
4024,118
4025,26
4022,12
4020,3
3725,246
1615,17
643,2
4029,1262
4607,120
966,843
344,123
345,26
346,63
347,4
340,252
341,81
3999,15
3998,23
2918,11
3996,471
3995,143
3993,18
349,77
3990,9
4930,112
457,20
4932,83
4685,102
4935,1150
4732,164
4733,2985
4730,193
4731,860
4736,4
4680,75
4734,607
2319,1337
2316,3
2317,6
2314,1
963,26
2312,91
2313,89
2310,876
2311,712
4831,1
2184,8586
299,129
296,201
297,262
295,56
292,14
4525,2
290,275
3771,191
3770,872
3776,370
3775,1930
3774,2062
3687,263
3686,146
270,440
4654,1140
272,59
273,1643
274,841
275,898
4653,8
277,1979
278,10
279,1412
4836,17
4658,7
2268,57
2269,671
1132,93
2262,394
2263,451
2267,1741
2440,185
2446,2695
2447,657
2444,615
2445,23
109,940
102,322
103,469
100,1
101,17
106,148
107,146
104,75
105,630
4813,2
2047,35
4811,58
2045,186
2043,32
2041,35
2048,382
2049,196
4978,4
3155,57
2737,4
4843,81
4456,78
2835,36
3519,47
3512,4
3511,23
3517,1
3239,1777
3515,485
3514,10
2684,207
2685,19
2686,19
2687,74
2680,10
2681,1
2682,46
1436,13
342,136
1613,100
1437,46
343,31
1434,1
99,11
98,22
91,70
90,160
93,348
92,114
94,1272
1433,5
1991,6
1990,29
1621,330
3204,1200
1627,873
1994,395
3201,69
1996,637
1999,299
1998,1233
1628,2160
3208,5
4526,660
2860,59
2861,613
2862,96
3696,74
559,409
558,362
2866,47
2867,9
2868,261
2869,279
557,41
556,29
551,3
550,1
553,1503
4975,62
1199,893
1198,610
3348,17
3349,43
3342,18
3343,141
1193,11
3341,15
3346,31
3347,354
3344,83
3345,1
3580,8
1758,2
1756,11
1755,3
1754,17
4259,505
4258,92
1175,3
1174,7
1173,48
1172,1
1171,11
1170,48
4251,32
4250,3
4253,359
4255,2291
4254,33
4256,255
4977,66
1006,9
3440,422
1018,45
1285,721
1287,875
1286,169
1281,253
1280,470
1282,509
1003,37
879,74
1289,144
1579,5
1578,12
688,18
877,454
1572,601
1571,256
686,839
1577,63
1576,198
1575,126
682,956
623,1508
875,13
2818,4
622,74
621,405
620,5
4521,13
1223,57
1222,113
4389,387
4388,306
1221,116
2740,2
4382,7
4381,37
4380,30
4387,26
4386,747
406,68
1373,474
1372,1397
1375,194
402,305
401,1366
400,166
1379,43
1362,247
1219,87
629,3
409,10
2032,37
3835,303
453,13
3830,143
2524,23
454,1
2030,113
455,5
4031,207
4033,14
4032,89
4035,55
4034,175
4037,8
4036,8
4039,364
4038,101
4186,198
4737,23
4599,15
2318,2
4735,39
379,120
378,529
4842,40
371,117
370,195
373,10
372,112
375,453
374,7
377,32
2333,11
1244,4
392,21
391,407
390,118
396,13
395,143
394,6
398,7
895,29
2309,1648
2308,2821
4729,373
4728,173
4725,43
2300,1321
2303,333
4726,140
2305,798
4720,303
4723,14
2306,2286
4676,1
3748,61
3746,572
3747,4
3744,4
3745,185
3742,12
3743,187
3740,71
3741,1872
245,251
244,6
247,11
246,117
4624,1266
4625,77
243,281
242,104
4629,13
249,57
248,72
2275,10
2274,162
2270,19
2273,1217
2272,2
2279,9
2278,8
2154,83
2459,12
2458,10
2454,32
2456,7
2451,75
2453,167
4980,31
179,16
178,266
173,189
172,404
171,109
170,57
1502,8
2053,817
2052,1130
4538,2143
2054,748
2057,187
2056,551
4826,20
3691,259
4536,3079
4825,353
3694,5
3695,305
4532,453
4821,2
2156,124
653,2
1110,197
3526,159
3527,2398
3524,168
3523,45
4916,3
3529,6
271,236
4657,3
3594,37
1977,279
2699,30
2698,2266
2696,29
2695,20
2694,10
1226,133
4928,45
3226,11
3221,16
4652,16
4984,10
3220,34
3672,43
1971,278
3673,586
4554,141
3671,19
3236,1431
3237,57
3234,61
1619,19
1964,500
1617,94
3238,1980
1967,76
1961,798
1962,590
1963,335
3674,92
3675,36
2872,9
2871,1813
2870,13
2877,90
2876,236
2875,2178
2874,389
4986,116
2879,7
2878,1
3354,9
3356,9
3351,68
3353,71
3352,569
3359,1221
3358,215
4835,5
1768,334
1361,11
1760,9
1142,1476
1143,5
1140,4
1146,828
1147,1
1144,268
1145,25
1148,3
1149,223
768,9
696,1787
694,54
695,6
1548,88
1549,80
542,102
1780,17
540,620
541,10
546,757
547,472
548,588
1786,4
1787,12
4631,3
4531,8
3882,1
414,17
415,2
416,37
417,29
410,180
1389,1367
412,230
413,292
1384,152
1385,10
1386,24
1387,118
1380,32
419,16
1382,729
1383,57
3827,114
3826,178
3825,78
3822,31
3821,335
2769,2
3828,202
2768,7
3585,6
4282,20
4280,346
4286,222
4287,25
4284,116
4285,31
4288,3
4289,53
368,63
369,51
366,84
367,22
364,37
365,27
362,246
363,9
360,1
361,1065
380,604
381,129
382,95
383,22
384,6
385,61
387,80
388,619
389,176
4758,1
4750,497
1772,4
4754,46
4755,19
4756,65
4757,80
3759,1488
3758,4
4664,285
3751,3
3750,103
3753,378
3752,2
3755,2
3754,178
3757,7
3756,1338
2190,113
2191,428
258,90
259,190
4636,191
2196,3422
4634,280
252,125
2199,9
251,268
256,61
257,10
254,150
255,146
2200,10
4665,17
2204,286
2205,218
2206,220
2207,130
2208,178
4701,19
680,1779
5006,3
2428,12
2429,1
2420,2
2421,194
2422,6
2423,191
2044,561
2426,6
2427,560
4329,1
2791,775
168,5326
169,186
164,82
165,2038
166,2409
167,181
161,858
162,214
163,1863
4839,1
3689,1717
3683,1370
3682,16
3681,73
3680,11
4523,370
4522,317
3685,175
3684,561
4422,1562
4423,4
2514,1363
2515,131
2517,120
2510,65
1841,370
2512,10
2513,53
2734,82
2735,2
2736,658
1840,107
2730,776
2732,3
2733,155
2738,5
2739,107
3531,135
3533,84
3532,5
3535,221
3534,86
3537,8
3539,508
1090,10
4425,88
679,770
1816,268
1817,209
1810,5881
1811,5152
1812,513
1813,11
1093,233
1818,827
1819,1310
675,851
676,878
3586,6
677,1321
1098,354
671,59
2128,1
4952,26
4953,371
4331,7
2167,17
4951,35
1979,502
1978,196
3225,891
1976,274
1603,543
1974,1779
1605,1453
1604,5
1607,91
1606,3422
809,228
803,84
802,67
801,271
800,45
804,392
2848,63
2849,51
2846,2209
2847,620
2845,2142
2840,65
2841,174
3320,1049
3321,920
3322,189
3323,84
3324,146
3326,45
3327,52
3329,24
322,18
1771,486
1848,8
1779,436
1778,74
2806,5
2998,65
1159,1
324,128
1550,113
1154,5
1157,531
325,43
1151,232
1150,68
1153,128
1152,107
59,19
1554,8
1551,5
2999,116
1553,86
1552,5
3038,132
58,7
1556,4
2990,187
2991,19
3036,62
2993,592
3030,5802
2995,9
2996,512
3033,52
537,2119
536,229
535,518
531,4937
530,258
539,304
538,173
4691,68
2994,8
3032,9
52,80
428,619
421,31
420,40
1395,1036
422,566
425,72
424,27
1391,24
1390,756
3812,24
3813,177
3810,147
3811,279
3814,286
3818,264
1600,32
3451,17
850,30
4299,697
4298,1006
4295,1
4294,27
4293,15
4292,3
3516,212
1321,219
4749,28
4552,29
4743,20
4742,14
4741,292
3474,31
4747,64
4746,3
4697,1
4714,7
2331,29
2183,728
2182,336
2181,77
2180,758
2187,64
4696,6
229,199
4609,223
4606,208
226,41
2189,259
2188,569
4602,25
4603,781
4600,9
4601,26
2210,17
4712,52
2219,1759
4713,1
1845,55
150,56
155,7
154,1
157,213
2433,1035
158,227
2431,37
2430,205
2435,401
2434,694
4519,216
4512,95
4513,1
4510,198
4511,876
4517,92
4515,510
2509,41
2508,266
2507,21
2506,1
2505,300
2504,149
2503,171
2502,307
2501,2418
2500,897
2726,497
2725,13
2722,944
2975,31
1712,21
5045,78
5044,166
5043,105
5042,121
5041,1033
5040,45
3783,649
1805,101
3781,15
3786,134
3784,691
3785,137
3788,32
3789,16
4996,654
4997,253
4990,7
4991,604
4998,17
4999,2403
632,611
3258,350
3259,197
1948,2190
1949,4
3250,1
3251,118
1940,32
1941,98
3254,133
1947,50
1944,130
3257,1
818,17
810,103
811,165
812,11
1521,33
2859,10
2858,658
1250,8
1622,3
2851,542
2850,17
2853,644
2852,148
2855,1271
2854,184
2857,852
1490,113
1397,1500
1492,200
1992,102
3337,4
1495,5
1496,1475
1497,1146
1498,801
3203,385
3339,14
3338,39
423,25
3202,91
1702,24
1703,48
1704,91
1625,323
4641,53
1707,210
1708,49
1709,71
1168,86
3200,11
2097,24
1392,66
427,9
3658,51
426,8
237,6
2708,1
3659,3022
1128,107
1129,58
4576,24
1120,8
1121,25
1122,15
2092,479
1127,3
2989,23
2988,3492
3028,332
2982,80
3025,3959
2980,122
3023,28
2986,572
2985,862
2984,333
3953,1142
520,178
1019,46
522,457
523,4
1014,24
1015,62
1016,600
1017,128
1010,1718
1011,175
1012,384
1013,43
1234,255
1235,94
1236,213
1237,220
1232,158
1233,329
4196,18
3957,120
4194,52
1238,398
4193,145
4190,177
3956,397
4358,852
4359,85
4355,6
4357,712
4350,325
4351,53
4678,41
4677,32
1341,33
439,201
436,361
437,122
434,15
432,1396
433,2
4674,38
3808,701
3805,1322
3804,97
3807,58
3806,87
3800,59
3803,10
2864,2
4849,29
2865,13
555,690
51,13
4774,87
4772,670
4773,42
2085,20
4778,819
1623,2
4175,49
4176,503
4177,63
4170,5186
4171,333
4172,22
2700,616
3060,7
2464,6
2949,23
2465,6
4918,4
2948,38
3161,91
4618,227
4611,1237
4610,32
4613,862
4612,418
230,422
4614,2479
232,108
4616,134
2944,295
993,3363
2229,73
2226,98
2227,5
2225,224
2222,1
2223,146
2220,1396
2221,505
1,44
4880,73
133,22
4882,1
146,9
144,63
142,3
140,47
148,49
149,4
4505,612
4504,1
4507,2179
4506,4134
4501,55
4509,338
4508,2
2088,2
2089,3
121,3
1057,66
3092,950
1431,4862
2538,183
2539,22
2532,51
3224,4
2530,14
2531,8
2536,316
2537,454
2534,8
2714,721
2715,274
348,22
1830,113
3799,95
3798,1676
1834,2639
1835,1660
3795,21
3794,194
3796,84
3791,2
3790,51
3793,84
3792,148
2406,124
2407,115
2404,161
2405,1765
2150,708
2403,408
2400,429
2153,285
933,417
932,145
2158,83
2159,940
2408,693
934,1523
1955,10
1954,142
1957,32
1956,292
1953,232
1952,599
1829,76
1959,974
1828,12
3249,30
3248,70
3242,249
3241,353
3240,36
3247,31
3246,8
3245,183
228,317
828,127
827,7
826,7
3693,14
1176,2
4312,111
1820,54
227,78
1482,1
1480,123
1487,23
4402,1
1485,221
3309,861
3306,19
3304,76
3305,63
3302,116
3300,14
3301,424
797,128
2411,178
795,346
1710,42
1717,10
792,23
2146,274
1719,74
799,243
798,132
612,28
2415,11
1854,20
1272,4
4362,29
1139,7
1273,7
2417,15
1133,230
1995,265
1131,424
2140,2
1137,1479
1135,16
1134,84
2419,141
4061,16
614,22
2061,79
4976,2
3018,281
3019,444
4328,13
2064,315
3016,125
3017,27
3014,315
3015,8
519,50
518,41
4972,1
1007,11
510,3243
1005,53
4973,19
515,559
517,1431
516,16
1227,227
4188,1554
1225,2093
1224,462
627,131
626,579
625,2188
624,1281
4181,32
4183,161
628,40
4185,89
1228,1180
4349,303
4347,180
4346,52
4342,7009
4341,261
4340,271
2882,249
2883,112
2880,120
2881,684
2886,151
2884,483
2885,554
2888,29
2889,170
2,4
3878,2
3879,292
1561,123
3870,69
3871,235
3872,198
3873,166
3874,14
3875,84
3876,22
3877,944
13,16
12,5
15,9
14,146
17,10
16,3
19,10
18,21
3118,51
3274,36
3275,1
3272,2
1925,2
3904,127
3905,74
3906,248
3901,101
3902,20
3952,8
1927,258
3908,18
4620,67
4765,312
4764,692
4166,8
4161,857
4160,14
4169,1828
1534,6
3090,2
201,366
200,18
203,144
202,211
205,607
204,70
207,1
206,13
209,406
208,3
2745,5
4553,286
831,61
684,931
3191,23
687,456
2239,18
2238,352
1570,3495
2230,261
2233,53
2232,60
2235,1
2234,30
2237,98
2236,70
683,1748
2185,539
3496,8
3497,5
3495,5
3492,4
3491,3
2095,4
2094,20
4572,29
2096,110
2091,12
4575,455
2093,423
4577,355
3654,1
3655,186
3657,33
2099,172
225,125
3652,387
3653,246
2525,16
4497,1
2527,931
2526,94
2521,68
2520,149
2523,11
2667,299
1303,2
2529,182
2528,891
4494,96
2662,468
4492,821
4888,13
2660,103
2705,11
2704,34
2707,57
2706,66
4885,241
2703,5
4887,41
4408,213
4409,148
2951,7
1825,30
1827,106
4407,201
4401,924
1865,11
4403,6
2147,3582
2410,91
2145,8
2144,617
2143,105
2142,1663
2141,1797
2416,3
4974,58
2418,268
922,605
923,337
924,1019
4971,3965
2149,15
2148,167
1920,2137
1921,12
1922,726
1923,2
1924,213
3273,28
3270,99
3271,272
1928,5764
1929,2391
3278,11
3279,229
832,46
830,14
3477,15
3470,1437
3471,2399
3472,501
3473,120
838,1062
839,38
3479,21
3,9
1138,4
2315,4
3319,247
4249,35
2511,68
3310,1886
3313,531
3314,37
3317,124
784,26
785,449
786,551
780,161
781,29
782,370
1729,440
1726,17
1727,1464
1724,85
1725,33
1722,79
1723,26
1721,27
3005,204
61,90
3000,113
3003,65
3002,632
69,1
3009,97
3008,1
1588,61
1589,102
1370,13
1582,919
1583,29
1580,296
1581,290
1586,135
1587,15
1584,30
1585,136
159,25
1038,11
404,1960
508,177
509,136
1032,523
1030,12
1031,1433
1036,280
1037,4
1034,514
1374,113
1212,40
631,31
1210,78
1211,135
1216,1820
1217,70
636,26
1215,427
639,85
1218,72
1376,72
1647,5
4378,46
1394,2
4372,27
4373,20
4370,1543
4371,9
4376,1
4377,509
4374,79
4375,1
3942,21
2898,381
2894,31
2897,1248
2896,78
2891,15
2890,30
2893,206
2892,829
1106,2247
1107,2
1104,1089
1457,3
1450,298
1103,140
1100,210
1101,160
1898,14
408,2
1459,765
1108,5
1109,168
4082,6
3868,32
4084,1592
4085,14
4086,984
4087,288
4089,77
3867,22
789,235
3737,27
1895,128
681,812
3733,125
3732,237
3731,338
1893,239
3917,795
959,10
3915,64
3913,129
3912,46
3911,592
3910,46
4921,125
3919,9
3918,595
4920,21
4798,350
4799,55
4927,333
4791,182
4792,423
2133,5
4150,71
2945,358
4156,12
4157,18
1393,10
2131,11
4338,197
953,6
216,80
217,32
214,407
215,521
212,54
213,204
210,2
211,32
218,336
219,31
920,5
3094,18
4837,6
2139,2077
4,1612
3488,19
3482,89
3485,45
3484,2
3486,51
4563,144
938,8
4560,162
4567,352
4566,720
4565,1003
3645,1
3644,334
3643,347
3642,2049
3641,933
3640,424
2550,141
2551,668
2552,3
2554,1
2555,2
2556,2
3004,13
2559,9
3595,22
2396,235
2397,163
2394,71
2395,85
2392,57
3075,6
2391,1057
2399,171
5010,21
2779,388
640,12
4898,8
5014,685
5015,428
5016,2102
5018,809
2771,108
67,125
2774,33
2775,464
2776,10
4894,6
667,28
4901,391
72,15
1858,355
3281,52
921,3
1850,127
1851,14
1852,149
1853,330
4271,1
1855,3
4411,211
1857,552
2172,27
2171,112
2176,6
2174,44
2175,120
4967,2146
914,1724
4965,84
4964,352
4963,298
4962,16
913,806
912,425
2604,20
2605,40
3280,51
2607,98
2600,1
2601,33
2602,36
1420,150
1933,322
3260,135
1931,29
3262,675
1937,155
1936,11
3267,443
1934,1115
3269,50
3268,157
1939,89
1938,215
1348,27
458,104
3369,801
847,928
3466,843
843,247
842,9
841,5
840,166
849,785
848,503
241,78
3365,19
376,1
2050,3
3035,4
3361,239
1738,63
1731,45
1730,70
1733,25
1732,330
1735,1
1737,55
1736,38
732,3
753,2462
752,271
751,24
750,40
757,74
756,280
755,63
759,6
3070,296
3071,41
3073,145
2958,4859
1590,95
3077,56
2954,3
1194,4
2956,129
2957,149
2950,26
1598,297
2952,82
2953,25
1025,6
1024,10
1027,340
505,14
1021,423
1020,114
1023,78
1022,9
1029,67
1028,5
4045,13
1035,291
605,113
604,106
607,164
1209,197
4360,188
603,1114
1213,89
1205,23
1204,234
1207,47
1206,14
609,2197
1200,263
1202,16
4270,10
3997,8
4277,249
4276,1080
3105,468
3107,697
3101,883
3103,795
1353,1523
1113,38
1444,165
1443,1735
1114,653
1117,1215
1352,409
1119,57
1118,38
4278,450
1351,16
1449,515
4093,42
4092,346
4091,1638
466,823
4097,85
4859,107
4095,230
4094,29
461,131
4099,435
4098,59
450,145
460,3
4857,52
489,327
488,2633
487,58
486,2
485,44
462,282
483,1
4855,880
481,44
480,3
4586,23
4853,93
790,1
2301,5
3705,63
4582,207
3923,1075
3920,85
2302,56
3299,2
3927,36
3924,1300
4721,86
3928,279
3929,24
2304,58
2307,2382
4787,102
4786,11
4784,667
4783,4
4782,35
4781,173
4780,3
4149,40
4143,7
4142,518
3857,979
3854,191
3855,14
3853,104
3850,58
3851,781
1595,14
3858,34
2661,1
619,1
198,263
195,301
197,262
196,578
191,217
190,534
193,43
192,1249
3678,8
4558,655
4559,111
4556,163
4557,97
3670,32
4555,1902
3676,136
3677,370
4550,481
4551,731
2543,1247
2540,221
2545,99
2549,17
2381,3007
2383,2488
2382,377
2385,4
2384,244
2387,19
2386,475
1102,24
1451,165
5003,277
5002,33
5001,574
5000,25
3584,86
1452,854
5005,102
3587,6
2763,29
2284,54
5008,47
2767,304
3668,111
902,433
903,110
900,44
901,190
904,1282
905,97
1843,193
1842,3655
908,559
909,955
1847,104
1846,153
4424,191
1844,508
4959,349
2169,2
2168,47
1943,37
2165,8
2164,2024
4950,467
2166,12
4261,224
3252,74
2163,2
2617,229
2616,165
2612,687
2611,37
1946,352
3869,1
3255,472
3298,831
3256,199
1908,195
4540,15
3294,3
3295,49
3296,571
3297,304
3291,21
3292,6
3293,1991
3453,2
3450,80
857,153
3456,728
3457,241
3458,2
3459,383
858,55
859,26
6,42
641,3
740,821
741,4
742,19
743,41
745,2
746,389
749,19
3063,238
3062,599
3061,17
2913,1
3067,898
3066,43
3065,2451
3064,77
2947,584
2946,239
3069,284
3068,183
2943,111
2941,181
2940,701
1050,523
1051,201
1052,9
1055,49
1056,242
4810,2
1058,234
1059,73
718,6
1696,1098
1697,797
1694,883
1695,59
1693,528
1690,3
1691,7
4910,77
1698,565
1699,54
4310,526
4311,143
618,113
4313,541
4314,118
4317,486
4318,310
4319,26
610,83
611,1159
616,945
617,193
4268,9
615,14
4429,34
3333,307
3119,119
1491,152
3117,177
3116,12
3115,40
4269,10
3112,18
3111,48
3330,44
1474,31
1478,37
1479,482
2594,896
1306,23
1307,36
3335,471
3592,131
3334,114
1308,1
1309,59
3590,71
1499,10
4224,391
496,115
4227,139
490,52
4221,36
4222,64
4223,467
24,1566
25,102
26,369
27,30
20,231
21,81
22,705
23,276
5039,245
29,858
2591,30
4527,6
5034,76
5035,21
3939,65
3938,237
3935,41
3934,251
3931,221
3930,6
3933,141
3932,3
442,1
1705,347
4464,125
4139,456
1601,12
1877,501
4131,1182
4132,1304
4133,355
4134,13
4135,47
3841,4
4436,127
3849,886
4430,47
2136,47
1870,256
4432,2
874,33
4044,57
4922,138
4046,264
4040,129
4041,157
4042,101
4048,438
4049,2
3266,11
7,3318
3664,1360
3667,1574
3666,12
3661,1888
3660,97
3663,2405
3662,3636
2280,58
2281,8
3669,356
2285,507
2286,128
4548,178
446,668
4946,34
4541,546
2055,114
4542,4
4545,197
4547,272
4539,317
3921,1
4828,18
2576,3904
2577,9
2574,7
2575,1468
2570,12
2571,1105
3690,57
2378,64
2379,2
2374,29
2375,457
4824,21
3593,595
1087,2492
3591,33
4537,183
2590,19
3596,146
2598,159
2593,579
5036,157
5037,60
3599,716
3598,24
5032,143
5033,54
5030,5
4823,2
1876,101
4434,95
1874,378
1084,300
4431,17
1873,4970
4433,83
1871,131
4438,35
1082,831
4945,25
182,796
4947,109
974,23
4941,598
971,6
970,344
4948,114
979,181
978,466
2118,259
183,800
180,51
181,34
186,38
187,43
184,27
2110,108
2111,66
188,18
189,9
2114,423
2115,684
2116,2125
2117,154
2622,126
2627,7
1614,6
2628,2
2629,2
60,79
1919,1169
1918,201
3289,203
3287,40
1910,124
1913,985
3284,107
1915,360
1914,2
1917,2919
1916,1909
869,50
1728,88
2113,19
3449,1102
3448,1333
3445,456
3444,758
3447,38
3446,84
3441,317
864,1937
867,100
866,35
2756,13
2754,254
2027,973
2752,12
2753,2005
2750,823
2751,756
3144,7
2028,688
2759,252
883,40
882,622
881,109
880,74
884,36
889,681
888,2122
3148,35
1503,33
3970,1
131,13
3973,1
775,48
774,133
777,499
776,65
771,17
770,41
773,80
772,505
779,256
778,519
77,675
76,223
75,907
2979,796
4584,4
70,531
2972,320
2970,267
2971,418
3052,14
2977,162
3050,16
78,1172
1043,226
1042,1255
1041,1
1040,277
1047,9
1046,261
1045,38
1044,189
4597,8
1049,1
1048,18
1681,1073
1680,95
1683,428
1682,97
1685,34
1684,36
1687,55
1686,274
1689,153
1688,124
3983,49
2981,930
4303,43
4301,59
4300,53
4307,49
669,612
4304,200
1263,271
666,8
4309,1303
4308,643
661,3
660,8
1911,63
3021,81
3286,1
3020,99
3128,87
1912,191
4595,9
3122,88
3283,181
3120,30
3121,227
3126,1102
3127,3
3124,783
3125,60
1469,1
1468,149
1465,1049
1464,908
1467,108
1466,521
1461,329
1460,376
521,36
1317,2
1316,10
1314,190
1313,120
1312,159
1311,228
1310,265
5028,53
1318,8
4608,1688
4239,741
4238,15
4237,1331
4236,1443
4235,126
4234,2760
4233,1567
4232,295
2460,23
528,21
861,73
3123,259
860,251
863,35
3948,158
319,49
318,515
3940,550
312,1769
311,67
310,19
3944,889
3945,87
3946,3459
314,1766
448,53
3443,6
4210,3092
4129,72
4128,77
4198,12
4123,43
4122,28
4121,16
4199,121
4126,428
4125,893
4124,11
443,37
4197,136
2020,8
2021,15
1336,35
2022,25
4495,2
4604,3
4218,87
445,69
1997,84
4052,79
4051,2570
4050,973
4605,4
2324,26
4059,3
4058,63
405,1
4361,39
2690,1
3610,819
2299,85
3613,8
3616,27
3617,396
3618,1509
2292,326
2291,1636
2290,39
2297,11
2296,291
2295,275
2294,107
3842,5
2569,4
2568,64
2561,2
2560,35
862,27
2565,448
2564,11
2567,112
2566,586
2369,1131
2368,1
2367,185
2366,420
2365,766
2364,8
2363,10
2362,14
2361,24
2360,27
2587,454
2586,297
2585,98
2584,558
2583,80
2582,30
2581,43
865,758
5022,413
5024,96
2589,276
2588,373
4441,94
1863,33
1862,32
3728,2979
3729,270
1867,14
280,110
3724,822
1868,1761
3726,52
3727,251
3720,158
3721,2
3722,24
3723,369
964,361
4931,667
4684,47
967,2213
4934,298
961,35
4936,2814
4937,9
4938,143
4939,10
969,503
2103,7307
2102,522
2101,381
2100,260
2107,5
2106,73
2105,7
2104,63
2639,2689
2633,9
2632,9
3438,23
3439,26
2955,27
878,150
1536,304
3430,1496
3431,63
3432,216
3433,560
1535,3
3436,718
871,187
2037,299
2036,49
2743,539
1242,293
4596,4
2744,282
2031,48
2746,222
9,212
1245,293
4847,770
4841,173
2039,54
2038,231
891,131
892,685
893,382
894,74
1247,48
897,1
899,15
1246,28
4968,17
783,47
1249,117
1968,12
3546,99
1618,54
3542,2
3543,24
3548,150
3549,92
1616,20
1965,65
1966,88
1788,41
2967,5907
2966,778
2961,13
2960,127
2962,9
762,264
1781,80
760,210
761,109
766,845
2968,762
764,180
765,2732
3049,3
3048,116
3041,27
3043,32
3042,29
3045,14
3044,74
3047,1
3046,1
1079,188
1076,28
1077,375
1074,6
1073,13
1070,34
1071,332
1679,1743
1674,4138
1675,919
1676,1572
1670,276
1671,95
1672,413
1673,22
1094,131
1097,31
678,518
1091,2249
1092,406
4339,252
4336,13
4337,81
4334,312
4335,461
670,373
1099,419
672,267
673,687
3135,33
3134,1571
3137,29
3136,3106
3131,170
3130,140
3133,11
3132,37
3139,5
1418,48
1419,534
1410,247
1411,6
1412,196
1413,216
1414,42
4640,8
1417,331
1322,180
1323,1113
1320,11
644,38
1326,28
1327,3
1325,146
4646,1
1328,8
1329,256
4208,81
4209,11
4202,1
4203,79
4200,881
4201,32
4206,1
4204,486
4205,326
4445,19
1620,2
1256,225
1254,66
1255,1722
1520,19
1253,846
1522,608
1523,442
1258,193
3959,243
3958,265
300,97
301,82
3951,13
3950,1402
304,53
305,487
306,58
307,39
4116,38
4117,22
4114,23
4115,28
4112,142
4113,39
4110,85
1792,21
4118,4
4119,10
1626,116
2978,50
3340,45
2778,5
5011,5
3054,23
4449,329
2472,5
4062,66
4060,30
3055,1
4066,1441
4065,176
2976,8
4069,13
3053,982
2770,39
3051,51
3603,83
3602,345
3601,126
3600,20
3606,1664
3604,79
3609,592
5038,10
2777,313
2358,36
2353,86
2351,566
2356,181
4944,295
4452,377
4451,64
4457,1607
1899,76
3739,34
3738,242
1894,8
3736,851
4459,11
4458,107
1890,467
1891,326
1892,78
3730,994
4923,2868
958,1194
2134,80
2135,490
2132,98
4926,324
2130,54
4924,1112
951,71
950,64
4929,585
952,92
955,280
954,287
957,36
956,885
1442,2
2648,56
2649,281
4801,401
2640,2040
2644,372
2645,129
2646,4
2647,3
1441,48
2780,179
3428,473
2783,46
2137,10
3426,276
3424,19
2002,436
2000,666
2001,2
4589,2
1440,1
2004,37
2005,21
4585,26
4856,583
4587,47
2009,44
4581,101
4852,95
4851,493
506,31
4413,24
1268,18
1856,71
3026,16
4410,95
3555,202
4305,72
3550,269
2491,235
668,22
4942,12
2997,45
2911,37
2912,1
1798,1140
2914,115
719,9
2917,221
1793,1314
2919,55
1791,227
714,28
713,2
1796,457
1795,261
1794,4
3024,363
4966,417
1524,7
1061,66
1060,1
1062,145
4961,144
1669,435
1668,81
1667,11
1666,290
1665,271
4960,4
1663,265
1662,377
4435,159
591,802
1086,1258
1085,327
592,945
1083,841
594,457
1081,23
1080,3
1089,666
1088,916
3140,21
3141,144
3142,4
3143,3
2828,158
3145,12
3146,10
3147,262
2824,711
3149,1412
4621,45
2821,12
2822,12
2823,5
3386,141
3387,136
3383,6
3380,57
3381,344
2603,10
3388,951
3389,211
1409,10
1408,94
1403,174
1402,97
4437,41
1406,141
1405,17
1404,29
4215,57
449,495
4216,458
1338,233
4213,447
4212,4484
1335,134
1334,1008
441,26
440,1106
447,34
1330,1452
1333,3679
444,301
3129,89
4623,41
1542,84
39,122
38,158
1540,11
1932,514
3909,15
32,856
31,419
30,81
37,12
36,25
35,56
34,36
1537,1388
3093,323
1243,6
642,9
3096,531
3097,2312
647,34
646,78
649,13
2060,59
3098,10
1539,1
1538,46
339,1200
338,18
335,203
337,85
336,1113
331,118
330,82
332,929
4101,48
4100,294
4103,818
4102,894
4105,2
4104,366
4108,33
543,28
4626,126
3377,19
4332,7
3892,1064
3890,4
3891,13
3896,5
3897,162
3467,14
2119,525
4619,10
4079,19
66,10
4074,14
4077,36
4071,1
3375,67
3966,112
3967,735
3964,5
3962,436
3963,247
3961,780
1462,7
3968,452
3969,153
3638,46
3636,5
3637,370
3634,24
3635,1193
3632,43
3630,2953
3468,5
236,94
2345,320
4524,116
2347,911
2346,285
2341,1990
2340,516
2343,4103
2342,4511
4615,270
2349,9
2348,87
231,25
4617,149
1350,9
233,2
2344,8
2067,3
1889,133
4469,415
3702,190
3703,58
3700,376
1884,115
1883,23
3704,1
1880,105
2121,163
2120,18
2123,6
2122,49
4668,46
2124,2224
2127,4
949,20
946,657
947,2601
4666,24
945,40
942,553
4913,33
940,541
4911,240
2155,59
2659,99
2653,39
2652,1462
2651,133
2650,795
2657,14
2655,113
2654,238
3416,91
132,36
3414,913
130,65
137,9
136,140
3410,3236
134,233
139,109
138,1299
3418,287
3419,8
4868,24
2019,4
2015,57
4863,74
4861,2027
2010,184
4864,517
4865,539
3561,11
3034,53
3569,6
4484,74
4485,12
4487,1911
4481,125
4482,58
4483,1938
4488,1897
4489,3181
2903,53
2902,999
2901,824
2900,6
2907,2
2904,809
704,5
705,2014
706,886
2908,39
701,4
702,26
703,3
1935,301
88,14
89,30
4793,2
86,153
87,33
84,561
85,313
1658,1040
1659,284
1652,17
1656,2322
1657,14
1654,7
411,13
584,8
3037,3
582,10
580,1222
581,105
1993,39
588,11
589,1
3152,25
3151,201
1633,23
3157,809
3156,470
2839,802
3154,808
2837,1
2836,15
3159,24
2834,153
2833,76
2831,71
2830,85
3391,1646
3390,1455
3393,160
1435,780
1432,350
3394,228
1430,79
3396,643
3399,47
418,214
1438,172
1381,34
4260,465
459,268
4262,213
4263,482
4468,50
1888,232
4267,24
1340,173
451,319
1343,138
1344,200
1345,29
456,3
1347,14
1377,212
1887,168
1886,153
1453,1
1885,26
2157,93
3701,102
3263,2
3706,98
656,23
313,2054
1500,65
1501,64
3088,243
1504,9
3941,123
3085,12
3084,15
3087,11
1509,283
3081,2
3080,610
3083,3
3082,82
2125,128
3947,4
3885,15
3884,126
3887,11
3886,293
3881,951
3880,3030
3883,205
4862,255
3888,21
2129,485
4917,69
4914,11
4915,17
2014,7
2814,35
4912,527
2087,21
4662,268
941,17
4000,32
4001,607
4002,34
4003,3
3971,439
323,39
320,9
3972,136
3977,197
3976,93
3979,4
328,7
3624,424
3626,394
2533,32
2330,18
4715,71
4716,737
4717,124
2334,62
4711,1
2336,22
1594,30
4718,1306
4719,45
2959,148
3715,35
3717,14
3713,2
3712,18
3718,362
4479,236
4478,249
3079,21
2013,27
4475,1306
4474,42
4477,46
4476,23
4909,339
4908,128
2488,727
2489,12
2486,436
2487,223
2484,32
2485,25
2482,7
2483,102
2480,18
2481,30
2249,254
2012,13
2246,97
2241,367
2242,36
2243,59
995,2009
994,220
997,2646
996,4133
991,80
2462,46
992,41
999,1762
998,659
3401,29
3400,37
1026,67
124,61
125,28
126,32
127,355
128,8
129,111
4875,894
4874,8
4877,30
4876,923
4871,772
4870,86
4872,293
4879,26
4878,4
2068,2
2069,6
2798,10
1187,6
2792,325
2793,164
2790,822
2063,527
2796,55
2065,56
2794,12
2795,14
3374,4
135,108
3373,64
1849,20
3579,137
3578,63
3575,22
3574,60
3577,1631
3571,128
3570,14
3573,17
2666,854
4496,1083
2664,1042
2665,672
4493,28
2663,384
4491,874
4490,1380
722,330
2668,86
2669,3545
2934,22
2932,10
2933,365
2930,21
1559,7
1836,195
1837,55
2152,45
1641,34
1640,11
1643,21
1396,1600
1648,153
728,119
1252,83
1926,187
4365,619
579,1177
578,14
4364,101
573,577
572,1072
571,8
577,73
576,47
575,11
574,39
2808,1
2809,18
601,23
3162,140
3163,48
3160,4
1208,29
4981,45
1423,73
3368,2
4363,147
1427,2
1426,1098
3364,36
1428,309
3366,484
3367,12
3360,207
4983,42
3363,2
4982,32
735,163
734,79
2402,74
2151,1
4273,71
4272,34
1359,350
1358,32
469,22
468,1573
4275,50
4274,580
465,129
464,870
467,1417
2401,683
1357,10
1356,70
463,8
608,351
4660,1
4989,72
4988,27
2016,31
1901,3
4867,32
1519,45
1518,17
1515,123
1517,671
1516,41
1510,13
1513,17
4753,3
3395,27
1004,1
3187,9
3180,21
3181,120
3182,65
4858,713
3188,64
3397,722
4019,188
4018,3
4013,1977
4017,41
4014,43
357,80
356,307
355,365
354,571
353,736
351,402
3984,6
3985,7
3986,5
3980,1503
3981,676
3982,58
358,526
2008,129
2298,77
2320,21
2325,84
1446,1219
2329,14
1445,23
4709,1080
4708,2106
289,970
288,1094
281,512
1115,811
283,1101
282,214
285,1998
284,3855
287,27
286,21
3760,232
3761,12
3765,200
3767,2
3768,31
3769,12
1116,63
262,44
261,174
260,279
267,330
266,80
265,6
1293,1241
269,3
268,5
1562,22
2499,482
2498,1451
4649,2
4632,1
4642,953
2490,4
2493,1533
2492,121
2495,737
2494,281
2497,547
2496,207
2193,71
1294,199
2257,480
2256,255
2255,591
1295,4
2253,562
2250,20
2476,39
2475,26
2474,13
4635,359
2471,16
2470,9
980,10
981,147
2479,22
115,6
2198,958
117,908
4090,944
111,471
110,155
113,4
112,40
118,1800
4800,29
2784,162
4803,44
2781,57
4805,18
4806,688
4807,619
4808,283
4809,29
2788,15
484,32
3501,304
3502,629
3504,254
3505,858
3506,166
3507,1416
2671,66
2670,755
2673,35
2672,30
2675,29
2674,30
2920,26
1332,1
2926,5
4663,347
3223,233
3214,4
1987,3
1985,32
3210,77
1980,283
3213,700
1638,339
3218,65
3219,54
1988,26
482,52
2909,64
568,7
569,16
2817,4
2811,357
2810,11
2813,1
2812,31
560,1034
561,106
562,68
563,1430
564,167
565,91
566,119
567,155
3179,11
3170,50
3175,80
3174,24
1188,111
3378,50
1186,296
3376,734
1184,1686
1185,2162
1182,230
1183,125
1180,1
1181,1148
726,631
727,215
725,244
1748,90
1744,23
1745,116
1746,16
1747,32
1740,822
1741,1210
1742,1450
1743,502
1164,13
1165,440
1166,1203
1167,183
1160,24
1161,310
4248,106
1163,210
4246,242
4244,3507
4245,1943
4242,95
4243,166
4240,208
2035,135
1488,110
47,28
2034,80
40,49
41,46
1568,235
1569,78
471,16
5020,747
3193,791
1290,260
1291,47
1566,1233
1363,8
1360,50
796,21
4848,63
1711,60
4739,4
1716,3
4399,2187
479,79
4390,6935
4391,491
1201,181
4393,83
4394,100
4396,62
472,86
473,132
1364,3
3194,19
476,659
477,738
474,230
475,21
4444,316
1369,100
3699,81
1368,196
1864,78
