1718,14
4446,8
1765,32
2719,15
1866,5
5745,53
4026,49
4027,256
4024,88
4025,908
4022,3
4023,12
1868,150
3798,4
4028,10
4029,48
3383,8
5988,35
5989,637
5982,26
160,22
5981,19
5986,39
5984,209
340,64
341,6
342,46
343,59
3997,48
3996,325
3995,45
3994,14
3993,82
3992,27
3991,8
3990,9
4686,115
4844,170
4687,5
1343,9
4932,38
3346,4
4685,2
3381,171
4935,607
4732,163
4731,2
4736,585
4936,72
2318,212
2319,731
2316,1821
2317,107
4738,744
2315,17
2312,52
2313,16
2310,1
2311,38
5854,1
3683,77
2184,40
298,12
299,17
3237,2
294,18
292,205
3681,57
290,39
291,19
3773,70
3771,19
3680,346
3776,114
3775,45
3774,68
3687,17
3778,3
3686,5
270,34
4654,212
272,359
4656,400
274,139
275,23
276,11
277,45
279,14
4658,230
374,3
3446,10
4782,15
642,250
2269,35
2262,29
2263,29
599,568
2261,130
2266,22
2264,32
3968,148
2446,284
2447,5867
2444,113
2445,481
2448,114
2449,15
2189,166
3690,1
108,434
109,40
6054,16
103,10
100,2
106,23
107,342
105,30
2046,112
2047,41
4811,258
2045,13
4817,160
2043,1879
2040,576
2041,252
6051,151
4819,486
4818,184
2048,31
2049,154
1212,203
6053,44
6052,13
3692,6
1372,11
1060,2
5116,15
4849,1
5484,25
2836,8
2639,33
3159,40
4979,103
3519,4
3518,14
5298,8
3513,11
3512,16
2733,461
1210,26
3516,32
3515,2
3514,173
5483,3
5297,27
2684,286
2685,7
2686,9
2687,225
2680,128
2681,15
2682,98
2683,99
3441,9
3850,11
5406,48
5119,30
1211,23
3998,23
1434,255
99,11
5482,25
6021,40
2633,8
91,14
5403,8
5291,64
94,274
96,185
1991,399
3206,10
5180,74
1992,143
5186,342
5187,270
1625,369
1624,766
1999,37
1998,88
1629,291
5189,271
3208,669
3013,12
349,5
3534,23
2862,1
2863,55
2864,70
2865,16
2866,235
2867,11
2868,158
2869,37
551,28
550,453
553,35
552,3
3539,2
5409,56
5055,570
961,120
5408,119
5458,63
1198,12
3348,534
3349,1333
1191,189
1190,510
3340,11
3341,33
1195,80
3347,72
3344,57
3345,21
1758,13
1756,319
1755,85
1754,152
1753,264
1752,52
1751,136
1750,190
4259,47
1176,84
1175,164
1174,123
1173,443
1172,152
1171,1035
1170,1449
4251,264
4250,30
4253,1
4252,73
4255,581
4254,32
1179,3
1178,33
5533,144
5532,95
5531,81
2360,19
5536,23
5535,32
5534,382
1875,74
5539,145
5538,10
513,6
644,87
1811,17
1285,197
1287,373
1004,105
1281,32
1280,25
1282,621
515,9
5439,1
404,12
3430,2
1579,318
1578,1564
689,14
1001,14
3431,2
685,535
684,67
1571,208
1570,128
1577,28
1576,1
683,23
682,133
458,208
1349,58
873,12
870,38
3437,29
6093,32
4592,6
3325,1
5628,4
4383,38
5626,59
4381,12
4380,279
2191,10
4386,131
4385,2
4384,16
407,398
1370,188
405,23
2034,655
1374,2
4269,8
1379,153
4596,128
1342,25
409,540
408,2068
3834,16
3835,106
3837,37
3830,14
3831,459
3832,516
3833,94
454,35
2030,1669
3839,438
1345,7
5995,340
4030,249
5996,38
4035,14
5990,37
5993,478
5992,489
4038,56
457,236
5999,1
5998,51
4737,7
4734,171
4735,1
379,32
378,258
3620,13
371,4
4843,16
976,3
377,311
376,32
2343,28
1244,17
4348,139
3205,42
393,13
392,2
391,1
397,212
396,2149
395,95
394,252
398,678
4345,2
895,263
2309,419
2308,20
4344,6
4729,3
4728,93
5855,4
2301,175
2300,250
2303,22
2302,928
2305,281
2304,34
4723,30
2306,96
5847,28
5846,1
5845,300
5844,144
5842,20
5841,41
5840,28
453,10
5849,43
5848,59
5852,11
3747,118
5853,506
3742,70
3743,126
3741,100
245,133
4621,40
247,430
246,247
4624,329
4625,210
243,1
242,53
226,2
3591,2
249,17
248,300
2275,492
2274,4
2276,56
2271,344
2270,43
2273,54
2272,368
2279,308
2278,551
293,38
2154,256
1248,46
2705,12
2232,3
4318,11
3201,153
125,18
2454,701
2456,1015
2453,19
3770,2
5208,87
176,61
175,133
174,10
173,98
172,313
170,190
2051,41
3699,13
2053,3
3200,6
2055,6
2054,64
4828,1
4829,294
2059,38
4827,12
4824,14
3693,82
4530,84
3695,403
3696,16
3697,77
970,29
3596,26
3089,3
3088,65
1879,14
1367,50
1505,15
4402,210
3526,11
3527,2
5149,58
3501,22
3522,7
3523,4
3521,3
4916,101
1508,43
3528,7
1364,55
1509,195
271,16
4657,71
3080,19
3594,2
3225,15
273,8
658,3
3224,126
4651,212
2695,19
2694,13
2693,2
1603,12
2691,1
4650,103
2405,28
1602,19
1605,12
4652,4
3220,33
1971,37
3673,1106
5832,2
1606,175
1362,112
3232,63
3233,21
5490,41
1968,87
1969,2016
3234,40
3235,51
1616,2711
1617,102
1614,241
1615,349
5191,1171
1613,127
1610,620
5192,220
4310,2
3675,1
2873,12
2872,337
2871,102
2870,39
2877,131
2876,82
2875,29
2874,62
2153,7
2879,1054
2878,197
4534,55
3355,13
3354,57
3357,3
3351,766
3350,912
3353,15
3352,852
3358,1
5448,170
3745,1
4989,12
5443,132
5442,12
5441,3
5440,14
5447,5
5446,142
5445,1
5444,84
1768,641
1116,31
1762,7
1763,8
1760,5
1761,2
1766,101
1767,313
1764,28
2791,8
1140,55
224,157
1147,3
2964,2
2966,1
5507,1
5502,2
1194,3
1547,243
1544,54
691,31
696,218
697,223
1540,58
695,5
698,78
699,1
1548,149
1549,363
2382,4
546,21
547,1
1781,18
548,290
549,1
1864,11
1782,490
2483,1
1783,12
400,64
2969,21
2064,33
2968,280
2195,15
3785,22
765,4
2260,268
4531,60
3321,9
5611,134
3322,37
5614,36
415,169
416,3
417,17
1388,373
1389,14
5716,32
1384,28
1386,7
1387,1
1380,496
1381,1344
1382,222
1383,434
3580,4
3825,78
4532,17
5002,3
3582,32
3829,70
3828,17
2768,89
5007,14
5006,1
4282,492
4280,334
4281,83
4286,22
4284,7
4285,2
4288,15
5004,4
2403,6
2099,2
1447,104
4985,9
366,267
364,4
362,4
363,15
3214,10
5274,5
2760,3
5460,236
5275,109
380,116
382,128
5277,16
384,1
385,2
387,28
388,384
389,208
2764,29
4758,110
4759,156
5272,6
4750,11
4751,4
4752,5
4753,60
4757,3
5872,276
5873,85
5871,205
5876,118
5877,1094
5374,8
2792,7
5878,7
5879,7
1074,2
3759,16
5462,46
5376,2
4664,1
3751,97
5278,16
3753,326
3755,54
3754,30
3756,26
182,149
4632,5
258,841
2193,20
2194,64
5373,12
4635,5
2197,202
2198,273
253,289
250,164
4638,204
256,9
257,20
254,85
255,61
2200,327
499,61
2202,1180
2203,218
2204,134
2205,243
2206,8
901,27
2209,38
2429,1419
4812,184
2420,102
1446,2
2422,1
2423,38
2424,7
2044,15
2426,258
2641,86
4810,77
168,52
169,113
165,80
167,30
5467,13
161,130
162,13
163,2
4839,174
4838,7
3688,4
3583,7
4528,23
4831,14
4830,41
4833,226
4832,17
4835,12
4522,103
4521,236
4836,60
3212,144
2518,5
2519,31
1980,1
2514,4
2517,25
1841,569
2513,15
2734,3
2735,33
2736,1
2730,11
2731,442
2732,207
5299,55
5296,145
4426,95
5294,10
5295,21
2430,172
5293,62
5290,66
1846,61
3531,285
4722,1
3533,84
3532,353
5058,28
5059,250
3537,22
3536,17
5054,90
3538,69
5056,81
5057,433
5050,12
5051,21
5052,128
5053,80
1814,256
1815,8
1816,33
1810,122
4338,3
1812,5
1813,980
4339,33
1818,305
1819,3
1107,3
6074,2
5468,26
675,4
6073,48
4334,190
677,3
6071,26
5469,6
1098,239
1087,7
2795,26
4333,5
3042,14
672,72
2401,82
4331,3
2167,15
1608,205
1979,14
1978,2
1601,129
1976,757
1975,168
1974,131
1973,2962
1972,267
3223,62
1970,576
809,23
808,11
2349,37
807,118
2843,6
5477,18
5474,12
3323,241
3324,13
5473,14
5470,5
3327,1
3328,34
3329,273
1775,233
1774,761
5276,22
1776,98
1084,15
5271,98
1773,23
1772,50
4855,5
1779,34
5279,52
3138,8
321,107
1990,1
2806,68
326,162
1159,65
1158,122
2999,8
1157,233
3976,23
862,13
1150,391
5519,69
5518,37
3038,13
5517,2
1554,154
1550,128
1552,1
59,846
58,93
3034,53
54,5
57,185
56,1468
3030,109
50,111
2996,131
3033,417
3035,31
2992,3
3571,73
4691,45
5139,1513
1909,6
2995,490
5605,273
5604,66
5607,5
5606,122
5601,47
3032,425
5603,40
5136,114
52,10
5609,64
5608,22
3724,14
4690,16
1905,38
2772,35
1902,6
3291,18
429,479
428,377
3292,276
1399,375
1398,74
421,10
1396,21
1395,19
422,98
1391,20
4693,37
3812,7
3813,29
3816,10
855,105
3818,45
3819,221
5124,36
3450,8
857,10
5797,2
850,75
851,6
4299,17
4298,3
4294,77
5693,8
853,24
4291,30
4290,10
4292,16
307,3
2690,61
3517,7
1443,185
1321,176
4749,2
4748,41
1425,1
4743,167
4742,102
4741,1
4740,49
4747,86
4746,1
1397,58
4744,2
5869,150
5868,54
4243,17
5865,5
5864,47
5867,89
5861,41
5860,38
5863,3
5862,82
2330,76
1424,36
4715,240
5350,165
2183,135
2182,177
2181,140
2180,477
4609,586
227,27
4607,167
225,42
2188,361
4602,10
3548,17
220,16
2213,4
2211,48
2210,146
2217,3
2216,28
2214,52
2219,21
2218,146
5431,305
2339,9
5600,34
151,64
150,59
153,30
2438,183
122,1
154,78
156,48
2433,7
158,19
2977,4
5602,7
2437,26
2436,358
2435,45
4719,10
4922,4
123,48
5765,7
4988,2
4512,26
4511,8
4516,2
4517,78
4514,74
4515,637
1359,6
1162,138
2500,8
5289,2
2726,4
2723,255
2722,4
2721,30
2720,2
5280,592
5283,56
5285,56
5284,70
2729,292
5286,4
5049,9
5048,78
5047,116
5046,77
5042,13
5041,68
5040,23
3782,143
3783,139
1805,120
3781,13
3786,54
1802,40
3784,38
1800,287
3788,1569
3789,145
1809,29
1808,63
4994,142
4995,5
4992,101
4993,134
4991,6
2537,1
4998,241
4999,24
90,33
3259,47
1948,18
2176,1
2754,11
1257,22
1942,45
1943,225
1940,118
1941,323
3254,40
1947,48
3256,64
1255,1
812,63
813,40
814,112
815,46
816,3
817,57
1623,251
5183,61
1523,1
1024,10
1993,103
1490,1019
3332,76
3331,47
1620,592
1494,5
3336,511
3335,162
3334,1508
1498,14
1995,329
3339,192
3338,123
423,83
1994,61
1700,55
1703,37
1704,138
1705,4
5261,435
1707,6
1709,40
1996,577
5269,116
5268,142
892,34
4573,41
427,1
3658,40
1259,22
5188,5
2090,211
679,27
2093,137
1122,18
4577,8
4578,669
184,8
3655,256
444,11
2988,63
1807,14
3373,81
3029,46
3028,17
2983,93
3026,37
3025,47
3024,13
3023,1
2986,24
3021,20
3020,377
1090,56
3953,93
1018,113
1019,351
3952,37
312,116
1541,267
1016,12
1017,10
1010,72
1011,115
1013,149
3950,49
1230,1
1231,3
1232,25
1233,1
1238,1
5672,3
5674,83
4359,2
4376,1
4354,140
4355,39
4356,21
4357,7
4350,1
4351,1082
4353,55
6000,112
1266,3
4901,80
1341,19
438,175
4676,36
436,251
437,1506
434,25
435,117
432,44
433,42
430,4
431,22
3809,8
3808,61
3805,15
4673,60
3807,10
3806,4
3800,239
3802,382
2480,131
559,6
4906,16
3078,4
5709,71
5704,173
5705,32
5706,2
5707,123
5700,22
5702,8
5703,15
2706,1
554,2
1437,10
634,2
1960,6
4777,82
4774,2
4775,16
4773,12
4770,97
4771,21
4778,2
4779,45
4174,340
4175,8
4176,32
4399,10
4172,1
4173,44
1961,22
2700,11
5818,6
5819,28
3060,11
1435,4
5810,261
4297,14
5817,16
2464,70
4296,1
2465,7
2466,1
2717,27
4619,5
4618,58
996,10
239,44
234,65
235,703
236,28
237,152
230,217
4614,18
2708,406
993,13
2226,23
2227,2
2224,7
2225,14
2222,34
2223,12
2220,35
2221,16
5924,2
5925,185
5926,64
5927,22
5920,79
5921,17
5922,51
5923,108
2940,205
5928,55
5929,65
146,6
147,5
144,532
145,13
142,98
143,154
140,140
141,20
5679,12
4884,8
5355,2
148,20
2469,20
4504,8
4506,14
4501,1
4500,185
4503,46
4509,52
1055,49
3401,6
2088,610
2089,524
1056,6
121,7
2082,20
2083,166
2080,23
2081,63
2087,1618
2084,152
2085,36
1537,3
3342,535
2538,806
2539,537
3343,30
2532,240
2533,80
2530,180
2531,312
2536,11
5452,15
2534,233
2535,168
2712,71
2710,356
2711,315
2716,120
126,7
2714,103
2715,69
4238,8
5454,6
3093,367
348,100
128,42
5079,31
129,43
5072,67
5073,40
5070,427
5071,143
5077,53
5074,256
5075,363
1832,4
1833,40
3799,1095
1837,379
1834,55
1697,56
1716,22
3794,69
1838,538
3796,250
3791,179
3790,7
3793,44
3792,35
4981,222
4980,289
4983,79
2157,19
2150,125
2151,215
2152,1303
4986,148
933,14
932,33
931,136
930,52
2159,221
935,28
934,82
5381,6
5382,9
5384,1
5386,11
5388,23
5389,1
1957,104
1956,128
4825,4
1952,14
1959,63
1958,2
3248,182
3096,98
3242,164
53,39
3247,96
3246,208
3245,10
3244,72
1825,40
228,6
828,101
4405,44
825,10
824,2
827,4
826,4
4406,31
4062,16
1177,4
4407,2
1536,14
4258,679
618,6
5354,16
1483,11
1482,6
1481,78
619,21
1487,231
1486,459
1485,23
1484,407
3306,457
5495,10
5496,17
3305,38
3302,133
5491,2
5492,318
3301,173
5252,51
796,298
5250,1589
794,29
5256,268
5257,57
5254,44
929,262
5258,18
5259,53
799,175
1270,4
613,23
2143,7
2142,83
5946,12
1139,39
4063,118
616,27
1137,34
4060,404
1135,8
2419,202
5945,20
614,35
2826,1
921,7
4256,69
3018,764
3019,229
4064,1
3012,96
924,23
3010,36
3011,9
3016,85
3017,1004
3014,8
519,60
518,4
5530,27
4972,24
1009,47
1007,30
1006,173
1005,135
2148,298
1003,52
1002,20
517,345
1000,401
623,37
1226,10
621,4
620,100
627,399
626,7
625,354
624,102
629,41
628,259
4681,78
1229,5
1228,8
5663,57
5662,189
5667,39
4745,58
5665,100
5664,569
5669,475
5668,764
4343,104
4342,4
4341,5
4340,8
2882,11
2883,13
2880,178
2881,4
2886,37
2887,61
2884,3
2885,457
23,8
2889,27
2,20
3099,10
3878,4
3879,65
510,11
3870,73
3871,122
3872,43
3873,125
3874,27
3875,154
3876,533
3877,195
13,100
15,73
14,151
17,8
5718,45
5717,9
18,43
5715,1505
5714,139
5713,778
5712,684
5711,18
5710,31
2740,18
3275,10
3272,40
3310,2
1925,456
3904,12
3906,726
3907,89
3900,224
3901,37
3602,12
3908,8
4761,66
4760,112
4762,33
4765,100
4769,601
4768,239
3193,9
4167,12
4165,297
4162,9
4160,20
4168,10
5809,824
5808,27
5803,26
5802,10
5801,63
5800,448
3090,298
5806,51
5804,488
201,52
200,311
202,63
205,35
204,144
207,235
206,13
209,706
208,212
2745,17
830,2
1352,143
1573,15
5012,31
831,61
1572,12
836,2
2314,9
687,500
3471,8
2239,427
2238,18
686,59
834,39
2231,17
2230,78
2233,15
835,72
2234,1
2237,29
2236,37
5937,441
5090,47
5933,17
5932,20
5931,80
5930,134
1574,26
3577,5
5939,19
5938,287
1631,4
3576,245
4518,1
3498,167
3499,71
3496,319
3497,129
3494,94
3495,255
3492,135
3493,34
3490,21
3491,141
4570,10
2094,288
4572,30
2096,1346
2091,34
3573,24
4576,1183
2092,198
3654,1078
4579,152
3572,51
3650,499
2098,202
3652,419
3653,76
2525,190
2524,239
2527,16
2526,389
2521,61
2520,422
2523,26
2522,3
2528,195
2665,54
940,12
2663,42
5065,37
5064,60
5067,197
5066,163
2709,38
5060,83
5063,2
4880,110
2704,416
2707,132
4883,241
5069,10
5068,22
2703,180
2702,254
2748,32
4408,117
4404,138
1824,54
1827,77
1826,83
4400,408
4401,254
1823,59
4403,98
928,19
2146,546
2413,100
2412,28
4978,59
2414,315
2417,910
2416,1296
4974,95
2418,852
4977,208
4970,675
4971,477
2149,297
4973,179
5393,84
5392,16
5391,463
5390,193
5397,9
5395,83
5394,2
5399,49
5398,77
4326,6
3277,7
1922,552
1923,255
1924,86
3273,80
1926,347
1927,394
1928,633
1929,112
505,1
3278,230
3279,77
3474,1074
3475,23
3476,10
497,113
3470,44
837,136
3472,169
3473,211
838,62
839,74
3478,69
3479,30
491,10
3,11
671,99
5586,3
2727,10
3574,1
3319,59
3318,180
2594,6
4586,4
5488,19
5487,404
5486,61
5485,158
3312,51
3315,422
3314,350
3317,38
3316,24
784,282
786,82
787,21
5249,17
5248,64
1728,390
783,290
5245,1001
5244,182
5247,261
5246,41
1722,21
5243,236
1721,125
4382,33
468,1
5321,161
2439,204
29,7
60,119
3311,105
62,150
63,75
3001,291
3000,212
66,169
3002,1767
68,231
69,32
3009,203
3313,76
1371,226
1588,6
1589,401
406,14
1582,29
1583,352
1580,47
1581,25
1586,67
926,2
1584,4
1585,21
159,16
1038,75
1039,602
508,319
509,1
1032,24
1033,18
1030,14
1031,56
1036,463
1037,442
1034,56
501,18
630,33
631,302
632,74
633,29
1216,15
1217,26
636,408
637,604
638,426
639,48
1219,214
4245,320
4378,220
4379,447
5658,104
5656,23
4370,26
5655,101
5652,170
5653,95
5650,88
5651,47
2899,127
782,136
2895,20
2894,245
2897,42
2896,2
2891,11
2890,4
2893,98
2892,337
1106,35
1726,48
1456,439
1457,9
1102,145
1103,52
1452,7
1453,46
1898,15
1458,219
1459,24
4080,3
4081,1
3869,514
1725,6
4084,1
3739,3
4087,4
3863,53
788,3
3861,50
3860,311
3867,252
800,1
1981,59
1720,14
1895,371
1896,12
323,55
5728,31
5729,31
5720,34
5630,70
1891,18
4466,19
1892,29
4903,4
3917,10
3916,30
3915,72
3912,59
3911,1
3910,525
4921,148
3919,11
3918,22
3288,14
4920,48
4798,11
4799,74
1575,13
4797,6
4792,90
4926,202
4152,147
5837,51
4150,329
5835,491
4156,53
4925,34
5830,445
5831,1547
4158,19
2131,110
5839,188
5459,1
4834,4
1914,1
6057,3
215,102
210,25
218,5
1355,1
920,10
2138,98
6088,107
6089,27
6086,34
6084,73
956,255
6082,122
6083,33
6080,62
6081,13
5903,8
462,63
939,68
5906,3
4,59
5904,21
5905,157
2752,2
5908,8
5909,29
439,114
3489,27
3488,289
3481,2
3480,154
3485,78
3484,74
3487,5
3486,223
938,6
4567,70
4566,28
4565,98
4564,156
3647,27
3646,29
3645,316
3643,104
3641,8
3640,856
2550,103
2551,48
2552,153
2553,20
2554,28
2555,9
2556,302
61,33
3283,20
2559,17
2396,399
2397,220
2394,31
2395,266
2392,75
2393,27
2391,30
64,2
6041,13
2398,9
2399,7
5010,5
5011,3
640,132
4898,22
5015,44
3282,27
5017,5
5018,36
5019,20
4891,54
2773,313
4896,3
4895,96
2777,3
2601,3
3286,227
3307,2
1858,380
1859,178
3281,5
4418,15
1850,238
4416,27
4415,76
4414,16
1854,584
4412,18
1856,214
1857,473
6064,11
2173,14
2170,14
2171,334
6060,317
918,20
2174,560
4968,510
4967,16
4966,376
4965,19
2179,72
4963,2
913,48
4960,3
1421,106
2606,62
2607,1
5694,63
516,48
1420,5
2608,6
1423,85
152,9
1933,169
3260,81
1931,648
1930,490
3265,19
1936,34
3267,79
1934,854
3269,18
5125,5
1939,358
5120,12
5121,63
5122,70
5123,12
3467,336
845,421
3464,47
843,13
842,240
3461,143
840,345
5435,117
849,15
3468,1
1632,3
1429,2
241,33
2406,50
459,8
1193,35
3367,8
4276,20
4907,1
663,201
4905,14
2407,22
1192,21
1739,97
1738,70
5230,139
1730,40
5232,75
5233,401
5234,94
1734,207
5236,60
1736,452
2404,140
5405,74
2052,2
753,330
752,47
750,148
757,60
756,1
755,6
754,466
5833,9
3780,9
3946,12
3070,1116
3071,99
3072,63
4930,14
2958,91
1590,1
1593,2
3077,55
2954,18
2955,19
2956,226
2957,1
1599,2
1598,148
3787,5
5344,15
5345,18
1027,231
1026,730
1021,9
1801,39
1023,92
1022,248
502,16
1115,32
1029,349
1028,544
503,25
500,15
4045,16
936,2
605,19
604,5
4367,35
4366,112
4361,37
4360,13
603,20
1213,260
1205,21
1204,132
1207,101
1206,83
4369,122
608,830
5649,94
5648,6
1358,93
5457,65
5640,265
5645,10
5644,16
5647,3
635,14
3109,13
3105,1
3107,175
3100,410
3101,405
3102,4
3103,7
1111,79
1110,128
1445,71
1112,65
5,579
1114,20
1117,2
464,19
4589,17
2478,7
4279,44
1449,7
1448,40
4093,288
4092,21
1350,3
4097,2
4096,401
4094,138
1357,13
4099,23
2005,205
791,8
5735,151
5737,107
923,124
5730,61
3704,30
484,114
5739,183
5738,21
480,13
5555,6
4854,84
4853,289
903,2
790,2
4852,6
4725,4
4724,11
1061,14
4582,7
4727,168
3922,6
3920,217
4726,172
3926,5
3924,2
4721,5
3929,97
6045,127
2320,60
4789,3
4788,121
4787,26
4786,208
4785,156
4784,12
4783,51
5654,49
4781,10
4780,17
5821,87
5820,9
5823,86
4371,7
4149,2
5824,38
5827,217
5826,144
5829,117
4144,68
2381,1
4140,1
4143,28
4377,28
3856,32
3854,150
3855,29
3852,139
3853,29
3971,18
3851,433
1595,6
3858,769
3859,311
4822,118
3005,29
6099,382
6098,11
5303,7
4305,47
6092,32
6095,68
6097,60
6096,21
4823,218
6048,43
16,13
5918,5
5914,6
5917,8
5916,18
5911,1
5910,4
5913,2
5912,7
4820,162
198,7
195,34
197,50
196,2
193,22
192,4
19,1
3678,2
3679,2
3672,50
4557,280
3670,1419
3671,585
3676,467
3677,444
3674,203
3448,7
2543,22
4821,4
2541,24
2540,151
2547,217
2546,16
2545,15
2544,270
2549,176
2548,156
1104,7
4031,21
2380,7
1105,12
2385,19
2387,95
2386,66
2389,19
2388,13
1451,3
5003,5
3581,46
5001,47
5000,88
3584,208
3585,79
3586,79
3587,14
2763,19
3589,17
2761,10
5008,2
2767,9
2766,45
2765,88
2285,67
999,1
2007,9
902,9
4620,18
900,10
4429,70
906,24
904,11
905,8
1843,21
1842,167
908,8
1840,815
1847,216
4427,188
1845,50
1844,275
6076,53
4958,40
4623,2
2169,75
2168,193
5402,529
3251,23
4953,1040
4950,44
4951,13
2161,36
2160,166
4954,2
240,5
2617,13
2616,253
2615,8
2614,383
2613,183
2612,101
2611,5
2610,42
1946,3
4627,12
4082,307
2618,102
4628,2
1944,29
1908,47
5138,46
5137,1
3295,245
5135,838
3297,76
5133,18
5132,153
5131,229
3293,410
3452,4
3453,59
856,6
3451,105
3456,74
3457,231
852,2
3455,79
372,5
4545,5
3459,37
858,1138
859,18
5425,6
3161,6
6,266
2463,115
4546,34
3402,9
4571,5
5229,7
5228,48
5223,35
5222,16
1077,2
5220,8
5881,1
5225,10
4679,33
469,53
742,259
743,579
744,127
745,332
746,118
747,70
748,26
749,67
2913,141
2949,93
2948,331
2947,26
2946,86
2945,230
2944,9
2943,12
2942,18
2941,626
2915,132
5357,93
5356,407
1052,263
1053,75
5353,182
5352,152
5351,363
1735,110
1058,17
1059,15
718,1
5359,27
5358,8
1696,34
2918,81
1694,76
1695,40
716,25
6009,13
2595,177
1791,10
1278,51
1279,11
1804,31
4313,644
2042,31
4316,1
4317,107
612,54
713,4
610,88
611,586
1274,1
617,162
1276,34
615,309
1201,4
4157,22
3008,4
711,6
710,5
3333,132
3119,56
3118,88
3117,239
3116,54
3115,110
3114,99
3113,8
3112,15
3110,17
1472,109
1473,160
1470,110
3330,214
1474,8
1478,109
1479,12
1495,24
1304,1
1305,20
1306,137
5422,16
1300,219
1301,251
1302,81
1303,2183
1497,101
1308,9
1309,20
5727,84
5740,113
5741,102
5743,32
498,57
4229,589
5747,64
3263,29
495,110
4227,171
490,19
4221,29
492,20
493,419
24,121
5587,2
26,543
3985,13
20,25
21,38
22,21
5581,62
927,13
28,149
5235,9
5589,105
3599,4
5308,449
3938,197
844,14
3935,28
3934,6
3937,198
3936,85
3931,785
3930,54
3932,145
4315,2
4138,49
4139,256
1706,101
4434,7
4131,119
4132,42
4133,90
4134,1
4135,25
5692,23
3840,112
5691,315
5696,77
3844,31
3847,51
3846,75
3849,60
3848,19
5698,88
5699,671
1063,5
4465,67
6070,8
2136,108
4433,8
1604,19
4432,1
3649,4
1363,14
1067,27
4615,9
1066,1
4462,14
4044,89
2137,4
4046,189
4047,86
4040,11
4042,5
3648,1
4048,48
4049,2
5968,201
5585,1
7,1
5961,442
5963,147
5964,17
5965,19
5966,54
5967,44
3665,629
3664,31
3667,13
3666,69
3661,1433
2050,65
2280,52
2281,10
2282,76
2283,9
3669,39
3668,192
5582,194
4549,40
4548,41
446,2
4946,8
4941,121
606,28
4544,12
972,46
2578,62
2579,9
2577,64
2574,155
2056,59
2572,9
2573,371
2571,74
4826,29
2379,5
4461,281
2374,52
2375,1
601,4
2377,21
1073,16
2372,180
2373,392
3593,121
3592,145
2596,677
2597,4
2590,19
2591,1850
2592,464
5039,244
5036,291
5037,97
5034,327
5035,415
5032,671
5033,93
5030,455
5031,109
1876,84
1877,58
1874,297
4436,18
4431,39
4430,229
1870,153
1871,62
1083,2
4533,31
4438,33
1878,31
594,42
977,9
4944,295
975,44
974,311
973,73
4940,96
971,285
183,322
1080,33
4949,12
4948,67
979,2
978,5
2118,70
2119,12
180,22
181,113
186,11
6047,8
6044,9
598,113
6046,33
2112,445
2113,23
2114,164
2115,85
2116,323
2117,87
2623,13
2620,11
2621,26
2626,128
2627,46
2624,14
2625,61
2628,44
2629,19
1919,4
5108,2089
4151,164
3289,6
2111,132
1911,84
5103,254
5100,349
5101,402
5106,218
5107,30
5104,191
5105,387
869,25
868,57
189,4
3449,1
4154,42
3445,407
3444,56
3447,2
4155,32
865,38
3440,217
867,168
3442,1032
2024,552
2757,159
2026,9
2755,37
2020,231
2021,2
2022,242
2023,79
2828,9
2028,2
2758,60
2829,22
883,48
882,111
881,21
4159,14
5197,13
884,225
889,1
4590,13
5216,15
5217,23
5214,3
5215,831
5212,1
5210,26
5211,116
1503,22
5218,87
5219,217
2147,9
356,2
418,11
3988,271
4800,9
3973,11
5414,75
777,1
771,18
773,1
3387,30
2008,74
779,13
4928,11
75,756
74,112
73,232
72,17
71,46
70,30
3056,107
2973,41
3054,110
3055,58
2976,13
3053,39
79,468
78,8
1043,379
5363,61
5360,252
1040,727
1047,30
1046,78
1045,179
5365,26
4597,9
5368,536
5369,11
1681,43
1680,303
3525,9
1686,11
1689,2
1688,47
4303,299
4302,222
1269,21
4300,41
4307,4
4306,17
669,781
668,257
667,14
666,9
1261,39
664,139
1267,433
662,86
1265,450
660,9
3287,60
1910,16
5196,4
2984,35
3285,50
3725,16
67,86
3284,43
3122,1
1915,15
3120,99
3121,18
3124,422
3125,298
1468,395
3977,32
1465,5
8,1048
1467,174
3280,550
1461,15
1460,4
1463,11
1462,2
1317,91
1316,523
1314,181
1313,37
1310,1
4529,4
1318,248
5751,72
5750,26
5757,10
4239,33
5754,29
4237,134
4236,13
4235,280
4234,17
4233,111
4232,693
4231,38
4230,5
5591,107
5590,1915
5593,78
5595,424
5594,617
5596,1
5599,10
5598,1
5807,8
861,201
4454,28
3123,104
860,25
5367,52
3948,175
3949,359
319,363
318,56
3274,296
3940,192
3941,43
311,216
3943,51
3944,125
316,6
315,52
3947,18
4606,45
3299,2
5168,3
3443,3
1618,230
5364,134
4364,5
2756,12
4129,563
4128,1
4123,174
4122,240
4121,5
4120,147
4127,95
4126,16
4125,143
443,32
2027,4
5688,1
5684,13
5681,36
1337,103
5683,1
2753,2
3405,23
2323,9
440,80
2750,9
2322,30
2751,40
4604,1
4705,162
6062,408
5195,27
2327,39
1997,4
3659,1
2326,16
4057,528
4056,63
4055,166
4054,133
4053,245
4052,320
4051,58
4059,276
4058,178
5194,15
5978,384
4358,41
5971,1
5970,13
5977,573
3477,72
5975,3
5974,28
3610,37
3611,14
2299,252
2298,6
3615,42
3616,104
3618,12
2292,1
2297,265
2295,10
2294,112
5678,47
880,60
5770,20
2982,19
2787,5
2569,390
2568,7
5772,45
2561,97
2560,924
2563,431
2562,30
2565,33
2564,26
2567,17
2566,460
5901,12
2369,13
2368,828
1712,40
5776,12
2362,1525
2361,5
5907,15
5029,587
5028,83
2585,4
2584,3
2583,85
2582,77
5190,27
4697,2
5021,69
5020,3
5022,13
5024,4
2589,909
5026,271
1861,171
1860,23
1863,9
1862,103
4444,118
4445,8
1867,15
4447,306
1869,153
4449,438
3726,144
3727,16
4490,89
3722,4
964,224
4931,20
4684,100
4933,26
4934,198
4683,18
4680,102
963,47
4938,129
4939,107
5578,3
968,22
4688,43
2109,59
2108,197
6059,777
6058,7
5576,6
2102,8
2101,50
6056,134
2107,56
6050,1607
2105,49
2104,49
5115,57
5114,178
5117,3
30,100
5111,102
2638,76
5113,26
5112,58
2635,20
2634,492
2637,49
2636,91
2631,75
2630,336
1245,1
2632,85
1717,27
35,2
5292,2
3438,5
641,44
1611,6
879,176
876,8
877,10
874,79
875,1
872,19
643,659
3436,42
871,32
2741,198
2036,667
2035,820
1242,212
4848,753
2744,65
2031,4
2746,159
9,58
1533,68
4846,683
4847,4
4840,128
4841,2
2039,282
2038,296
890,2
891,1
1431,224
893,36
894,61
647,86
896,440
897,924
898,15
899,160
646,130
3651,177
1715,4
5201,65
5203,2
5202,16
5205,4
5207,11
5206,27
3236,173
5198,23
3544,71
3545,4
3547,158
3540,206
3541,58
2759,3
3543,80
1619,55
1711,76
3549,56
1964,222
1965,169
1966,600
5182,142
1788,6
1789,10
1967,16
4569,122
2960,11
2962,44
1780,26
1612,243
760,92
761,81
1784,99
1785,152
1786,134
1787,12
3049,129
3048,8
5193,93
3041,6
3040,48
3043,55
1963,225
3045,95
3044,64
3046,111
1430,1
5379,549
1078,99
1079,245
5375,26
1535,499
5377,223
1075,28
1072,290
5370,183
1070,72
1071,24
1678,273
1679,60
3804,21
1675,122
1676,63
1094,86
1096,65
1097,45
678,121
1091,75
1092,717
1093,54
674,70
4337,114
676,733
4335,245
670,402
1099,138
4330,181
673,317
3135,121
3134,915
3137,149
3136,216
3131,83
3130,255
3133,42
1916,1
3139,185
1534,394
3962,7
1622,2
1418,31
1419,22
1432,4
1410,231
1411,10
1412,28
1413,20
1414,1
1415,4
1416,8
1417,62
1322,10
1323,148
1320,44
1532,272
1327,40
1324,35
1325,7
2495,41
1328,199
1621,40
4209,51
5768,178
5769,198
4202,9
1600,97
5764,398
2496,202
5762,30
5763,117
4204,6
1531,20
1917,1
5564,71
5565,24
5566,444
5567,93
5560,245
5561,57
5563,145
1524,7
1525,51
1254,14
1527,343
1252,25
1253,45
1250,141
1251,72
1528,206
1529,285
1258,80
1530,95
308,2
309,163
3959,18
3958,96
300,40
1627,4
3951,80
303,58
304,1
305,21
306,59
3954,9
4116,1020
4117,1744
4114,2
4115,1381
4112,23
4113,110
4110,7
4111,389
4118,4
4119,41
4634,56
2978,41
5143,1290
5815,26
2250,48
4448,112
5159,97
5184,7
4899,67
3815,39
2972,3
5013,10
3057,3
3204,42
5947,155
5944,101
4061,154
5942,9
5943,1077
5940,10
5941,319
4069,84
5948,79
5949,77
5784,52
5785,150
5786,4
5787,15
2974,1
5782,123
2975,3
5788,40
5153,179
5856,1
3603,10
5362,87
3601,34
3600,25
3606,464
3604,1
3609,497
3608,174
1041,4
2106,138
1256,1
5361,9
2479,653
4894,19
4435,3
4945,65
1897,23
6118,107
6119,3
6114,177
6115,527
6116,213
6110,44
6111,126
6112,34
6113,143
2358,336
2359,14
2352,28
2353,377
2350,103
2351,17
2356,351
1048,43
112,118
4453,24
4451,34
4450,14
4457,86
1899,36
4455,111
3738,21
3737,12
3736,555
3735,43
3734,184
1890,16
3732,151
3731,1
3730,46
4923,243
958,41
2134,154
2135,24
4695,201
4694,184
2130,408
4924,160
953,35
952,136
955,105
954,76
957,77
2139,1
1682,3
3203,73
6020,26
1442,134
477,1
6025,6
6026,6
6027,28
2648,445
5161,13
5163,205
5164,427
5165,19
4801,274
2640,100
5169,83
2642,72
2643,92
2645,18
2646,36
2647,1420
4803,238
4804,61
4527,2
3429,10
3428,50
5417,122
3422,86
3421,6
3420,1
3427,696
3425,131
3424,12
2003,7
2000,34
2001,87
2006,29
4588,43
2004,41
1851,84
4857,267
4584,11
4587,328
3027,28
4581,20
1852,118
4851,106
4850,857
1853,5
4413,18
4411,163
3556,10
3555,22
3554,18
3553,14
3552,82
3551,2
3550,141
4304,5
6066,12
3558,7
4942,48
6067,50
919,6
2997,20
4309,1
2177,1
2911,40
2912,148
1260,48
2914,437
4969,241
719,294
2898,11
717,351
1792,809
715,60
2175,15
1797,28
1796,67
1795,133
1794,124
915,5
5952,7
661,15
914,42
4079,20
2178,5
1906,45
1069,277
1068,5
4964,50
5300,3
5301,13
5302,159
1062,9
1065,6
1064,203
5306,21
5307,164
4526,7
1669,3
1668,4
1907,10
1662,149
1661,31
1660,419
4329,349
590,7
1085,58
592,3
595,183
1082,80
596,870
4321,57
4320,177
4324,20
1088,29
3140,1577
3141,8
3142,104
3143,719
3144,301
3145,34
3146,57
3147,28
2824,133
3149,4
1904,3
2820,6
2821,69
2822,3
2823,332
3386,513
5415,16
3385,273
3382,301
5411,23
5412,17
5413,394
2032,18
2603,9
5418,42
5795,6
3388,141
3389,1753
1450,8
1409,54
1408,32
5500,1
1403,110
1402,28
1401,248
1400,757
1407,3
1406,289
1630,86
1025,12
449,521
448,50
1339,69
1338,75
1491,24
1335,17
441,48
1336,84
1330,4
445,276
2609,37
5779,203
5778,2
3129,3
4947,18
988,7
5771,25
1542,187
5773,37
832,10
5775,26
5774,135
1543,61
3261,2
39,8
694,17
1057,20
1932,380
33,1
32,305
31,5
5574,65
37,309
5572,358
5571,12
5570,7
1241,136
1240,252
1243,114
3091,159
645,565
3097,294
1247,706
1246,664
649,14
648,140
3098,54
3969,24
5346,198
1539,34
1538,36
1493,15
339,20
338,495
335,421
334,236
337,159
336,457
331,249
330,508
333,162
332,727
4101,2448
4100,171
1900,255
4102,134
4105,22
4107,1371
4106,397
4108,3
772,35
2127,6
1901,9
3899,1257
2980,287
1634,26
3892,138
3893,50
3890,60
3894,469
3895,382
847,30
3465,2
5900,4
1635,25
1464,7
3463,190
1496,3
3462,201
1353,134
5950,4
1466,1
5955,21
841,325
5957,17
5956,25
5959,1
5958,1
3460,19
4071,80
3375,88
4073,23
4072,1
3966,8
3967,33
3964,34
3965,16
5793,169
5792,15
3960,29
3961,71
1962,26
5081,5
5799,68
5798,34
3639,138
3636,4
3637,19
3634,975
3635,26
3632,12
3630,1583
3631,510
5343,17
4610,31
5084,70
1351,79
4613,79
2345,8
2344,2
2347,37
4612,155
2341,4
2340,159
6109,408
2342,127
6107,47
6106,51
6105,1117
6103,44
6102,78
6101,154
6100,289
1499,44
4616,2
2067,6
3708,11
2346,157
4468,641
4469,100
3702,28
1886,62
3700,715
3701,121
1883,5
3707,160
4460,99
3705,27
2121,24
2120,87
2123,145
2122,4
2125,2
2124,255
4918,61
949,82
946,66
947,33
944,98
945,120
4912,74
4661,177
4910,573
4663,23
6039,102
6038,27
6032,18
6031,27
6030,19
6037,62
6036,66
1594,2
6034,16
5173,134
5172,170
5171,292
2658,42
5177,11
5176,41
5175,185
2653,1
2652,373
2651,19
5178,291
2657,66
2656,66
3039,10
133,48
132,685
131,69
3415,1
137,9
136,6
135,10
134,431
5185,34
3418,31
707,2
4868,279
2019,189
2018,45
2015,26
2014,1
4860,1119
2016,59
4867,11
4864,10
4865,264
402,1
1937,22
1591,12
3562,7
3563,30
3561,2
3566,154
3567,291
3564,214
3565,295
3568,46
3569,11
511,19
5270,6
4484,11
4485,42
4480,10
4482,321
4483,52
4489,260
848,3
2903,53
2902,99
2901,1
2900,41
708,18
3694,19
2904,206
704,33
705,4
2908,2
700,19
703,33
3037,23
88,14
89,4
1263,18
82,63
80,386
81,380
84,55
85,3
5319,2
3036,1
2770,122
5313,177
5312,17
5310,752
3217,33
5314,84
1659,57
2487,4
1652,7
410,1
1656,10
1657,4
1654,23
1655,5
586,100
587,66
585,72
411,6
1987,12
5273,2
1984,409
588,4
3151,64
1633,240
3157,11
3156,69
2837,1
1982,112
2835,6
2833,2
2832,1
1348,89
3211,299
1436,663
3390,8
3393,85
5404,95
3395,58
1433,59
5401,124
5400,406
3398,495
3213,111
1438,739
1439,74
1731,24
3709,6
5231,352
3031,266
4260,506
4261,145
4262,73
4263,121
4264,10
1889,4
4266,256
4267,65
450,1231
451,1120
452,1781
1888,30
1344,210
455,63
456,28
1347,418
185,39
1737,61
4467,9
3510,17
5237,2
4464,182
766,1
5548,160
5549,95
5543,131
5540,105
5541,36
5546,26
5547,1
4463,5
1502,11
313,44
1500,20
1501,3
652,96
1507,208
1504,56
651,183
3085,72
3084,14
3087,821
3086,47
3081,19
3942,28
3083,94
3082,112
310,26
5890,92
5891,80
5892,57
5893,30
5894,48
5895,35
5896,62
5897,22
5898,39
5899,2
314,5
3439,54
1885,54
3884,47
3887,3
3886,25
3881,1
3880,145
494,164
3882,21
2481,11
4919,5
2129,403
368,5
2484,1
3963,8
4914,35
1884,1
4863,1
942,285
4913,375
5151,43
4662,3
4911,283
4008,37
4009,16
2017,156
4003,1
4005,58
4006,36
4007,1
322,126
3970,658
320,234
3972,410
3975,114
327,10
324,576
325,113
3979,58
3978,1
328,11
329,232
3629,603
3628,137
758,7
948,15
3623,1
3622,209
3625,106
3627,6
4714,631
2331,552
4710,12
4711,24
4712,65
4713,271
2338,160
6133,8
4718,427
1597,10
6134,1
6135,26
3073,11
1880,3
3250,1
3074,1
3075,3
3715,52
3714,29
3711,57
3712,1
1592,14
3719,37
4479,553
4478,620
5170,2
3079,58
4471,167
4470,390
4473,75
4472,21
4475,17
4474,28
4476,10
4909,1
6007,10
2488,12
6001,471
2486,31
4900,15
4675,14
2485,656
2482,335
4672,53
4671,63
4670,76
2248,2
2249,701
2244,15
2245,3
2246,26
2240,6
2241,32
2242,5
2243,134
995,20
994,1250
997,476
2467,194
2461,98
2462,88
992,186
5146,59
5147,6
5144,194
5145,1
5142,122
998,207
5140,356
5141,281
120,71
3400,60
3403,5
5347,271
124,57
3404,142
3407,248
127,29
3409,342
3408,75
1020,13
3416,22
1136,8
4871,5
3379,41
3417,60
5822,64
3378,110
3414,408
3377,703
2798,82
130,145
5424,9
2060,47
2061,65
2062,17
2063,61
2796,46
2065,2
3413,159
5348,27
3411,16
3372,11
3371,27
943,375
5098,679
5099,512
3579,106
3578,1071
727,17
3575,29
5091,51
5092,47
5093,103
5094,17
5095,1
5096,67
5097,34
4497,6
4496,1
4495,3
4494,22
2662,203
4492,43
2660,30
2661,110
722,132
4499,14
4498,4
2938,267
2939,63
2936,686
2937,184
721,106
2932,23
2930,95
2931,209
5326,128
5327,1
5325,21
5322,99
941,553
1836,483
231,1
5328,520
5329,94
1645,6
1647,24
1646,11
1641,12
1640,41
1642,247
2783,9
1835,33
1649,255
2598,5
3795,4
383,12
4881,96
1526,3
729,19
5251,2
3797,7
2013,1
1839,245
1165,60
570,3
607,83
574,2
2808,86
2809,46
3169,522
3166,2
2803,40
3162,37
600,17
5432,13
5433,8
5430,83
1422,160
3368,120
3369,35
1427,5
2155,293
3364,13
1428,130
5438,3
1163,16
2156,10
3362,35
730,4
4982,395
735,1998
737,10
2402,14
4984,199
4273,52
4272,562
4271,121
4270,89
4277,99
4987,32
4275,16
4274,12
465,33
609,201
467,1062
466,22
461,160
463,118
1200,466
4660,33
5554,402
5556,143
5553,289
5552,59
5559,66
5558,902
4224,4
712,4
2010,12
1518,45
1515,104
1516,22
1511,135
1510,24
1512,5
4225,51
5526,110
281,15
5755,10
4886,5
5883,284
5882,27
1894,9
5880,40
5887,224
5886,156
5885,188
5884,15
4859,872
5889,156
5888,32
1798,1
778,13
3184,4
3185,2
3186,3
3187,52
3180,696
3181,21
3182,134
4858,10
3188,139
3189,2
5875,8
657,36
3397,272
1277,67
5972,11
4018,23
4013,3
4012,210
4011,172
4010,121
4017,6
4016,94
4014,184
357,21
4904,10
355,99
353,199
3989,98
3984,23
4420,188
3986,128
3981,17
3982,12
3983,11
3612,83
5796,4
6125,55
6124,186
6127,322
6126,354
6121,12
6122,69
41,25
4707,17
4706,402
2321,188
4704,955
4703,575
4702,152
2325,79
2324,197
2329,43
1113,43
4709,144
4708,5
289,488
288,17
1444,3
2830,10
1793,170
280,101
283,71
282,30
285,33
284,13
287,76
286,71
3760,39
3761,25
3763,18
3764,13
3765,1
3766,113
3767,35
3768,36
3769,41
1440,73
263,1
262,15
267,38
266,20
265,27
264,42
269,810
268,112
4519,27
6011,113
2190,1
6013,40
1563,2
6015,75
6014,4
1215,2
6016,73
6019,275
2490,502
2493,4
2492,676
4646,49
2192,1
2497,332
4645,213
4424,18
259,30
1566,103
2259,55
2258,56
2257,209
2256,133
2255,19
1567,122
2253,28
2251,7
4636,518
2477,356
5158,2
2475,275
2474,37
2473,2
2470,124
982,28
5150,56
980,14
5152,124
5155,524
5154,40
5157,95
985,193
252,137
117,128
4090,3
111,79
110,61
113,18
2199,2
119,29
118,21
2785,433
2784,470
4802,87
2786,355
2781,3
4805,212
4806,226
4807,2
4809,1
2788,4
2079,179
2078,1034
2073,316
2071,1
2075,33
2074,169
4098,2
2201,28
4363,7
3508,6
3509,6
5089,43
5082,36
3502,100
3503,20
3504,49
3505,14
3506,44
3507,62
2675,7
2674,10
2677,6
2676,29
2678,6
2929,607
2928,280
2921,177
2920,207
2924,65
5330,10
5333,848
5332,374
3394,54
3685,56
1986,223
3215,1227
3216,59
1985,160
3210,818
1983,179
1636,947
1637,1684
483,20
3218,7
3219,2
1988,1
1989,9
659,21
3222,20
3862,1
2817,56
2816,232
2811,15
2810,2
2812,28
561,1
562,2
2819,21
2818,798
567,48
3179,7
3178,648
5255,11
2366,72
3171,36
3170,15
3173,195
3172,3
3175,72
3177,57
5086,8
2364,3
5429,95
5428,6
1188,10
1189,209
1186,134
1187,719
1184,27
3374,75
1182,16
1183,55
1180,198
1181,7
726,17
4390,22
724,6
725,45
1748,156
723,308
720,11
4391,235
1744,25
1745,22
1746,24
1747,48
1741,80
1742,27
1743,144
1164,1
2587,244
1166,63
5637,80
1160,96
3308,1
4248,246
4249,32
4246,8
4247,438
4244,66
3309,137
4242,4
1169,987
4240,59
4241,5
5520,10
5521,215
5523,237
5524,35
5525,35
5181,149
5527,334
5528,2
5529,23
4397,3
3304,13
3197,58
5497,11
48,126
49,644
46,235
47,451
43,72
40,30
3303,6
1568,833
1569,25
3194,119
3300,2
4021,8
1561,204
5493,9
1294,344
1295,89
1713,86
1360,26
5253,170
591,22
795,60
2425,4
4739,1
1710,38
5027,374
793,78
2599,2
792,55
4398,50
1366,17
5639,404
5634,75
5635,46
4392,24
4393,116
4394,27
4395,1
5632,37
5633,33
472,119
473,38
470,112
471,48
476,1
3192,12
474,36
3190,4
1865,1
478,38
479,272
1719,15
3199,7
1369,30
