1718,46
2511,2
4446,32
1200,3288
1866,43
5745,182
4026,172
4027,1971
4024,500
4025,3352
4022,24
4023,55
4449,1685
3798,20
4028,24
4029,276
5988,259
5989,2468
5982,179
4642,8
2058,3
5981,115
5986,357
966,29
5984,781
340,216
341,23
342,299
343,113
3997,166
3996,1087
3995,1546
3994,464
348,465
349,46
3991,117
3990,128
964,735
4844,771
965,22
1343,40
4932,357
1158,429
3573,100
4685,7
5373,135
2919,22
3236,2265
4935,711
4732,790
5970,38
4736,2862
4737,114
2318,1092
2319,6073
2316,6142
2317,194
4738,1728
963,405
2312,299
2313,148
2311,146
5854,1
4831,72
2184,113
5857,4
298,59
5853,2538
296,1
3237,11
294,61
1655,17
292,604
293,124
290,49
291,363
3773,264
3771,87
3680,902
5749,9
3776,438
3775,162
3774,185
4835,56
3778,44
1325,15
4834,19
270,198
271,92
272,2348
4656,1621
274,1459
4650,442
276,37
3234,242
582,1
4520,3
4659,7
4658,793
374,30
3446,18
4782,23
1612,240
642,588
2269,171
2262,102
2263,65
2260,867
2261,288
2266,160
2267,5
2264,314
2265,21
2442,15
2443,16
2441,3
2446,1409
2447,31216
2444,628
2445,2639
2448,291
2449,105
1136,53
108,3148
109,1006
2102,40
103,66
100,4
106,66
107,3394
104,3
105,186
2046,757
4812,743
2044,118
4810,253
4817,1176
2043,6049
2040,2502
2041,583
2107,136
4819,3954
4818,1441
2048,603
2049,3779
1373,5
2105,118
2104,294
820,5
2993,35
5451,1
1086,14
5987,1
1372,112
1060,2
5116,276
2836,37
5111,757
2835,22
2142,472
3519,55
3518,106
5298,92
3513,266
3512,195
3511,13
3510,61
3517,30
3516,148
3515,22
3514,3995
1420,42
5483,88
2831,4
5297,34
2684,909
2685,54
2686,52
2687,861
2680,1502
2681,29
2682,1119
1000,1797
3441,89
1437,153
5119,177
1211,19
3998,117
3393,472
5118,1
99,45
5482,48
3019,652
4937,38
91,38
3395,183
94,1810
96,599
1991,885
5183,110
3205,242
5181,845
5186,1272
1994,227
1625,1059
5185,111
1999,278
1998,283
1629,509
5189,2936
3208,1827
1787,21
1293,11
3010,388
4526,107
2861,11
2862,3
2863,211
559,120
2865,256
2866,1299
2867,31
2868,336
554,34
551,95
550,1557
553,438
552,33
5054,89
5409,128
3538,2601
5408,208
5458,248
1198,163
3348,1575
3349,6683
1191,773
1190,4007
3340,68
3341,194
1195,596
1194,57
3344,181
3345,224
3780,34
1758,45
1756,3761
1755,951
1754,1226
1753,1530
1752,301
1751,583
1750,920
4259,286
4258,3171
1175,1438
1174,416
1173,836
1172,271
1171,6765
1170,6990
4251,796
4250,249
4253,1
4252,382
4255,2576
4254,238
1179,17
1178,76
5533,2059
5532,991
5531,760
5530,205
5537,3
5536,58
5535,105
5534,2095
1875,178
5539,373
5538,25
513,116
644,353
1811,3
1285,555
1284,5
1287,1057
1004,636
1281,94
1280,76
1282,1957
515,22
547,5
404,57
5102,1
3430,1
1579,2543
1578,10882
689,54
1001,146
1872,2
3431,71
685,1951
684,397
1571,455
1570,479
1577,64
3432,47
1575,90
1574,108
1348,735
875,1
1349,435
3434,31
1240,1719
873,71
4521,557
603,32
871,150
4687,11
1888,79
626,40
2741,568
4389,3
3325,15
5628,76
4383,183
5626,534
4381,115
4380,1128
2191,39
4590,121
4385,127
4384,129
407,5415
1370,956
405,72
2034,2250
402,21
1377,1
400,263
1379,385
4596,581
1342,296
409,6585
408,26348
3834,118
3835,709
3836,8
3837,445
3830,89
3831,6219
3832,1435
3833,521
454,350
2030,11946
3839,4893
3092,10
5995,834
4030,923
5997,1
5996,94
4035,59
5990,170
5993,2991
5992,3646
4038,332
457,615
5999,26
5998,217
977,40
3569,12
4734,591
4735,17
3453,361
379,260
378,2396
3620,45
4816,2
371,4
373,12
4843,78
976,8
377,2909
376,325
2343,5
2315,40
5107,122
5664,1202
393,32
392,6
391,11
390,8
397,1364
396,7516
395,594
394,1495
6007,28
398,2404
4345,2
2309,2918
1247,4241
4344,19
4729,66
4728,1044
5855,58
4725,43
2300,1016
4727,1152
4726,996
4721,58
5856,34
4723,219
2306,112
5847,57
5846,2
5845,1861
5844,624
5842,107
5841,308
5840,123
4340,8
5849,91
5848,319
5852,42
3749,5
3746,4
3747,541
299,56
3742,630
3743,696
3740,1
3741,329
245,536
4621,487
247,1279
246,726
4624,1169
4625,766
4626,6
242,131
4628,9
3591,1
249,64
248,1589
2887,107
2275,649
2274,11
2277,5
2276,236
2271,1422
2270,216
2273,315
2272,851
5858,17
2279,1311
2278,3823
4407,3
972,238
5912,24
1846,151
2232,9
3454,3
125,235
2455,6
2454,2036
2456,3075
2451,46
2453,186
2452,10
3770,23
4980,960
176,541
175,1250
174,124
2199,78
172,2309
170,1946
2051,302
2050,600
2053,12
1111,731
2055,97
2054,269
4828,26
4829,1875
4826,115
4827,90
3692,98
3693,373
4822,471
3695,4958
4820,640
3697,358
4983,164
3596,168
652,188
3088,1079
1879,54
1367,265
5495,25
1505,33
3526,4
3527,3
3525,74
3522,69
3523,50
3520,8
3521,43
1508,926
3528,12
3529,5
1364,265
3086,149
4654,1106
1978,8
4657,437
225,115
3080,144
3225,90
273,67
3083,284
3224,1146
4651,748
2695,223
659,173
2693,36
1603,42
2691,4
275,121
2405,87
1602,44
4653,35
1605,89
277,226
3220,110
1971,260
3673,3551
1606,856
3232,876
3233,163
5490,103
1968,533
1969,5636
1618,609
1619,488
1964,525
1617,395
1966,1008
1615,1608
5191,6908
1613,678
1610,1519
1963,891
1749,4
3650,962
1363,46
714,3
2873,269
2872,842
2871,244
2870,100
2877,1313
2876,828
2875,195
2874,120
2153,46
2879,5353
2878,2307
4534,137
5693,21
3354,229
1724,47
3351,3689
3350,4314
3353,7
3352,5145
3358,1
5448,783
3745,109
4989,46
5443,606
5442,24
5441,82
5440,219
5447,56
5446,351
5444,409
1768,742
1762,31
1763,129
1760,20
1761,15
1766,114
1767,353
1764,263
1765,365
2965,1
1140,197
1147,8
2964,8
2692,9
2966,21
2402,71
5509,2
505,3
2762,29
5505,20
5502,41
5503,26
5500,33
2960,66
1547,1652
1544,102
691,313
696,385
697,589
1540,93
1541,1042
698,120
699,9
1548,1269
1549,3602
4881,333
546,60
3204,55
3784,191
548,1507
549,9
760,409
3885,17
1783,129
4530,545
2969,72
2064,190
1785,1534
2195,69
2388,48
1256,14
5137,32
2649,10
4531,406
3321,41
5612,6
5611,639
3322,436
5614,139
5615,12
415,1256
416,7
417,68
1388,2830
5832,128
412,10
18,149
1384,203
5472,27
1386,87
1387,23
418,25
1381,3200
1382,959
1383,1982
5003,46
3825,444
4532,87
3326,5
3821,2
5002,37
3582,97
3829,591
3828,121
3328,206
5000,120
1177,4
5007,88
5006,2
4282,1708
4280,1289
4281,251
4286,202
4284,44
781,3
5461,3
4288,203
5004,29
2403,63
3044,65
3588,4
1305,54
368,129
3589,74
366,884
367,24
364,10
365,1
362,18
363,46
3214,10
5274,32
5008,10
1774,2857
3202,6
1777,2
380,937
381,8
382,413
383,65
384,2
385,18
387,201
388,1192
389,561
2764,142
1770,25
4758,626
4759,558
5272,2
4750,213
4751,41
4752,60
4753,486
4754,2
4755,1
4757,9
5872,1381
5873,1055
5871,1776
5876,340
5877,2704
5874,1
5875,9
5878,78
5879,103
1074,7
3759,58
5376,1
4664,9
3751,282
5278,59
3753,1533
3755,141
3754,106
3756,23
2190,6
4632,13
258,4355
259,150
2194,205
4636,1713
4635,26
2197,803
2198,2503
253,971
250,948
4638,682
256,119
257,97
254,615
255,743
2200,2753
2201,205
2202,6935
2203,1236
2204,172
2205,463
2206,102
901,40
2209,81
476,3
2429,4016
2304,70
2047,128
2420,426
2422,2
2423,64
2424,61
4811,879
2426,1242
2045,84
168,219
169,1226
165,596
166,6
167,346
160,41
161,1827
162,86
163,11
4839,506
4838,32
3688,107
3583,44
4528,47
3683,275
4830,282
4833,1405
4832,57
3687,221
4522,316
3685,197
4836,298
1843,35
2518,60
2519,112
1980,46
2514,9
2516,1
2517,171
4660,194
2512,2
2513,198
2734,7
2735,92
2736,1
4421,22
2730,46
2731,2708
2732,909
2733,1676
5296,532
1847,1048
5294,14
5295,89
5292,6
5293,125
5290,179
5291,156
3531,622
3530,2
3533,298
3532,818
5058,229
5059,744
3537,82
3536,370
3539,42
5055,710
5056,485
5057,1346
5050,148
5051,125
5052,527
5053,185
1814,814
1815,58
1816,97
1810,431
4338,59
1812,6
1813,3496
4339,83
1818,1347
1819,8
1107,8
4959,1
675,46
2169,465
4334,1656
2802,1
677,57
1098,619
6070,55
1099,330
3042,46
672,340
4663,108
4331,2
2167,46
1608,1082
4987,113
1979,19
3134,1937
1601,345
1976,3706
1975,519
1974,656
1973,6668
1972,737
3223,275
1970,1926
809,109
808,96
2163,2
800,2
807,481
1308,107
4437,8
4405,83
2846,17
2844,31
2843,76
2840,2
2841,25
5477,303
5474,117
3323,2855
3324,73
5473,117
5470,51
3327,8
1624,2194
3329,1149
1775,1009
5275,1406
5276,502
1776,213
5270,140
5271,582
1773,21
323,89
4855,65
1779,133
320,871
1352,1640
321,339
1990,106
2806,529
326,623
5516,12
1159,264
324,2200
2999,12
1157,554
325,423
862,87
1150,1115
2162,12
5519,345
5518,226
5511,8
3038,44
146,26
5517,5
1554,668
1550,635
1553,2
1552,1
59,4230
58,285
1557,6
1556,1
3034,121
3035,83
57,1063
56,3740
3030,2063
50,235
53,120
52,81
54,8
2992,37
6009,32
3037,92
1908,72
2771,4
2994,19
1909,11
2995,2176
5605,770
5604,1286
5607,15
5606,1340
5601,154
3032,1388
5603,123
1907,32
3600,181
3033,5473
5609,147
5608,71
3724,22
1905,123
3290,10
3291,33
429,2534
428,1423
5131,1500
1399,1748
1398,197
421,60
1396,109
423,480
422,546
425,5
424,13
1391,125
426,18
3812,75
3813,252
3810,3
3811,19
3816,66
3815,315
3818,480
3819,1287
4957,3
3450,24
3451,189
5797,7
850,58
1842,731
4692,5
851,19
4299,70
4298,19
5369,44
4294,406
4297,71
853,64
4291,119
4290,80
4293,7
4292,117
1503,82
1841,2283
2775,1
2588,6
2298,171
2776,21
4749,22
4748,445
1425,17
4743,1395
4742,1100
4741,13
4740,464
4747,771
4746,15
4745,565
4744,18
5869,571
5868,177
4243,170
5865,1
5864,474
5867,248
5866,9
5861,437
5860,363
5863,22
5862,210
2330,205
2331,1289
5350,1261
2183,1000
2182,953
2181,93
2180,2463
4696,4
229,11
4609,3904
4606,234
4607,488
2189,371
2188,867
4602,116
3548,61
221,3
220,42
2213,29
2212,5
2211,103
2210,424
2217,17
2216,57
2214,101
2219,155
2218,332
2339,32
2683,1634
1167,4
5600,354
151,246
150,280
153,190
2438,543
3971,43
154,622
156,10
159,68
158,100
2431,11
2430,415
2437,133
2436,1183
2435,199
1686,88
4519,180
4988,10
4512,248
4510,11
4511,149
4516,27
4517,331
4514,540
4515,1891
1359,28
1162,476
2507,20
2506,24
2505,26
2504,7
2503,23
2502,22
2501,63
2500,19
124,337
2726,7
2723,1104
2722,41
2721,31
2720,12
5280,2689
5283,540
5285,332
5284,271
2729,1214
5286,34
1163,26
5049,15
5048,695
5047,1991
5046,2846
5042,151
5041,431
5040,32
3782,565
3783,375
1805,327
1804,128
3786,472
1802,293
1801,206
1800,1627
3788,10170
3789,758
1809,14
1808,212
4994,429
4995,19
4992,263
4993,573
4990,46
4991,19
2537,70
126,39
4998,739
4999,80
5567,967
5340,2
5561,523
90,128
632,300
149,1
870,80
3258,12
3259,371
1948,265
1525,594
1942,203
1943,1060
1940,440
1941,1298
3254,129
1947,235
3256,228
3257,1
1255,2
810,23
1252,88
812,254
813,309
814,711
815,380
816,33
817,512
5182,793
3206,108
2850,4
1523,17
2855,12
5180,709
3333,412
5460,488
3331,135
3330,904
1494,29
3336,3406
5467,309
3334,5365
5469,153
5468,163
3339,547
3338,526
1395,96
5187,2361
1700,87
1701,1
1703,254
1704,627
3201,303
1706,372
4571,6
1709,70
1168,1
1996,2302
5269,4886
5268,1422
4573,108
427,7
3658,440
1259,208
237,285
5188,76
3659,12
1128,26
2093,924
1121,11
1122,161
4577,47
3556,9
1125,8
1127,23
4578,1053
4579,1067
313,116
4722,4
5437,13
2988,497
1807,122
3373,115
3029,127
3028,46
2983,367
2982,32
3025,319
2980,416
3023,13
2986,28
3021,37
3020,1256
1090,245
3953,5211
526,5
1018,646
1019,1066
312,345
695,27
1016,23
1017,45
1010,258
1011,1114
1012,11
1013,2029
3950,1138
1230,8
1231,11
1232,254
1233,28
1238,2
5671,1
5674,334
4359,45
5676,3
5678,110
4355,286
4356,97
307,6
4350,38
4351,9179
4352,3
4353,171
2488,40
4901,545
1341,34
438,765
439,469
436,1357
437,12782
434,184
435,1170
432,384
4675,42
2830,136
431,39
3809,100
3808,422
3805,99
4673,465
3807,126
3806,57
3800,762
3802,1993
4671,226
3312,470
2864,360
2481,55
558,4
1668,14
5708,1
5709,321
5704,1095
5705,72
5707,296
5700,361
5702,46
5703,91
555,1
2706,13
5362,74
2869,114
4697,12
634,45
1960,33
315,79
4776,2
4777,240
4774,37
4775,68
4773,77
4770,527
4771,151
4778,7
4779,136
4174,540
4175,48
4176,317
4399,24
2637,240
4172,7
4173,114
1961,176
2700,26
5818,26
5819,88
1435,43
5810,1240
5815,160
5816,1
5817,59
2464,232
4296,6
1962,99
927,23
5602,16
4619,103
4618,403
996,38
238,18
239,325
234,239
235,3666
4613,820
4612,1441
4615,13
4614,175
5060,831
226,14
993,52
2228,13
2229,1
2226,56
2227,17
2224,82
2225,154
2222,268
2223,240
2220,210
2221,74
5924,39
5925,966
5926,325
1433,345
5920,240
5921,386
5922,48
5923,3098
4837,1
5928,899
5929,118
4824,35
147,25
144,4813
145,143
142,733
143,1941
140,1009
141,105
5679,35
2701,6
5355,36
148,83
5143,8345
1430,57
1196,35
4506,53
4501,31
4500,1009
4503,207
4502,3
1054,9
4509,630
1055,462
4683,65
2088,2106
2089,2092
1056,90
121,44
2082,65
2083,569
2080,54
2081,401
2086,4
2087,5821
2084,359
2085,195
1537,46
3342,3542
2538,2526
2539,1831
3343,53
2532,1097
2533,375
2530,1643
2531,2343
2536,1714
1193,247
2534,784
2535,468
2712,356
4321,483
2710,2062
2711,1770
2716,261
2717,44
2714,235
2715,189
4238,50
3346,11
2719,87
3347,145
128,117
5079,395
129,254
5072,211
5073,137
5070,753
5071,378
5077,241
5074,854
5075,1314
1832,20
1833,152
3799,3685
1837,459
1834,64
1697,121
1716,39
3090,503
1838,1380
1839,1041
3791,2722
3790,599
3793,149
3792,996
2154,947
2155,1070
2404,682
4982,1017
2150,353
2151,650
2152,4138
4986,477
933,53
932,112
931,462
930,60
2159,2118
935,43
934,155
5381,4
5382,26
5384,13
5386,9
3091,1283
5388,56
5389,16
136,40
1957,1829
1956,3715
1950,7
1952,158
1829,2
1959,366
1958,18
3248,955
3096,314
3242,570
3247,560
3246,1011
3245,18
3244,284
4404,138
228,31
828,542
4680,573
825,1
824,13
827,38
826,2
3710,6
4406,37
822,3
4310,63
3097,918
1536,75
1176,524
1821,140
3053,194
5629,109
1993,171
227,147
1482,62
1481,197
619,76
1487,1121
4402,581
1485,84
1484,2036
3306,1098
3307,4
3304,47
3305,115
3302,398
3303,30
5492,926
3301,608
1713,558
796,1911
795,1174
794,317
793,233
5257,206
1715,138
929,650
5258,39
5259,417
799,997
4318,363
2144,33
4319,11
3712,1
4978,214
4979,252
5946,61
1139,132
4063,238
1995,1101
4329,1732
4395,1
1137,134
5944,279
1135,28
1134,1
4974,723
5945,72
1276,1109
921,54
4066,15
4256,286
2062,103
3018,1158
2791,114
4064,10
3012,871
3013,50
224,1225
3011,75
3016,266
3017,2520
3014,40
2065,1
519,481
518,43
4972,221
1009,181
1007,95
1006,382
1005,460
2148,766
1003,182
1002,62
517,659
516,95
623,208
1226,100
621,36
620,158
627,1387
1997,17
625,703
624,376
629,346
628,571
1229,6
1228,79
5663,146
5662,273
5660,9
5667,32
5666,2
5665,222
4348,315
5669,883
5668,2160
4343,481
4342,25
3681,113
2882,43
2883,33
2880,331
2881,6
2886,127
3197,161
2884,30
2885,2927
23,85
2888,1
2889,61
2,185
3099,30
3878,29
3879,526
1627,9
3870,484
3871,797
3872,171
3873,610
3874,118
3875,1287
3876,2389
3877,1572
5434,3
1920,2
13,285
928,17
15,285
14,721
17,66
5718,85
5717,87
5716,124
5715,4051
5714,855
5713,4593
5712,1746
5711,237
5710,90
2740,49
3275,10
3272,112
3310,6
1925,1653
3904,113
3905,2
3906,2344
3907,230
3900,1004
3901,90
3602,26
3113,40
3027,71
3908,88
3909,12
4761,236
4760,356
4762,122
4765,158
4766,25
4769,2026
4768,1157
3193,53
4167,23
4165,1003
1105,27
4160,46
4168,21
5809,2172
5808,113
5803,127
5802,23
5801,329
5800,3445
5807,18
5806,187
5804,3457
201,189
200,1209
202,199
205,1337
204,537
207,782
206,25
209,3555
208,912
2745,229
830,12
679,65
2954,49
1573,48
3477,520
1572,71
836,19
2314,28
687,1476
3300,2
3471,18
2239,3431
2238,56
686,207
834,6
2231,103
2230,523
2233,131
835,238
2234,21
2237,98
2236,96
5937,1614
3575,24
5933,22
683,167
5931,322
5930,635
682,1089
3577,184
5939,46
5938,1601
1631,66
5093,546
712,18
3498,560
3499,289
3496,1447
3497,563
3494,164
3495,882
3492,218
3493,79
3490,88
3491,1290
4570,23
2094,2805
4572,51
2096,10150
2091,797
2090,2089
4576,7230
2092,1445
3654,3346
3655,744
3656,34
5097,169
2099,15
2098,562
3652,1052
3653,299
2525,2867
2524,778
2527,40
2526,1353
2521,105
2520,1187
2523,121
2522,28
2529,6
2528,1176
4494,31
940,25
4492,471
5065,363
5064,280
5067,818
5066,714
2709,175
2708,2076
5063,26
4880,272
2704,899
2707,572
4883,375
5069,177
5068,85
2703,607
2702,653
4090,29
4408,164
2951,19
1825,789
1824,206
1827,355
1826,930
4400,1111
4401,571
1823,283
4403,250
2147,46
2146,1444
2413,396
2412,175
2143,43
2414,777
2417,1968
2416,3441
2419,1317
2418,3730
4977,463
4970,3050
4971,1971
2149,1098
499,344
5393,377
5392,15
5391,2087
5390,1195
5397,25
5395,367
5394,6
2411,1
5399,90
5398,225
4326,17
4564,291
3276,2
3277,9
3274,985
1923,676
1924,224
3273,217
1926,1002
1927,2147
1928,2665
1929,324
3278,845
3279,325
3474,2544
3475,145
3476,100
497,1087
3470,689
837,342
3472,368
3473,645
4220,10
838,154
839,971
3478,335
3479,181
4821,27
491,197
3,100
671,847
1986,871
5586,26
2178,12
3574,5
3319,1258
3318,1937
923,556
5488,50
5487,923
5486,332
3313,462
5484,181
3315,1018
3314,554
3317,411
3316,54
784,2853
786,370
787,123
780,2
5248,163
1728,2614
783,1612
5245,3662
1727,82
5247,459
1725,59
1722,28
1723,220
5243,593
1721,1268
924,55
2361,15
4382,42
2355,11
4159,19
2769,25
468,12
1042,3
2439,611
4386,509
60,901
3311,531
62,316
63,109
3001,1449
3000,1165
66,592
3002,4168
68,949
69,122
3009,1171
5485,822
5342,5
1371,1480
1588,20
1589,1148
406,46
1582,87
1583,2311
1580,315
1581,84
1586,302
926,5
1584,52
1585,40
2433,39
1038,283
1039,4851
5481,2
508,927
1032,87
1033,81
1030,94
1031,319
1036,1955
1037,1621
1034,259
1374,9
1212,1042
631,989
1210,102
633,206
1216,132
1217,143
636,2591
637,2808
638,2185
639,172
1848,2
1219,1503
3024,71
4378,1239
4379,1731
5658,348
5656,68
5249,89
4370,213
5655,303
3335,646
2661,124
5650,476
5651,220
2899,392
782,358
6058,25
2895,55
2894,1378
2897,302
2891,74
2890,13
2893,506
2892,2108
1454,3
1455,3
1456,1119
1457,46
1102,347
1103,181
1452,106
1453,492
1898,126
5994,1
1458,1953
1459,31
4456,11
4080,13
4081,3
3869,5326
5246,58
4084,88
3739,8
4087,2
3863,285
3862,18
3861,546
3860,2673
3867,1469
3864,1
1357,61
1894,4
1720,62
3736,3538
3148,19
1896,68
5728,113
3734,999
3733,1
5720,145
5727,672
3732,350
3185,3
4466,2
3731,9
1576,22
4903,136
3917,61
4691,268
3915,164
1123,6
3912,750
3911,10
3910,2062
5631,9
4921,738
2013,198
3918,116
2135,159
4798,38
4799,715
4794,4
4973,1140
4797,27
4791,23
4792,869
4926,2919
4152,1468
5837,342
4150,1021
5835,1039
4156,396
2130,2757
5830,1953
4155,186
982,290
2131,580
5838,1
5839,685
5459,9
4032,5
1910,26
1914,6
4034,2
214,1
215,256
210,65
920,57
2138,536
6088,1683
6089,109
6086,391
6084,720
6056,421
6082,312
6083,72
6080,585
6081,76
980,141
681,1
5902,6
5903,51
5900,97
939,127
5906,24
5907,127
5904,201
5905,3921
5908,41
5909,208
3489,38
3488,669
981,8
2509,11
3481,60
3480,596
3485,194
3484,169
3487,24
3486,690
938,8
4567,170
4566,97
3649,40
6050,9887
3647,183
3646,91
4569,470
3643,201
3641,2
3640,7206
2550,57
3005,133
2552,418
2553,120
2554,55
2555,29
2556,837
61,252
3283,77
2559,39
3007,5
2396,1035
2397,637
2394,102
2395,690
3694,129
2393,45
2391,106
3022,11
64,7
6041,49
5206,64
2398,31
65,7
2778,1
5011,61
5012,134
4898,72
5014,2
5015,109
3282,61
5017,21
2770,758
5019,9
4891,163
67,494
4896,35
4895,499
2777,41
1563,1
3076,2
2597,2
2803,38
984,45
1858,1171
1859,1206
3281,11
4418,36
1850,572
1851,349
1852,277
4414,271
1854,1619
4412,69
1856,971
1857,1210
6064,85
2173,32
6066,121
2171,1255
6060,984
4900,151
2174,1425
4968,1432
4967,92
914,193
4965,76
2179,712
1355,2
6069,10
913,272
4960,24
1569,24
2606,206
2601,11
2602,2
5433,31
4270,1320
2608,8
2609,67
152,15
2645,65
1933,1283
1932,785
1931,2839
1422,1205
1937,32
1936,134
3267,333
1934,6106
5124,305
5125,61
1939,1384
2728,4
5120,67
5121,229
5122,498
5123,88
3467,760
5630,370
845,1080
3464,206
3463,2141
842,1557
841,2144
840,2133
1426,35
2975,1
849,72
848,48
1632,37
3364,65
433,314
241,73
2406,117
459,61
5452,56
5439,10
4905,37
6046,165
2407,69
1192,40
1739,440
1738,199
5230,870
5231,739
5232,294
5233,544
1735,676
1734,1252
1737,425
1736,1949
243,7
732,4
5405,247
2052,9
5454,24
753,1727
752,343
750,396
757,720
756,53
755,37
754,2141
759,14
758,410
2348,41
3070,5429
3071,509
3072,446
3781,105
3074,89
3075,94
1593,15
3077,358
3078,28
3079,33
2956,746
2957,5
2950,33
1598,398
3787,32
1025,96
5345,170
1027,1797
5347,1037
1021,30
1020,19
1023,695
1022,1592
4906,25
3785,156
1029,2379
1028,2566
503,53
500,141
4045,43
501,27
936,17
3701,544
605,53
604,18
4367,263
4366,614
4361,194
600,34
4363,29
1213,945
1205,95
1204,646
1207,620
1206,1634
609,345
608,3048
5649,406
5648,41
1358,511
5457,415
4277,979
5642,2
5645,64
5644,106
5647,39
635,71
3696,304
1806,12
3109,110
3105,1
3107,555
3100,1939
3101,1192
3102,92
3103,9
1447,950
1110,574
1445,725
1444,40
1115,404
1114,298
36,1
1440,774
2006,11
2478,21
4279,345
1449,106
1448,483
4093,2910
4092,162
1350,32
2759,97
4096,1287
3648,2
4094,1745
2401,368
4099,42
4858,26
791,6
5735,647
5737,307
4047,283
5731,1
5730,278
622,17
3704,118
484,594
5739,1058
5738,56
480,46
5555,48
4586,29
4581,17
903,4
790,3
4852,6
2301,965
4583,4
3705,80
4724,84
1061,25
4582,12
2303,18
3922,8
3923,3
3920,612
2302,3397
3926,48
3925,7
2305,434
3928,1
3929,226
3993,349
6045,621
2320,147
4789,88
4788,162
4787,28
4786,421
4785,1069
4784,43
4783,83
5654,476
4781,33
4780,39
5821,99
5820,15
5823,132
5822,157
4149,48
5824,75
5827,483
5826,377
5829,477
4144,533
3992,156
4143,121
5653,601
3856,77
3854,827
3855,156
3852,2529
3853,848
3850,81
3851,5224
1595,9
992,679
3858,2290
3859,2336
6099,3688
6098,84
5303,35
6093,118
6095,137
6097,281
6096,21
5403,16
4823,517
16,44
5919,8
5918,8
4304,10
5914,51
5917,8
5916,73
5911,10
5910,64
5913,44
1345,28
198,310
2465,7
195,1221
194,52
197,2401
196,15
193,195
192,22
19,2
3678,4
3679,6
1117,1
3672,131
4557,701
3670,3742
3671,1221
3676,4197
3677,2509
3674,2028
2543,86
1106,70
2541,84
2540,444
2547,419
2546,101
2545,91
2544,9140
1274,10
2549,465
2548,140
1104,107
2381,4
2380,4
2382,32
2385,99
2387,202
2386,116
2389,30
1450,228
1451,39
3580,50
3581,205
5001,171
2768,214
3584,979
3585,647
3586,285
3587,93
2763,39
2127,58
2761,80
2760,27
2767,57
2766,150
2765,260
2285,100
999,2
2007,29
4260,2477
902,113
4620,203
900,7
4429,761
906,47
907,1
904,55
905,9
4422,6
420,111
908,71
1840,3715
4426,468
4427,845
1845,364
1844,1648
6076,445
4958,152
6074,43
6073,331
2168,728
6071,166
3251,83
4952,1
4953,3312
4950,145
2166,5
4956,143
2160,774
4954,17
240,63
2617,40
2616,883
2615,21
2614,2136
2613,1094
2612,488
2611,27
2610,103
1946,12
4627,355
4082,996
2618,294
4083,20
1944,125
5139,5187
5138,438
1906,101
3295,1693
5135,3781
3297,311
5133,91
5132,1179
3292,998
3293,1259
3452,10
855,1296
856,286
857,287
3456,154
3457,751
852,35
3455,208
372,26
4545,42
3458,6
3459,93
858,9297
859,44
5425,144
6,2195
2463,449
2042,107
3402,108
5082,59
4813,1
5229,44
5228,242
5223,204
5222,67
5220,58
5226,4
5225,94
4187,1
4679,313
740,11
742,1099
743,1648
744,459
745,1268
746,498
747,528
748,53
749,215
5884,45
3060,119
2949,954
2948,1382
2947,494
2946,567
2945,837
2944,22
2943,61
2942,33
2941,1822
2940,1078
5357,355
5356,1566
1052,1776
5354,2156
5353,775
5352,621
5351,2555
5234,238
1058,178
1059,396
718,6
5359,93
5358,13
1696,21
717,765
1694,61
1695,86
1692,8
1693,2
1792,2073
2595,641
715,166
1278,436
1279,91
618,69
4313,1740
5289,5
5235,52
4316,63
4317,900
612,110
613,22
610,175
611,2228
616,259
617,978
614,135
615,981
1201,12
2186,3
5729,202
3008,20
711,90
710,27
1490,7879
2377,7
3119,410
3332,247
3117,1338
3116,185
3115,347
3114,389
4269,21
3112,32
2469,117
3110,96
1472,373
1473,666
1470,747
5462,40
1307,30
1474,139
279,2
3337,48
1478,131
1479,13
1495,70
1304,2
2594,5
1306,435
1181,23
1300,807
1301,1066
1302,238
1303,6129
1497,265
4031,95
1309,11
5740,681
5741,843
5743,118
498,285
4229,7209
5746,15
5747,175
494,489
495,1343
4227,942
490,129
4221,111
492,169
493,1325
24,280
5587,25
26,1620
3985,101
20,158
21,204
22,24
5581,349
3594,43
28,534
29,18
5588,12
5589,226
4311,5
3599,42
5833,32
1069,803
3938,293
1068,4
3935,127
3934,69
3937,1143
3936,206
3931,2841
3930,245
3932,329
3265,56
1885,228
1705,15
4138,108
4139,1055
5261,1232
4434,21
4131,373
4132,98
4133,987
4134,16
4135,151
5692,73
3840,1566
5691,831
5696,226
3844,120
3847,59
3846,134
3849,295
3848,104
5698,197
5699,1068
1063,9
2136,695
4433,29
3916,69
5306,72
1066,15
4462,18
4044,404
4922,31
4046,615
4677,4
4040,73
4042,9
173,739
4315,19
4048,154
5432,66
5968,534
5585,3
7,23
1656,13
5961,1448
5963,406
5964,140
5965,180
5966,587
5967,274
3665,2455
3664,204
3667,94
3666,265
3661,3782
3660,2
3663,85
3699,39
2280,114
2281,93
2282,1393
2283,121
3669,205
3668,783
5582,312
4549,209
4548,102
4946,54
3919,25
973,672
606,166
4544,26
4546,76
2057,100
2578,370
2579,25
2577,115
2574,378
5430,1486
2572,42
2573,1063
2570,1
2571,201
2059,172
2379,6
4535,3
2374,287
2375,2
1604,62
5370,1085
2372,5691
2373,8146
3593,515
3592,547
2596,3185
4825,22
2590,21
2591,7250
2592,1892
5039,596
5036,526
5037,580
5034,2009
5035,1477
5032,2999
5033,170
5030,962
5031,625
1876,184
1877,239
1874,805
4436,117
4431,91
4430,1106
1870,450
1871,131
1083,5
4533,428
4439,5
4438,304
1878,123
1082,182
4945,244
4944,1566
975,105
974,1467
4941,685
4940,483
971,1204
970,158
1080,101
4949,8
4948,196
979,27
978,18
2118,289
183,1369
180,273
181,538
186,67
6047,61
6044,104
4320,647
2110,1
2111,513
2112,2741
2113,218
2114,1516
2115,680
2116,1575
2117,325
2622,7
2623,106
2620,11
2621,115
2626,650
2627,145
2624,63
2625,247
2628,69
2629,84
4089,3
1919,22
5108,6218
4151,420
4368,2
3289,54
3288,41
1911,427
5103,1326
5100,1563
5101,1886
5106,558
6048,413
5104,1274
5105,1713
869,133
868,306
189,5
3449,107
4154,447
3445,5410
3444,534
3447,12
5831,2621
865,137
3440,585
3443,24
3442,4175
2024,1091
2757,832
2754,283
2755,118
2020,1149
2021,12
2750,34
2023,298
2828,22
2028,14
4158,8
2758,279
2829,76
883,378
882,430
881,30
5279,76
5197,148
884,515
3728,8
2371,1
888,5
5216,128
5217,156
5214,7
5215,2485
5212,36
5210,224
5211,456
832,78
1726,237
5218,415
5219,727
3128,1
356,4
3534,62
3468,23
6065,9
353,1337
4800,36
5414,277
777,18
771,175
773,4
5415,88
779,10
778,42
419,23
77,22
2978,407
74,437
73,950
72,86
71,130
70,115
3056,497
2973,135
3054,524
3055,270
2976,11
2977,41
79,3418
3051,2
1043,3077
5363,199
5360,401
5361,15
1047,57
5367,526
5364,361
5365,78
4597,164
5368,3456
3381,539
1681,88
1680,965
1683,4
1685,11
3026,131
1689,3
1688,448
4303,2602
4302,751
1269,289
4300,164
4307,28
4306,125
669,3669
668,1923
667,135
666,12
1261,466
664,854
1267,1272
1266,5
1265,1132
660,19
3287,97
5094,91
3286,361
5196,15
2984,119
3285,110
3725,36
4458,1
3284,161
4595,7
3122,8
1915,74
3120,298
3121,79
3127,19
3124,1334
3125,972
1468,1161
1465,45
8,4506
1467,365
3280,1458
1461,94
1460,11
1463,52
1462,9
1317,533
1316,2008
1315,5
1314,1179
1313,258
2139,3
1310,6
3401,42
1319,8
1318,718
5791,3
5752,1
5751,211
5750,281
5757,49
5755,55
5754,122
4237,922
4236,185
4235,1078
4234,22
4233,163
4232,2841
4231,128
4230,18
5591,902
5590,4234
5593,251
5595,1547
5594,1089
5597,7
6124,335
5599,58
5598,23
4806,2379
861,402
4454,105
3123,372
860,37
3948,1878
3949,2333
319,1349
318,294
3403,16
3940,625
3941,302
311,602
3943,125
3944,2660
316,22
3946,80
3947,35
3299,4
5168,9
867,569
866,8
1902,10
4364,42
2756,29
4129,3807
4128,12
4213,3
4123,383
4122,631
4121,5
4120,959
4127,847
4126,111
4125,952
1335,96
2027,14
5688,7
2752,20
5681,55
1337,288
5683,5
2753,77
4707,98
440,836
2022,1037
2322,115
2751,46
4604,86
2321,486
1330,28
3357,3
5195,205
2696,78
4703,3687
2326,35
4057,2166
4056,120
4055,2176
4054,245
4053,853
4052,998
4051,236
4605,35
4700,1
2908,32
4059,1011
4058,819
630,254
4930,100
5978,1065
5973,2
4358,138
5971,3
2690,493
5977,3151
5976,3
5975,10
5974,155
3610,244
3611,191
2299,1160
3613,136
5299,286
3615,368
3616,318
3618,71
2292,10
2297,596
2295,28
2294,452
1887,3
4354,486
880,298
5770,57
4360,37
3406,10
2569,3249
2568,11
4357,37
2561,275
2560,2570
2563,687
2562,98
2565,501
2564,92
2567,36
2566,3141
5901,33
2369,101
2368,5585
2366,274
5776,15
2362,8074
1244,121
4,509
2587,850
5028,224
2585,5
2584,5
2583,275
2582,379
2580,1
5021,354
5020,33
5022,58
5024,18
2589,3290
5026,787
1861,615
1860,45
1863,88
1862,246
4444,403
1864,57
1867,138
4447,1678
1869,836
1868,404
3726,1462
3727,36
3722,36
4686,567
4931,337
4684,707
4933,63
4934,268
961,410
4936,679
4681,1044
4938,866
4939,894
5578,47
968,33
4688,255
4689,261
2109,353
2108,1339
6059,2867
5251,39
5576,14
6054,352
2101,412
286,314
6051,702
2106,965
6053,2512
6052,421
5115,570
5114,3639
5117,13
30,300
2639,91
2638,198
5113,464
5112,223
2635,43
2634,1647
662,315
2636,290
2631,251
2630,761
2633,25
2632,312
1717,49
35,5
5570,31
1560,1
3438,71
3439,140
2705,14
5192,1219
879,964
876,44
877,39
874,344
3433,37
872,277
1243,445
3436,308
3437,960
4592,145
2036,2778
2035,2881
1242,762
4848,3320
2744,175
2031,9
2746,628
9,867
2748,116
4846,1673
4847,6
4840,342
4841,10
2039,1627
2038,1504
890,8
891,8
892,325
893,241
894,478
895,1273
896,1896
897,2492
898,21
899,502
1246,3511
3651,912
5254,140
5201,480
5401,360
5203,21
5202,100
5205,17
5207,41
1248,194
5209,1
5208,863
5198,150
3544,823
3545,23
3547,1081
3540,1129
3541,365
3542,1
3543,436
4369,298
3235,353
1711,324
5255,51
5400,700
1616,8625
430,10
1965,160
1614,1685
1788,6
1789,74
768,2
1967,44
4565,317
2962,349
1780,593
1781,139
1782,1682
761,628
1784,934
2968,1895
1786,1230
5190,166
3049,460
3048,63
5193,178
3041,33
3040,71
3043,108
1611,53
3045,342
3645,3074
3046,722
5379,2883
1078,364
1079,808
5375,71
643,2575
5377,827
1075,121
1072,711
1073,53
1070,236
1071,138
1678,382
1679,126
3804,15
1675,319
1676,353
1094,416
1095,1
1096,262
1097,106
678,793
1091,486
1092,2369
1093,454
674,574
4337,436
676,1705
4335,1247
670,3130
4333,43
4330,2301
673,1401
3135,314
1623,775
3137,414
3136,476
3131,357
3130,464
3133,148
1916,3
3139,352
3138,24
3015,3
3396,1
645,2526
3962,55
2557,1
1622,18
1418,215
1419,87
5789,1
1410,961
1411,29
1412,31
1413,87
1414,5
1415,38
1416,19
1417,186
1322,60
1323,1264
1320,183
1321,1669
1327,92
1324,237
774,6
2495,115
1328,1263
1621,234
2494,1
4209,336
4644,15
5768,679
5769,461
4202,124
1600,300
5764,1398
5,2296
5762,127
5763,263
4204,84
647,839
5568,22
5569,22
4445,32
3118,556
5564,418
5565,236
5566,1567
1620,2482
5560,643
1053,471
5563,523
1524,33
1257,239
1254,14
1527,2345
1520,3
1253,73
1250,1613
1251,935
2392,161
1528,2197
1529,2681
1258,787
646,536
308,1
309,490
3959,211
3958,49
300,161
3952,223
3951,2125
303,332
305,77
306,177
3954,640
4116,6852
4117,10107
4114,7
4115,13863
4112,130
4113,497
4110,27
4111,1647
649,16
4118,420
4119,306
4634,1267
3355,17
3549,124
2254,7
2858,5
2253,91
75,3124
2399,91
4448,468
2477,1705
3058,12
4899,265
989,3
3057,9
2970,2
4062,576
5947,589
4060,919
4061,320
5942,172
5943,2904
5940,8
5941,1209
4069,526
5948,612
5949,251
5784,137
5785,418
5786,16
5787,55
5780,13
2974,4
5782,363
983,3
78,68
5788,135
2772,54
3603,31
1446,26
3601,142
2773,1446
3607,9
3606,1394
3604,16
986,67
3609,1575
3608,665
1041,23
987,14
1040,2110
5157,652
5366,8
640,578
4435,14
1046,252
1897,81
6118,540
1045,362
1489,1
6114,1467
6115,2388
6116,1521
1044,40
6110,188
6111,786
6112,127
6113,602
2358,3380
2359,92
2352,65
2353,1585
2350,142
2351,62
2356,3182
471,99
1048,168
2991,6
5136,502
4453,233
5491,13
4451,132
4450,70
4457,1297
1899,203
4455,754
3738,72
3737,52
1895,2469
3735,228
1443,1725
1890,166
1891,44
1892,38
3730,799
4923,1564
4690,187
2134,588
4920,553
4695,1142
4694,836
4925,380
4924,751
953,105
4928,29
955,1229
954,234
957,190
956,1632
6028,1
3203,452
6020,99
6021,87
477,1
6025,27
6026,95
6027,73
2648,1990
5161,58
5163,846
5164,3229
5165,64
2784,1736
2640,175
2641,155
2642,135
2643,194
2787,194
2646,105
2647,6402
2786,1259
1441,7
2781,7
2749,29
4527,4
3429,95
3428,293
5417,130
3422,256
3421,14
3420,5
3427,3191
3425,267
3424,51
2003,25
2000,461
2001,242
4589,38
4588,215
2004,72
2005,673
4857,1342
4584,84
4587,2917
4854,183
4853,465
4415,102
4851,222
4850,2395
1853,32
4413,30
2137,13
1268,12
4411,241
2100,3
2996,258
3686,35
5411,43
3555,34
3554,26
3553,106
3552,397
3551,1
3550,627
5244,838
2170,86
3558,22
1263,242
6067,394
919,138
2997,51
4309,6
918,114
2911,416
2912,1120
2913,1586
2914,2761
6062,2113
719,790
2898,14
2918,302
663,1953
1791,142
2175,63
1797,54
1796,212
1795,734
1794,741
915,55
661,398
716,77
4966,2067
4079,48
1707,47
917,1
5954,9
5308,919
5309,2
4964,196
5300,43
5301,77
5302,638
1062,29
1065,93
1064,975
1067,67
5307,458
4390,6
1669,6
502,31
1790,2
912,4
1662,594
1661,290
1660,3921
1087,170
590,50
1085,610
592,8
595,1143
594,348
4157,151
596,7429
599,7622
598,3231
4324,160
1089,2
1088,266
3140,7011
3141,21
3142,130
3143,1947
3144,535
3145,51
3146,152
3147,116
2824,459
2825,5
2826,26
2820,60
2821,110
2822,26
2823,889
3386,2296
3387,77
3384,12
3385,1312
3382,831
3383,13
5412,48
5413,2147
2032,83
2603,26
5418,179
5795,6
3388,343
3389,2814
713,62
1409,242
1408,154
5410,4
1403,3069
1402,173
1401,1365
1400,2240
1407,24
1406,530
3963,8
5344,36
449,2895
448,277
1339,432
1338,465
1491,143
443,139
442,2
441,225
1336,611
690,3
445,1518
444,81
5779,947
5778,3
3129,12
4947,150
4623,36
5771,71
1542,680
5773,83
5772,108
5775,89
5774,243
5777,4
1543,403
3261,9
39,53
694,156
1057,50
3260,189
33,5
32,1536
31,7
5574,270
37,2237
5572,1436
5571,40
34,12
1241,616
3093,1532
1535,3262
1534,3508
1533,264
1532,3620
1531,183
1530,877
5194,138
648,688
3098,71
2496,613
5346,2542
1539,140
1538,66
5799,263
1493,69
339,59
338,2845
335,2763
334,1341
337,1128
336,2673
331,444
330,990
333,3083
332,5961
4101,7765
4100,1146
1900,926
4102,424
4105,76
4107,17788
4106,5564
1633,1387
1026,3836
1938,1
1901,13
3898,4
3899,3306
1634,72
3892,260
3893,137
3890,258
3891,4
3896,7
3894,1076
3895,1199
847,400
3465,5
844,31
1635,20
1464,28
843,38
1496,16
2119,70
3462,1246
1353,1160
5950,32
5952,194
5955,193
3461,1335
5957,23
5956,106
5959,4
5958,25
3460,66
4071,402
4073,51
4072,1
3966,32
3967,161
3964,288
1636,1426
5793,1650
5792,27
3960,166
3961,870
3200,1
5081,18
3968,1588
3969,249
4305,144
2854,8
5184,9
3435,1
3639,1155
3636,41
3637,122
3634,3719
3635,160
3632,33
3630,3821
3631,2733
1637,1882
5343,231
3469,20
5798,162
4610,229
1498,38
5084,250
1351,515
236,85
2345,72
2347,616
2346,1531
2341,211
2340,6683
6109,4132
6108,1
6107,188
230,1568
6105,3544
2349,146
6102,491
6101,1909
6100,3419
1822,5
1499,169
3253,1
4616,3
3372,33
2067,27
4504,29
3709,30
4468,3345
4469,832
3702,123
1886,109
4464,1197
4465,524
1883,20
3707,810
4460,580
4461,1050
2121,89
2120,359
2123,579
2122,13
2125,37
2124,1021
4918,303
4919,87
4916,514
947,53
4914,252
2342,603
942,589
4661,1343
4662,47
941,1306
6039,390
6038,131
6106,537
6032,35
6031,106
6030,41
6037,195
6036,246
1594,31
6034,70
5173,310
5172,788
5171,793
2658,186
5177,65
5176,86
5175,1755
2653,4
2652,2372
2651,132
5178,1271
2657,213
2656,248
3039,14
3416,70
3417,306
131,515
130,1369
137,83
3413,678
135,81
134,3206
4371,14
1597,32
3418,116
2694,23
707,3
4868,4740
5927,215
2019,669
2018,323
1930,3205
2015,136
2014,15
2017,804
2016,186
4867,196
4864,34
182,730
2483,2
3965,238
5277,10
4377,245
1591,89
3562,20
3563,180
3561,11
3566,590
3567,1533
3564,1350
3565,2548
3568,231
5596,34
511,24
4484,22
4485,208
4480,12
4481,1
4482,973
4483,165
1466,2
4489,1470
2903,274
2902,99
2901,1
2900,119
708,165
2906,5
2904,782
704,145
705,33
510,26
700,77
701,40
703,182
88,66
89,12
82,112
80,2640
81,2982
84,2189
85,32
5319,23
5313,825
5312,76
5310,3333
5317,28
5316,12
5315,2
5314,247
1659,416
2487,51
1652,149
410,2
4239,72
1657,28
1654,113
1389,136
586,414
587,319
584,30
585,224
4890,13
411,58
1987,67
1772,214
3216,279
588,40
3153,2
3151,260
3217,54
3157,21
3156,168
1385,1
2837,9
1982,672
3159,66
2834,19
2833,2
2832,7
988,36
3211,1087
1436,3145
5406,167
1434,798
5404,374
1432,38
5402,1935
3397,1863
1431,924
3399,1
3398,1064
3213,796
3708,20
1438,1819
1439,91
1260,625
1731,81
184,6
1730,65
2308,104
3031,919
458,565
4261,628
4262,837
4263,677
4264,23
1889,13
4266,772
4267,142
450,13151
451,7174
452,9161
453,408
1344,1210
455,555
456,154
1347,2794
185,69
3824,1
5236,149
4467,81
5237,95
3700,3391
766,3
5548,681
5549,674
3263,91
5543,922
5540,100
5541,94
5546,99
5547,9
4463,37
1502,31
657,951
1500,57
1501,13
3089,197
1507,1324
1504,340
651,488
3085,289
3084,34
3087,2239
1509,473
3081,95
3942,88
658,33
3082,480
310,52
3369,103
1599,12
5890,142
5891,324
5169,590
5893,61
5894,236
5895,116
5896,180
5897,27
5898,83
5684,14
314,1
1992,530
3884,225
3887,11
3886,68
3881,2
3880,471
3882,58
949,146
2129,2152
295,3
765,1
5010,2
944,324
1884,1
945,161
831,387
1646,373
4912,577
4913,1676
4910,3962
4911,1673
4008,121
4009,30
4860,1221
5767,5
4005,356
4006,174
4007,4
322,1632
3970,3575
3973,85
3972,2951
3975,821
327,119
3977,336
3976,118
3979,8
3978,1
328,112
329,633
4652,10
1904,12
3629,1392
3628,507
4942,264
3294,10
3621,1
948,11
3623,5
3622,1135
3625,613
3627,6
5253,418
5013,15
4714,2233
4715,1008
4710,104
4711,79
4712,64
4713,1169
2338,1582
6133,88
6130,28
4285,5
4718,706
4719,18
6135,88
3073,5
5765,5
1880,27
3250,11
2958,326
3715,374
3714,59
4289,2
3711,196
946,87
2713,3
1592,4
3719,129
4479,2019
4478,4961
5170,45
2955,52
4471,1273
4470,2110
4473,289
4472,72
4475,82
4474,116
4476,62
4909,10
4908,118
6004,7
6005,2
5422,42
6000,374
6001,4727
2486,735
4676,186
2484,34
2485,2022
2482,1776
4672,410
2480,308
4670,519
2248,13
2249,1964
2244,107
4865,1337
2246,44
2240,7
2241,232
2242,84
2243,776
995,256
994,9568
997,2467
2467,491
2460,105
2461,312
2462,313
5149,335
5146,371
5147,48
5144,635
5145,5
5142,808
998,979
5140,1270
5141,1495
120,927
3400,381
122,36
123,84
3405,125
3404,486
3407,1058
127,61
3409,1150
3408,324
5341,6
133,53
4871,118
3379,71
132,4859
1921,3
5018,49
1189,953
3414,2014
1186,1243
2798,740
3415,3
5424,98
2792,117
2061,472
2790,39
2063,475
2796,303
1184,73
2795,304
1922,1493
5348,31
3411,80
3255,34
5349,6
1180,489
943,903
139,1
5098,1814
5099,2000
3579,334
3578,2424
5455,29
5090,87
5091,321
5092,275
3576,866
3571,141
5095,8
5096,224
3572,139
4497,3
4496,2
4495,117
2665,308
2662,327
2663,318
2660,67
4490,414
1748,850
4499,18
4498,4
2938,536
2939,517
2936,2570
2937,323
2934,21
1397,188
2932,116
2930,340
2931,360
5326,281
5327,8
5325,69
5322,307
5320,2
5321,456
1836,1883
231,3
5328,2626
5329,893
1645,109
1647,60
1747,663
1641,31
1640,182
1642,1076
1835,135
1649,4502
2598,1
4574,3
3795,55
3690,9
728,7
772,101
3794,175
1526,51
1743,938
3797,1
3796,903
1270,23
1165,92
570,156
607,240
574,42
2808,711
2809,443
2161,130
3169,1129
3166,9
601,26
2801,1
3162,72
3161,8
1421,1023
4981,1005
1423,1134
5431,1141
3368,485
1424,489
1427,6
5435,627
3448,147
1428,927
5438,27
3367,32
2156,79
3362,178
3363,2
731,10
730,70
733,7
2157,88
735,6412
734,6
737,63
5652,1493
4985,28
3390,49
4984,1160
4273,471
4272,4254
4271,914
4245,764
469,163
4276,60
4275,96
4274,140
465,390
464,143
467,7369
466,227
461,1122
463,929
462,540
4884,49
5554,1661
5556,289
5553,2671
5552,323
5559,93
5558,2843
4224,38
5374,17
2542,12
5694,436
2010,34
1518,124
1515,815
1514,20
1516,119
1511,193
1510,47
1513,9
1512,111
959,3
4225,253
281,11
4886,66
5883,1040
5882,106
5880,372
5887,620
5886,416
5885,534
5640,761
4859,1208
5889,258
5888,76
958,89
1798,28
3184,16
4416,86
3186,49
3187,125
3180,1949
3181,279
3182,459
1024,1
5646,2
3188,316
1277,301
5972,40
4018,45
4013,5
4012,953
4011,581
4010,347
4017,89
4016,241
4014,1014
357,103
4904,15
355,860
721,652
3988,2377
3989,937
3984,349
4420,700
3986,1471
3981,118
3982,84
3983,77
3612,616
5796,4
6125,193
2008,205
6127,1262
6126,754
6121,121
1354,5
6123,2
6122,263
3614,17
6128,2
2323,58
4706,1807
4705,1002
4704,2355
2327,346
4702,397
2325,156
2324,450
2329,117
1113,381
4709,1108
4708,67
289,1825
288,156
5932,57
1112,66
3619,9
1793,321
280,429
283,126
282,131
285,117
284,25
287,253
1442,1093
3760,74
3761,400
3763,248
3764,61
3765,15
3766,905
3767,108
3768,102
3769,179
1116,70
263,75
262,161
267,172
266,118
265,155
264,109
269,3354
268,545
6011,258
6010,1
6013,216
1291,34
6015,279
6014,5
1215,40
6016,972
6019,1359
2490,1533
2493,3
2492,1288
4646,168
4647,2
2497,1796
4645,1160
4424,39
2193,55
1566,331
2259,277
2258,256
2257,785
2256,809
2255,175
1295,355
5892,199
2252,2
2251,12
2250,371
5159,461
5158,15
2475,1331
2474,108
2473,2
2472,4
2470,365
5151,249
5150,124
5153,1243
5152,242
5155,3135
5154,164
2479,2123
985,1020
5179,38
252,373
117,62
2176,44
111,413
110,2009
113,542
112,5365
4097,6
4529,5
119,202
118,169
2785,1717
4801,1956
4802,1358
4803,2191
4804,596
4805,3284
2783,280
4807,11
3269,61
4809,10
2788,77
2177,21
2079,903
2078,4368
2073,2136
2072,63
2071,4
4108,45
2075,164
2074,2425
952,236
4969,1198
3508,40
3509,56
5089,185
729,60
3500,11
3501,135
3502,147
3503,154
3504,189
3505,77
3506,68
3507,191
641,110
2060,218
2675,24
2674,45
2677,117
2676,248
2678,68
6103,70
2056,229
2929,2249
2928,3024
2921,1067
2920,832
2924,358
2927,22
2926,130
5330,11
5333,1672
5332,1108
3394,159
5337,33
5339,6
1630,158
3215,3297
1984,1685
1985,840
3210,5079
1983,701
3212,471
1981,241
483,200
530,5
3218,12
3219,10
1988,90
1989,178
3222,67
2814,1
2817,348
2816,1016
2811,111
2810,48
2812,251
561,1
562,38
2819,81
2818,1605
5899,6
567,295
3179,25
3178,1147
3171,89
3170,27
3173,830
3172,17
3175,267
3177,165
5086,14
4894,32
1483,50
2364,3
5429,1207
5428,24
1188,41
3378,791
3377,3928
1187,3349
3375,122
3374,215
1182,76
1183,123
3371,120
3370,20
726,121
727,42
724,10
725,114
722,666
723,2631
720,70
5635,189
1744,126
1745,85
1746,63
2360,208
1741,307
1742,157
1486,1664
1164,11
5029,1938
1166,110
5637,718
1160,220
4248,485
4249,299
4246,18
4247,1300
4244,430
3309,513
4242,17
1169,9528
4240,168
4241,30
5520,236
5521,947
5522,10
5523,386
5524,95
5525,116
5526,250
5527,802
5528,115
5529,29
4397,17
5496,31
1366,212
5497,37
2245,18
48,573
49,2829
46,1232
47,1378
45,3
43,269
40,56
41,29
1568,3679
1380,3991
1298,10
1365,197
4720,3
3198,19
4021,68
1561,436
1562,1
5493,57
1296,3
1294,1346
1567,496
5252,151
1360,241
2026,20
1712,216
4693,74
591,145
5250,5233
2425,9
4739,2
1245,16
1710,231
5027,1136
2551,172
5256,405
2599,12
2915,866
792,133
4398,49
4440,40
5639,1712
4441,22
5634,218
4391,444
4392,40
4393,517
4394,82
4442,5
5632,114
5633,101
472,993
473,250
470,273
3194,986
1362,728
3192,78
474,175
3190,13
1865,80
478,98
479,1094
1719,19
1368,9
1369,118
