1869,1601
1718,36
1867,121
1765,224
2719,81
1866,50
5745,203
4418,14
4026,218
4027,2085
4024,688
4025,3427
4022,25
4023,74
3725,59
3798,18
4028,45
4029,324
3383,22
5988,216
5989,2689
2030,12350
5982,359
4642,6
5981,114
5986,53
5987,1
5984,790
344,1
340,245
341,55
342,317
3998,119
3997,249
3996,1511
3995,887
3994,361
3993,371
349,37
3991,109
3990,84
964,909
3482,2
4844,852
4931,165
5747,242
1343,19
967,1
966,56
3346,12
2780,24
4685,13
2919,43
3381,589
4935,1076
4732,577
4731,42
4736,2687
4936,606
4734,552
2319,4434
2316,8139
2317,297
4738,1622
4681,751
2312,285
2313,173
2310,2
2311,138
5854,20
4831,69
2184,101
5857,11
5850,4
298,70
5853,3143
3237,4
294,102
295,12
292,888
4833,1283
290,178
291,155
3773,287
3771,85
3680,1005
5749,5
3776,367
3775,108
3774,141
3687,197
4021,112
1139,195
3686,45
4655,1
4654,994
272,2392
4656,1787
274,1464
275,145
276,57
277,204
278,12
279,11
4520,3
4658,587
117,65
962,5
3446,127
2269,250
2262,186
2263,225
2260,1043
2261,507
2266,99
2267,4
2264,229
6058,15
3968,1453
2443,14
2446,1467
2447,30628
2444,640
2445,2774
1137,179
2448,537
2449,65
1136,16
108,2237
109,831
2102,45
103,81
100,2
106,96
107,3389
104,11
105,60
2046,1497
4812,1033
4811,795
4810,286
4817,956
2043,7735
2040,3373
2041,835
2107,105
4819,3904
4818,1409
2048,550
2049,3722
2105,68
6052,312
1783,124
2993,31
1086,4
3692,203
1364,201
5086,6
1372,85
1060,9
4843,105
2836,36
5111,1239
3159,67
4979,389
3519,68
3518,126
5298,115
3513,239
3512,151
5299,387
1210,97
3516,160
3515,27
3514,2926
5483,69
2684,1288
2685,70
2686,68
2687,1094
2680,1752
2681,52
2682,1254
2683,2007
3850,137
3694,65
3441,101
1211,41
343,107
1434,827
5118,2
99,15
98,4
5482,29
5404,452
4937,37
91,37
90,154
93,1
94,1368
1433,457
5182,941
1990,51
5180,771
1992,456
1995,1031
5187,1731
1625,716
1996,2263
1999,152
348,464
1629,624
5189,2277
3209,18
3208,2030
3013,64
4974,729
3010,115
4526,78
747,374
2862,5
2863,326
2864,465
2865,336
2866,1781
2867,36
2868,448
554,54
551,94
550,1854
553,545
552,39
3539,42
2744,342
5409,122
3538,617
1439,98
5458,372
1198,173
3348,1640
3349,6906
3342,2997
1190,4198
5452,58
3341,194
1195,629
1194,55
3344,232
5457,430
1758,72
1756,3037
1755,701
1754,971
1753,1998
1752,302
1751,750
1750,982
4259,350
4258,3303
1215,46
1174,379
1173,919
1172,219
1171,9181
1170,7367
4251,850
4250,274
4253,1
4252,343
4255,3901
4254,365
1179,85
4256,226
5533,2239
5532,1108
5531,968
5530,185
5537,1
5536,39
5535,99
5534,2258
1875,314
5539,633
5538,6
1005,590
1285,728
1284,3
1287,1299
1286,17
1281,94
1280,95
1282,2499
515,24
879,933
404,40
5102,1
876,22
1579,2747
1578,12619
689,73
1001,170
1872,9
877,39
685,1788
1572,78
1571,605
1570,526
1577,79
1576,12
1575,81
1574,104
458,768
875,5
4261,676
3434,27
1225,10
873,52
3345,424
870,100
603,32
871,175
4687,22
1888,82
4592,158
4389,6
5629,88
2036,3367
4383,213
1243,485
4381,152
4380,1405
4386,493
4385,27
4384,137
407,5891
1370,965
405,80
2034,3582
1374,14
1377,7
1341,36
1379,532
2745,198
1342,205
409,5601
408,24172
3834,228
3835,1290
3836,14
2331,1932
3830,103
3831,7679
3832,1646
3833,424
454,556
4595,16
3839,5185
1345,24
5995,1022
4030,926
5997,8
5996,112
4035,54
5990,177
5993,3383
5992,3715
4038,318
1347,2181
5999,56
5998,177
4737,85
4847,6
2318,1175
1847,1062
5106,693
4735,15
3453,384
3206,92
379,211
378,2043
371,5
373,10
372,45
374,34
377,2817
376,315
2343,36
1244,153
5107,214
5664,1345
393,43
392,3
391,10
390,18
397,1190
396,6606
395,461
394,1540
6007,34
398,2124
4345,7
2309,3855
1247,3368
4344,19
4729,68
4728,1079
5855,54
2301,498
2300,1031
4727,1016
2302,3105
4721,27
2304,56
4723,175
2306,164
5847,46
5846,3
5845,2737
5844,775
1917,4
2995,2256
5841,531
5840,112
3592,580
5849,84
5848,290
2196,6
5852,45
3748,6
3749,1
3746,7
3747,472
3744,1
299,64
3742,512
3743,471
3740,5
3741,233
245,957
4621,240
247,1827
246,1605
4624,1681
4625,1110
243,11
4627,362
4628,11
2336,1
3591,1
249,81
248,1640
2275,535
2274,15
2276,244
2271,1297
2270,230
2273,200
2272,855
5858,13
2279,1323
2278,4660
293,152
4981,1366
1015,2
4370,176
2705,24
2232,15
3201,451
125,55
2455,6
2454,1685
2456,4081
2451,151
2453,262
2452,10
3770,19
4980,1401
5208,522
176,476
175,1049
174,89
173,564
172,1591
170,1873
2051,271
2050,1057
2053,7
2052,9
2055,59
2054,344
4828,16
4829,2002
4826,140
4827,84
4824,54
3693,406
4822,461
4823,610
4820,636
4533,378
3596,103
3089,107
1507,1471
1879,88
1110,527
3778,52
650,1
651,1004
3526,10
3527,28
5149,285
3525,57
3522,86
3523,48
3520,7
3521,37
1508,890
3528,4
3541,376
270,196
1509,544
271,86
4657,387
4985,13
3225,78
273,47
658,32
3224,849
4651,1089
2695,312
3082,390
2693,64
1603,14
2691,4
2690,538
4131,463
1602,34
4653,19
3548,178
1450,227
3220,104
2704,1165
5837,372
499,335
4557,982
5832,264
1606,1026
3232,738
3233,149
5490,150
3236,1726
1969,6326
3234,196
1619,731
1616,9860
1965,197
1966,1280
1967,69
1612,229
5190,163
1962,67
1963,810
4310,41
1749,4
4532,52
1114,219
1363,62
714,16
1620,2379
2872,1047
2871,358
2870,186
2877,1443
2876,965
2875,206
2874,187
4986,461
2879,5481
2878,2626
4632,4
4534,132
3355,32
3354,288
3357,1
3351,3457
3350,4162
3353,7
3352,6034
3358,2
2371,1
5448,859
3745,90
4989,59
5443,572
5442,36
5441,80
5440,337
2692,14
5446,342
5445,4
5444,448
1768,1166
1762,30
1763,63
1760,18
1761,30
1766,120
1767,466
1764,163
5895,154
1140,269
3325,12
4988,27
1789,38
2966,17
5899,18
505,3
5505,25
5502,39
5503,18
5500,63
1547,1457
1544,140
691,321
1542,853
1543,445
1540,137
1541,933
698,135
1727,42
1548,1132
1549,3574
762,3
546,102
547,5
1781,71
3784,141
548,1510
549,10
1864,65
760,414
761,581
400,211
4530,402
1784,1101
2968,1599
1787,28
3682,24
5137,75
3880,443
2649,6
4531,450
3321,44
5612,1
5611,611
5474,106
5614,366
5615,5
414,2
415,1184
416,13
417,109
1388,2378
1389,126
412,3
5716,163
1384,182
5472,28
1386,32
1387,59
1380,2551
1381,3316
1382,1008
1383,2704
5003,49
3825,717
3824,2
3326,4
3821,1
5002,34
5001,243
3829,1160
3828,219
3583,11
3582,29
1254,18
5007,105
5710,99
4282,1451
4280,1223
4281,352
4286,221
4284,63
4285,17
5461,12
4288,279
5004,18
2403,87
2099,8
3044,88
368,120
2762,7
366,1098
367,13
364,18
365,1
362,13
363,66
3214,14
5274,44
5008,5
1774,2641
3202,1
2098,562
1777,1
380,909
381,8
382,473
383,74
385,8
387,176
388,1200
389,620
1770,56
4758,645
4759,605
5463,3
1773,21
1369,178
4750,206
4751,64
4752,74
4753,487
4754,1
4755,1
4757,16
5872,1540
5873,1532
5871,2335
5876,418
5877,3068
5874,4
5374,24
5878,76
5879,191
2045,155
1074,8
3759,66
5376,4
4664,57
3751,320
5278,137
3753,1621
3755,100
3754,98
3756,20
2190,2
2191,56
258,4327
259,127
2194,231
2195,122
4635,31
2197,942
2198,1860
253,1337
250,1061
4638,769
256,165
257,95
254,841
255,899
2200,2296
2201,172
2202,6549
2203,1194
2204,335
2205,2096
2206,141
2207,4
2208,4
2209,85
96,538
2429,3860
803,3
2047,283
2420,557
1446,21
2422,4
2423,88
2424,126
2044,102
2426,1689
901,80
168,259
169,907
165,536
166,11
167,302
160,80
161,1300
162,118
163,12
4839,633
4838,51
3688,97
4528,45
3683,486
4830,335
3681,137
4832,55
4835,61
4522,304
4521,661
4836,250
1843,60
3212,568
2518,41
2519,146
2514,22
2516,2
2517,196
908,96
2512,1
2513,200
2734,8
2735,148
4421,14
2730,64
2731,2999
2732,900
2733,1690
5296,627
5297,53
5294,26
5295,166
5292,15
5293,245
5290,302
5291,206
3531,770
3530,14
3533,457
3532,1299
5058,266
5059,814
3537,58
3536,325
5054,117
5055,950
5056,537
5057,1515
5050,243
5051,98
5052,414
5053,300
1814,700
1815,30
1816,107
1810,428
4338,57
1812,11
1813,3389
4339,143
1818,2367
1819,16
1107,1
790,3
4959,4
675,46
2169,601
915,23
4334,1957
677,48
1098,772
1087,171
1099,380
3042,72
672,272
4663,131
4331,9
2167,77
1608,957
1979,28
1978,4
1601,396
1976,3203
1975,535
1974,722
1973,7616
1972,760
1971,335
1970,1908
809,132
808,107
5061,2
802,2
2162,4
807,544
806,4
5842,154
4437,42
2846,18
2844,17
4969,1946
2843,47
2840,19
2841,75
3039,21
5477,230
3322,392
3323,2338
3324,50
5473,71
5470,40
3327,20
3328,97
3329,1317
1259,125
1775,746
5275,1130
5276,330
1776,264
5270,226
5271,1928
5272,44
3970,4761
4855,39
1779,154
3973,62
3138,75
3972,2669
3975,1029
5516,2
1159,285
1158,385
2999,35
1154,1
1157,700
3976,127
1150,1492
5519,481
5518,286
1178,86
3038,33
5801,274
5517,5
58,242
1551,3
1550,609
1553,1
59,4630
1554,564
1557,2
1556,4
3034,177
3035,123
57,1197
56,4466
3030,2482
50,344
53,115
52,59
1559,1
54,15
3601,141
2992,26
781,9
3299,13
4691,275
5139,4706
2994,2
2694,50
3031,1195
5605,909
5604,1465
5607,24
5606,1345
5601,82
3032,2434
5603,75
3295,1492
3033,5616
5609,169
5608,100
3724,29
1905,185
2772,89
1902,26
3291,79
429,2978
428,1844
5131,1177
1399,2310
1398,239
421,64
1396,132
423,447
422,499
424,11
1391,101
4693,123
3812,53
3813,262
5465,11
3811,10
2773,1023
3815,350
3818,463
3819,1246
4957,23
856,206
857,421
5797,5
850,199
4692,7
851,145
4299,37
4294,310
4297,165
853,70
4291,100
4290,38
4293,4
4292,121
1841,3941
4923,1223
977,56
3510,61
2298,44
1422,1171
1321,1505
2776,17
4749,31
4748,408
1425,18
4743,1354
4742,977
4741,10
4740,387
4747,695
4746,25
4745,510
4744,24
5869,602
5868,195
4243,161
5865,7
5864,857
5867,334
5866,5
5861,768
5860,358
5863,41
5862,284
2330,463
4364,51
2405,62
4715,996
3015,2
2183,1216
2182,1296
2181,183
2180,2973
2186,4
229,3
4609,2830
227,336
4607,457
2189,480
2188,1024
4602,107
222,2
4600,2
220,95
2213,50
2212,14
2211,90
2210,400
2217,13
2216,88
2214,212
2219,84
2218,414
2339,36
3549,241
1167,17
5600,324
151,284
1426,25
2439,626
2438,578
154,730
156,2
159,71
158,88
1293,7
5602,22
2437,296
2436,1271
2435,212
4719,30
4922,34
976,22
123,102
4519,218
4512,216
4510,5
4511,122
4516,58
4517,418
4514,1008
4515,2659
1359,21
2509,8
2507,2
2506,4
2505,2
2503,21
2502,8
2501,14
2500,29
2727,14
2726,16
2723,1664
2722,60
2721,58
2720,25
5280,2520
5283,734
5285,435
5284,269
2729,1412
5286,32
1712,252
1163,19
5049,29
5048,1135
5047,2075
5046,4470
5042,196
5041,323
5040,20
3782,444
3783,263
1805,332
3781,85
3786,463
1802,317
1801,367
1800,1442
3788,7107
3789,755
1809,5
1808,253
4997,8
4994,700
4995,32
4992,334
4993,1205
4990,19
4991,30
126,27
4998,955
4999,44
5,2288
3710,51
3258,8
3259,391
1948,301
2176,20
1257,260
1942,153
1943,895
1940,526
1941,1533
1946,13
1947,342
1944,110
810,24
1520,3
812,244
813,674
814,973
815,369
816,44
817,555
1623,501
5183,183
5096,610
3205,248
3333,532
3332,210
3331,135
3330,957
1494,35
3336,3484
5467,172
3334,5720
1498,35
1499,249
3339,714
3338,499
1395,217
1994,214
1700,116
1701,1
1703,251
1704,1041
1705,66
1706,596
1707,68
1709,88
1168,8
1624,1998
5269,6690
5268,1484
4573,150
427,12
1998,196
3217,83
426,21
237,363
697,879
4575,6
1128,46
472,909
2093,867
1121,3
1122,178
4577,19
1125,2
1127,30
3654,3518
184,6
3655,831
3816,72
4722,4
5437,16
2988,279
1807,49
497,919
3029,115
3028,52
2983,594
3026,114
3025,332
2980,552
3023,30
2986,51
3021,91
2984,198
3953,2124
1018,555
1019,1131
3952,256
231,5
695,44
1016,27
1017,75
1010,363
1011,872
5234,234
1013,1232
3950,705
1230,2
1231,40
1232,274
1233,48
3086,351
1238,1
141,114
5672,1
5674,437
4359,5
5676,4
4376,1
4354,542
4355,286
4356,154
3954,367
4350,52
4351,9792
4352,10
4353,154
6000,383
1266,6
4901,654
438,1082
439,562
436,1658
437,11643
434,166
435,984
432,316
4675,48
2830,133
431,27
3809,108
3808,426
2861,9
3805,80
4673,518
3807,144
3806,82
3800,988
3803,3
3802,2007
4671,257
3312,746
473,317
559,106
4849,5
6009,53
558,5
2285,149
3078,39
5709,498
5704,1006
5705,104
5707,393
5700,484
5702,54
5703,89
2706,12
3162,93
2869,126
634,51
1960,25
2701,16
4777,335
4774,29
4775,51
4772,3
4773,57
4770,516
4771,134
4778,1
4779,201
4174,686
4175,99
4176,597
4399,39
4172,3
4173,90
1961,228
2265,19
2700,20
5818,74
5819,89
5718,111
5810,1214
5815,157
5816,8
5817,73
995,159
4296,4
4683,98
927,40
4619,31
4618,508
996,31
238,8
239,240
234,194
4610,130
4613,668
4612,1199
230,1017
4614,197
5060,746
3068,1
226,6
2462,287
2226,78
2227,48
2224,74
2225,122
2222,341
5469,129
2220,196
2221,61
5924,35
5925,1069
5926,347
5927,129
5920,312
5921,347
1846,194
5923,848
3058,3
4837,3
5928,605
5929,193
147,30
144,3776
145,128
142,567
143,1595
140,1168
1051,3
4884,87
5355,83
148,90
5143,8922
4504,44
1053,787
4501,5
4500,1060
4503,209
4502,5
4874,3
1054,2
635,20
4509,618
5352,635
3401,52
2088,2244
2089,2252
1056,54
121,48
2082,52
2083,547
2080,53
2081,532
2086,2
2087,5358
2084,366
2085,172
1537,6
1191,1323
2538,2384
2539,1584
3343,79
2532,1363
124,203
2530,1066
2531,1788
2536,2074
2537,110
2534,821
2535,577
2712,348
2713,4
2710,1543
2711,1213
2716,383
2717,71
2714,290
2715,91
4238,57
5454,23
127,57
5455,11
128,174
5078,7
5079,810
3408,329
5072,186
5073,113
5070,836
5071,395
5077,180
5074,788
5075,1486
1832,36
1833,215
3799,5098
1837,561
1834,97
1697,178
1716,40
3794,182
1838,1748
3796,791
3791,2979
3790,489
3793,173
3792,960
2154,1700
2155,1755
2156,61
2157,100
2402,127
2151,780
2152,4556
2401,422
933,49
932,184
931,501
930,285
2159,2503
935,61
934,209
5380,1
5381,7
5382,34
5384,20
5386,14
3091,1349
5388,66
5389,2
1587,1
2476,1
1991,906
1957,2129
1956,5500
1950,2
1952,129
1829,2
1959,752
1958,28
3248,1021
3370,2
3242,781
3247,634
3246,893
3245,63
3244,325
4404,203
228,23
829,1
828,662
4405,95
825,16
824,45
827,90
826,11
820,2
822,4
1177,14
3097,1021
1536,76
1176,653
1821,193
1175,1582
1820,5
1483,61
1482,53
1481,187
619,103
1487,1029
1823,282
1485,93
3309,410
3306,1172
5495,10
3304,75
3305,199
3302,557
3303,24
5492,1805
3301,630
1713,622
5253,479
5250,6799
5251,31
793,230
5257,172
791,10
929,697
5628,59
5258,88
5259,491
4394,134
799,1124
4318,324
2144,52
4319,11
4978,370
2414,767
5946,12
1201,25
3051,6
4063,262
1274,4
4395,2
225,328
4060,910
1135,21
20,204
2060,227
4061,403
1276,980
921,122
5942,229
615,1282
2062,40
3018,1007
3019,729
5940,8
3012,1004
2064,141
224,1009
3011,46
3016,284
3017,2755
3014,13
2065,2
519,919
518,85
4972,295
1009,254
1007,123
1006,481
513,192
1004,598
1003,229
1002,87
517,800
1000,2226
623,172
1226,101
621,28
620,188
627,1836
626,29
625,935
624,435
629,355
628,727
1229,13
1228,99
5663,173
5662,510
5667,38
5666,2
5665,252
4348,507
5669,1212
5668,2216
4343,640
4342,74
4341,14
4340,54
2882,29
2883,39
2880,380
2881,5
2886,161
2887,97
2884,37
2885,2816
23,36
2888,1
2889,46
2,180
3878,92
3879,537
3870,333
3871,679
3872,231
3873,539
3874,198
3875,2543
3876,1948
3877,1062
618,55
4677,3
1920,7
13,212
15,259
14,930
17,40
16,107
5717,66
18,169
5715,4865
5714,934
5713,4880
5712,2053
5711,214
5789,3
3275,30
2959,2
3272,103
3307,2
3310,2
3273,246
3904,92
3905,2
3906,2784
3907,375
3900,1064
3901,156
3602,25
3113,41
3908,70
3909,10
2743,3
4761,235
4760,488
4762,92
4765,154
3111,1
4767,2
4766,46
4769,1985
4768,1075
3193,54
4167,64
4165,860
1105,11
4162,2
4160,90
3604,20
2742,5
4168,56
678,805
5809,2480
5808,94
5803,147
5802,38
4321,620
5800,3635
5807,19
5806,182
5804,2971
201,282
200,1687
202,209
205,1311
204,391
207,963
206,21
209,3831
208,839
3060,121
830,30
679,93
1573,44
831,349
684,420
4320,546
836,23
2314,53
687,1665
3471,49
2239,2616
2238,53
686,283
834,22
2231,87
2230,493
2233,169
3473,539
2234,34
2237,33
2236,102
5937,1675
3575,35
5933,33
5932,66
5931,257
5930,749
682,1045
3577,236
5939,60
5938,1657
1631,37
5093,1433
476,3
3498,555
3499,206
3496,1982
3497,517
3494,187
3495,1426
3492,272
3493,96
3490,180
3491,1854
4570,7
2094,3682
4572,52
2096,10382
2091,142
2090,1698
4576,10046
2092,1467
4578,1279
4579,1359
3656,6
5097,363
3650,1154
3651,1394
3652,1094
3653,291
2525,3070
2524,786
2527,41
2526,1741
2521,134
2520,1263
2523,58
2522,31
2529,13
2528,1496
4494,53
221,4
940,45
4601,3
4492,272
5065,242
5064,322
5067,1434
5066,1994
2709,115
2708,1642
5063,51
4880,492
4881,695
2707,543
2661,167
5069,111
5068,108
2703,797
2702,880
1070,319
5574,247
6119,3
2748,139
4408,256
2951,6
1825,494
1824,252
1827,277
1826,630
4400,1235
4401,884
4402,729
4403,257
928,145
2146,1820
2413,416
2412,241
2143,45
2142,463
2417,2006
2416,3777
2419,1495
2418,3485
4977,570
4970,3386
4971,3641
2149,1331
2148,610
5393,479
5392,21
5391,1584
5390,1080
5397,21
5395,378
4155,208
5399,128
5398,371
4326,23
3276,1
4224,36
1922,1532
1923,672
1924,320
1925,2247
1926,974
1927,1793
1928,3269
1929,405
3278,862
3279,340
3474,2758
3475,141
3476,185
3477,344
3470,805
837,505
3472,301
835,337
4220,58
838,181
839,1299
3478,268
3479,206
4821,26
491,181
1365,176
3,66
4248,694
4223,1
5586,32
3574,6
5447,39
3319,1176
3318,1920
923,522
4586,6
5488,93
3311,703
5486,355
5485,916
5484,161
3315,1742
3314,831
3317,456
3316,108
784,3490
1188,28
786,366
787,138
5249,78
5248,163
1728,2562
783,2361
1726,218
5244,912
5247,492
1725,37
1722,74
1723,198
5243,715
1721,1772
924,84
5626,666
4159,16
2415,2
5624,1
150,219
1454,3
153,195
29,21
60,1008
5487,1022
62,316
1111,546
3001,1925
3000,1528
66,677
67,453
68,1100
69,98
3009,828
3313,622
1371,1531
1588,20
1589,1292
406,31
1582,100
1583,1925
1580,318
1581,72
1586,270
1373,7
1584,85
1585,71
2433,25
1038,318
1039,1930
508,868
1032,140
1033,82
1030,110
1031,273
1036,2134
1037,1910
1034,294
402,32
1212,825
1213,940
632,331
2430,504
1216,115
1217,211
636,3303
637,3853
638,2846
639,268
1848,5
1219,1753
3024,59
4378,1324
4379,1803
5658,595
5656,98
780,7
5654,330
5655,319
3335,696
5653,663
5650,449
5651,162
2899,587
782,568
2895,44
2894,1277
2897,244
2896,5
2891,75
2890,9
2893,663
2892,2290
1106,53
5245,3424
1456,1501
1457,54
1102,457
1103,193
1452,88
1453,492
1898,179
5994,1
1458,1810
1459,70
464,144
4456,2
4080,22
4081,1
3869,5274
5246,57
4084,94
3739,13
4087,2
3863,236
3862,11
3861,505
3860,3075
3867,1389
2057,61
2010,26
1894,1
3837,536
1720,54
1895,2737
3148,12
5242,1
1896,52
1455,4
5728,82
5729,173
5720,113
5727,607
3732,324
3185,3
4466,4
3731,3
3149,3
466,261
3780,32
4903,122
3917,48
3916,59
3915,94
3912,737
3911,26
3910,2119
4921,767
2013,53
3918,133
2135,281
4798,62
4799,743
4794,3
683,122
4973,1341
4797,23
4791,34
4792,743
4926,2066
4152,1217
4031,107
4150,1115
5835,1082
4156,377
4925,376
5830,2356
5831,2986
982,305
4924,622
5839,1022
5459,10
4834,22
5991,2
6057,20
214,2
215,358
213,1
210,80
5009,1
3286,545
920,80
957,169
6088,2090
6089,159
6086,485
6084,1227
956,1631
6082,337
6083,184
6080,1096
6081,84
36,1
681,1
5902,1
5903,54
5900,51
5901,56
5906,32
4,637
5904,177
5905,2898
5909,164
696,471
3489,111
3488,926
981,23
3481,19
3480,524
4676,157
3485,297
3484,143
3487,29
3486,776
938,4
4567,154
4566,169
4565,280
4564,435
3647,454
3646,138
4569,395
3643,289
4697,9
3640,5257
2550,105
3005,150
2552,650
2553,200
2554,106
2555,54
2556,1103
61,329
3283,74
2559,49
3007,3
2396,1296
2397,728
2394,148
2395,768
2392,306
2393,67
2391,105
3022,11
64,10
5206,21
1076,9
2398,74
2399,105
987,19
5011,56
5012,178
4898,76
5014,15
5015,142
5017,26
5018,146
2771,17
4891,169
3002,5324
4896,64
4895,745
2777,31
2802,17
667,149
3940,707
984,289
1858,1205
1859,1069
3281,13
5693,37
1850,710
1851,568
1852,487
1853,45
1854,2382
4412,30
1856,1272
1857,1685
6064,68
2173,33
6066,121
2171,1453
6060,1125
4900,173
6062,2007
4968,1722
3941,407
914,213
2178,23
2179,700
1355,2
6069,3
913,293
4960,20
1421,1010
2606,282
2607,14
2950,6
5694,394
516,71
1420,34
2608,6
1423,939
1047,98
1933,1182
1932,981
1931,3026
1930,4020
3265,79
1936,182
3942,83
1934,5663
5124,504
5125,71
1939,1465
2728,21
5120,49
5121,278
5122,481
1424,438
3467,2325
845,1432
3464,224
3463,2804
842,1397
841,1850
840,2691
4277,880
5435,832
849,65
3468,72
1632,23
3364,70
433,468
241,125
3963,5
2406,174
459,43
1193,242
5439,25
4276,25
3695,3955
663,1824
4905,53
6046,88
4626,8
1192,97
1739,411
1738,212
5230,804
5231,687
5232,186
5233,499
1735,888
1734,1681
5236,259
5237,219
2404,563
4442,12
753,1395
5949,238
751,1
750,316
757,730
756,50
755,60
754,2037
759,11
758,357
2348,30
1595,20
3071,791
3072,585
3073,9
3074,67
3075,108
1593,7
3077,361
2954,81
2955,107
2956,958
2957,15
1599,23
1598,656
3787,37
5344,52
5345,102
1027,1440
5347,1528
1021,60
1020,89
1023,629
1022,1518
4906,33
3785,210
1029,2218
1028,2305
503,90
500,279
501,75
3701,546
605,47
630,278
4367,189
606,137
601,16
600,38
4363,31
631,1029
1205,159
1204,1011
1207,996
1206,3296
4369,413
1200,3004
5649,376
5648,37
4270,1016
1196,102
5640,810
5643,8
5642,4
4279,353
5644,107
5647,37
468,6
3696,324
3109,114
3105,1
3106,6
3107,850
3100,2320
3101,1171
3102,127
3103,27
1447,845
465,350
1445,666
1112,82
1115,346
1442,959
1117,2
1440,737
2006,9
1351,584
1449,123
1448,425
4093,2802
4092,119
4090,42
2759,30
2004,59
2308,71
1357,73
4099,72
4858,8
5735,788
5737,311
5731,3
5730,196
622,15
3704,57
484,714
483,113
5738,162
480,73
5555,32
4854,209
4581,59
903,5
1563,1
4725,30
4583,2
4724,56
5300,54
4582,22
2303,12
5273,47
3922,14
3923,1
3920,854
4726,933
3926,62
3924,4
2305,511
3929,303
4720,9
4789,65
4788,219
4787,46
4786,539
4785,1218
4784,40
4783,80
4782,20
4781,32
4780,69
5821,220
5820,26
5823,200
5822,228
4149,44
5824,124
5827,593
5826,444
5829,568
4144,632
3992,119
4143,85
4377,145
3856,34
3854,1552
3855,118
3852,1264
3853,690
3971,45
3851,4591
992,751
4375,5
3858,2061
3859,2773
35,1
3003,3
6099,3042
6098,134
1062,44
6093,176
6095,294
6094,4
6097,473
6096,37
6048,407
5919,6
5918,3
5914,80
5917,13
5916,73
5911,3
5910,70
5913,42
4932,205
198,269
2465,9
195,852
194,30
197,1644
196,21
193,165
192,23
19,1
3678,4
3679,2
3672,194
3673,4643
3670,4265
3671,1414
3676,4128
3677,2853
3674,2391
2543,99
2542,33
2541,105
2540,574
2547,543
2546,186
2545,98
2544,8631
2549,592
2548,258
1104,67
2381,3
2380,27
4382,68
2382,38
2385,98
2387,267
2386,254
2389,34
2388,41
5596,33
1451,46
3580,70
3581,296
2769,23
2768,131
3584,1483
3585,1073
3586,321
3587,81
2763,26
3589,68
2761,119
2760,28
2767,51
2766,200
2765,295
2764,224
999,8
3290,9
5254,203
1486,1624
2007,35
902,166
4620,117
900,12
4429,695
906,52
907,3
904,51
905,34
4422,8
1842,829
4420,783
1840,4322
4426,525
4427,1021
1845,308
1844,1525
6076,487
4958,140
6074,55
6073,303
2168,905
6071,175
6070,49
4953,3371
4950,153
2166,1
2161,251
2160,678
4954,18
240,49
2617,86
2616,1124
2615,37
2614,1576
2613,1190
2612,532
2611,4
2610,117
3254,172
242,151
4082,1140
2618,347
3292,1038
4083,10
3256,286
1908,184
5138,536
1906,107
1907,44
5135,4134
3297,424
5133,87
5132,864
1900,953
3293,1494
3452,18
855,1054
3450,15
3451,252
3456,181
3457,1015
852,47
3455,319
3458,5
3459,162
858,10390
859,51
4544,44
1186,603
6,1837
4546,120
3402,42
5082,60
3866,1
811,2
4571,11
5229,39
5228,274
5223,169
5222,112
1077,1
5220,68
5226,2
5225,77
2609,93
4679,209
1724,49
740,5
742,938
743,1939
744,376
745,1376
746,424
2858,10
748,73
749,260
2913,1399
926,14
2949,912
2948,2007
2947,927
2946,1065
2945,1258
2944,11
2943,72
2942,35
2941,1727
2940,1187
5357,441
5356,1446
1052,2017
5354,2378
5353,1077
1055,300
5351,1766
5350,918
1058,117
1059,179
718,3
5359,141
5358,12
1696,43
2918,293
1694,118
1695,101
1692,11
1693,6
716,70
5657,1
1791,160
1278,293
1279,58
1804,131
4313,2159
2042,189
4316,33
4317,809
1270,29
1797,93
610,153
611,2555
616,216
617,945
614,197
2854,14
4157,276
3008,80
711,161
710,23
5279,49
1490,9632
2377,29
4374,1
5423,3
3119,350
5460,402
3117,1353
3116,188
3115,301
3114,437
4269,22
3112,38
2469,97
3110,80
1472,424
1473,568
1470,596
5462,82
1477,2
1474,110
2597,10
3337,174
1478,221
1479,9
1495,48
1305,39
1306,721
1307,39
1300,965
1301,1258
1302,231
1303,7342
1497,315
1308,69
1309,81
5740,521
5741,742
5743,60
498,368
4229,8689
5746,15
5468,199
494,459
495,1116
4227,776
490,100
4221,129
492,118
493,1481
24,328
5587,26
26,1792
5585,4
5582,457
21,200
22,10
5581,346
3594,25
28,716
5235,39
5588,2
5589,246
3599,42
5833,10
5308,839
3938,373
844,104
3935,119
3934,79
3937,1381
3936,180
3931,3368
3930,369
3932,419
1049,2
5195,162
4138,198
4139,1565
5261,1648
4434,7
4154,470
4132,135
4133,904
4134,7
4135,166
5692,95
3840,1904
5690,1
5691,1193
5696,236
3844,150
3847,118
3846,241
3849,460
3848,111
5698,234
5699,1373
1063,18
1873,4
1600,483
4433,57
3649,31
3267,391
1067,49
4615,14
1066,19
4462,74
4044,595
4045,49
4046,505
4047,274
4040,68
4042,18
4315,45
4048,185
4049,7
5968,507
5969,2
7,27
5961,1715
5963,574
5964,66
5965,78
5966,266
5967,260
3665,2284
3664,142
3667,83
3666,336
3661,3913
3663,29
3699,89
2280,176
2281,177
2282,3018
2283,244
3269,104
3668,684
4549,248
4548,184
4946,46
3919,4
973,758
4545,14
1605,130
4940,669
939,145
420,27
2578,324
2579,59
2577,226
2574,291
2056,207
2572,37
2573,1113
5194,75
2571,208
2059,138
2379,18
2058,1
2374,367
2375,6
1604,62
1073,60
2372,4837
2373,7695
3593,645
2595,685
2596,3161
4825,19
2590,62
2591,8036
2592,2457
5039,652
5036,729
5037,537
5034,3031
5035,1356
5032,3082
5033,311
5030,972
5031,417
1876,339
1877,199
1874,999
4436,132
4431,110
4430,1165
1870,745
1871,215
4441,23
1083,7
3697,371
4439,111
4438,313
1878,158
594,199
4945,388
4944,1590
975,166
974,1602
4941,861
972,253
971,1481
970,227
1080,136
4949,4
4948,186
979,11
978,5
182,634
183,1356
180,198
6041,37
186,58
6047,85
6044,68
6045,502
2110,4
2111,665
2112,3432
2113,511
2114,2174
2115,1081
2116,2744
2117,509
2622,7
2623,82
2620,31
2621,166
2626,723
2627,248
2624,89
2625,327
2628,163
2629,138
4089,2
2466,3
1919,12
5108,8316
4151,511
4368,2
3289,84
3288,43
1911,510
5103,2286
5100,2402
5101,2141
1915,45
3282,78
5104,1994
5105,2248
869,113
868,344
5434,11
3449,168
3448,133
3445,6613
860,49
3447,16
862,188
865,98
3440,940
867,558
3442,4431
2024,2645
2757,855
2754,69
2755,170
2020,2124
2021,41
2022,2160
2023,837
2828,17
2028,3
4158,71
2758,330
2829,81
883,331
882,500
881,43
880,225
5197,255
886,3
884,558
3728,6
4017,88
889,4
888,1
4153,1
4590,134
5216,162
5217,192
5214,10
5215,2423
5212,13
5210,144
5211,395
832,69
657,1255
5218,438
5219,905
2147,27
356,2
3534,115
4591,16
418,21
6065,29
3988,1536
2823,2250
5414,306
777,44
4332,1
771,249
5415,60
779,6
4928,55
419,8
77,16
75,2661
74,379
73,934
72,47
71,120
70,75
3056,730
2973,269
3054,1002
3055,435
2976,21
3053,314
79,3943
78,34
1043,3398
5363,144
5360,559
1040,1533
65,10
5367,577
5364,646
5365,97
5368,2904
5369,59
1681,134
1680,1403
1682,4
1686,77
1689,3
1688,170
4303,2469
4302,657
1269,449
4300,173
4307,28
4306,138
669,3622
668,1617
608,2712
666,41
1261,271
664,784
1267,2008
662,469
1265,1733
660,33
3287,108
5094,153
2442,14
1910,54
5196,22
3020,1374
3285,192
3284,183
3122,10
3123,561
3120,292
3121,83
3124,1260
1914,5
5083,1
1468,1336
3977,325
1465,43
8,5501
1467,730
3280,1679
1461,125
1460,31
1463,69
1462,39
1317,458
1316,1916
1315,5
1314,1035
1313,222
5567,788
1311,2
1310,2
523,2
1318,566
1014,3
5751,290
5750,216
5757,53
4239,102
5754,112
4237,880
4236,152
4235,1340
4234,44
4233,177
4232,2770
4231,133
4230,20
5591,1236
5590,6028
5593,239
5592,3
5595,2157
5594,1234
5597,11
6124,448
5599,36
5598,24
861,431
4454,120
1012,1
3444,825
3948,1928
3949,1737
319,1833
318,471
3403,38
3274,1046
313,188
312,279
311,600
3943,158
3944,1320
316,33
3946,67
3947,36
4606,452
5168,23
3443,61
3395,178
2756,69
4129,2308
4128,16
4213,1
4123,668
4122,671
4121,9
4120,1797
4127,779
4126,87
4125,894
1335,82
2027,17
5688,12
2752,39
5681,70
1337,371
5683,30
2753,37
4707,42
440,429
2750,57
2322,195
948,11
2751,126
4604,80
4705,975
1330,33
2320,200
2696,99
2327,399
1997,30
4366,634
2326,104
4057,2600
4056,143
4055,2577
4054,510
4053,1188
4052,1255
4051,393
5671,5
604,23
4605,32
4700,2
2908,42
4059,1296
4058,920
800,10
4930,87
5978,1195
5973,7
4358,144
4361,232
5970,55
5977,3343
5976,17
5975,39
5974,187
3610,146
3611,111
2299,1519
3613,58
3614,10
3615,274
3616,317
3617,2
3618,62
2292,17
2297,696
2295,28
2294,736
1887,1
5678,141
5679,45
4360,49
2982,64
2569,3652
2568,33
4357,15
2561,429
2560,2551
2563,683
2562,203
2565,540
2564,58
2567,47
2566,2673
1354,3
3845,8
5777,7
2369,133
2368,5608
2366,237
5406,160
2362,9372
2361,71
2360,557
5029,2517
5028,306
2585,5
2584,62
2583,305
2582,446
2580,2
5021,442
5020,16
633,203
5022,70
5025,2
5024,24
2589,4438
5026,833
1861,688
281,111
1863,162
1862,372
4444,511
4445,38
4446,16
4447,1859
4448,514
1868,562
3726,1195
3727,67
3722,37
2602,8
4686,485
965,24
4684,452
4933,49
4934,416
961,360
4680,694
963,414
4938,915
4939,1176
5578,17
968,91
4688,183
4689,189
2109,509
2108,1346
6059,3579
1710,226
5576,21
6054,337
2101,336
6056,521
6051,777
6050,7129
6053,2748
2104,358
5115,804
5114,3892
5117,20
5116,232
2639,105
2638,229
5113,388
5112,498
2635,86
2634,2034
2637,273
2636,474
2631,291
2630,754
2633,66
2632,390
1717,68
5403,24
34,6
3438,146
3439,237
1611,62
3093,2002
3430,30
3431,47
874,296
3433,29
872,210
3090,704
3436,307
3437,1793
2741,696
2740,67
2035,4274
1242,808
4596,987
4597,151
2031,18
2746,734
9,786
645,1194
4846,2023
3432,65
4840,574
4841,6
2039,3020
2038,2803
890,16
891,14
892,230
893,196
894,369
895,1609
896,1666
897,3046
898,35
899,767
1246,2823
1715,133
5201,364
5401,498
5203,17
5202,103
5205,19
5207,57
648,1309
5209,3
1968,578
5193,330
5198,176
3544,539
3545,24
3547,664
3540,1287
1618,651
3542,1
3543,359
3235,180
1711,397
641,131
5400,711
1964,609
430,4
1617,634
1614,2001
1788,19
2964,25
1615,2078
2960,34
2962,378
1780,674
5191,6473
1782,1676
640,618
2969,79
1785,2065
1786,1573
1613,726
3049,455
3048,60
1610,1859
3041,37
3040,119
3043,102
5192,1153
3045,276
3645,2888
3046,682
5379,3030
1078,384
1079,858
5375,58
643,2757
5377,1280
1075,97
1072,822
5370,1165
5373,110
1071,123
1678,634
1679,152
3804,33
1675,648
1676,846
5394,4
1671,7
1672,4
1094,448
1096,327
1097,115
1090,301
1091,873
1092,3348
1093,576
674,451
4337,458
676,2278
4335,1482
670,3682
671,810
4330,2743
673,1349
3135,360
3134,2377
3137,518
3136,632
3131,385
3130,588
3133,254
5303,32
3139,459
1534,4226
3648,1
3396,2
1533,319
3962,55
2557,2
1622,11
1418,218
1419,69
1410,1110
1411,87
1412,205
1413,219
1414,6
1415,39
1416,29
1417,231
1322,175
1323,1578
1320,175
644,464
1327,79
1324,178
1325,48
4646,146
1328,688
1621,114
2494,1
4209,443
4644,1
5768,774
5769,362
4202,138
5767,12
5764,1388
4645,1522
5762,107
5763,328
4204,83
1531,176
504,1
5568,6
5569,9
3118,603
5564,795
5565,480
5566,1948
5181,1179
5560,842
5561,364
5562,2
5563,644
1256,7
1525,564
1526,45
1527,2730
1252,87
1253,61
1250,1246
1251,499
1528,2120
1529,3858
1258,452
646,574
308,2
309,737
3959,200
3958,82
300,162
5186,1390
3951,1879
303,255
304,2
305,56
306,136
307,21
4116,4358
4117,11603
4114,5
4115,10516
4112,138
4113,445
4110,27
4111,2115
4118,228
4119,439
4634,1093
2254,11
2978,378
4966,1962
2250,376
3340,69
2477,1426
5184,10
2779,4
1484,1826
2475,1044
2972,1
5013,35
3057,5
2970,2
4449,2238
4062,289
5947,868
5944,385
5185,124
4066,10
5943,3486
4064,15
5941,1239
4069,334
732,6
5948,912
2977,69
5784,214
5785,602
5786,53
5787,59
2974,5
5782,485
983,90
2975,6
5788,191
980,128
5856,30
3603,70
5362,84
3529,5
3600,229
3607,2
3606,1750
1042,14
986,228
3609,1969
3608,1030
3413,715
1041,17
2775,4
2698,1
5038,3
5361,44
5157,1215
3347,113
2478,31
4435,9
1046,323
6118,668
1045,534
1489,4
6114,2819
6115,1967
6116,894
1044,28
6110,156
6111,563
6112,125
6113,576
2358,4321
2359,114
2352,69
2353,1459
2350,194
2351,114
2356,3580
5188,78
471,158
1048,184
1488,2
2991,5
5136,458
112,2360
4453,294
5491,15
4451,160
4450,60
4457,688
1899,257
4455,547
3738,75
3737,45
3736,4164
3735,185
3734,1046
1890,94
1891,50
1892,34
3730,816
2136,959
4690,155
2134,983
4920,346
4695,1028
4694,850
2130,2763
2131,717
953,51
952,392
955,1142
954,255
2138,695
2139,2
6028,1
3203,587
6020,97
6021,107
477,2
6025,48
6026,79
6027,74
2648,2567
5161,58
5163,951
5164,3415
5165,82
2784,2080
2640,155
2641,140
2642,145
2643,224
2645,48
2646,136
2647,10237
4803,3060
1441,3
2781,10
2749,20
4527,5
2033,20
4776,1
3429,105
3428,458
2783,213
3422,287
3421,22
3420,7
3427,4271
3425,316
3424,81
2002,1
2003,45
2000,804
2001,430
4589,132
4588,374
4859,1181
2005,944
4857,989
4584,173
4587,2744
3027,78
4853,644
4415,109
4851,222
4850,2127
4414,272
2118,477
4413,48
2137,16
1268,4
4411,343
2100,4
2996,337
1147,6
3557,1
3556,13
3555,34
3554,23
3553,85
3552,333
3551,4
3550,910
2491,11
4304,48
2170,109
3558,17
1263,308
6067,405
919,82
2997,53
4309,12
918,204
1909,35
2911,340
2912,1132
1798,59
2914,2570
2915,784
719,705
2898,22
717,626
1792,2064
715,129
2175,55
713,55
1796,306
1795,931
1794,1052
4967,71
661,392
2106,945
4079,80
1524,39
4965,64
5954,16
1069,994
1068,9
4964,216
5957,26
1061,25
5301,86
5302,489
5912,39
1065,88
1064,1158
5306,73
5307,643
1669,5
1668,13
1667,4
1664,2
1663,1
1662,617
1661,319
1660,4350
4329,2532
590,36
1085,618
592,19
595,1032
1082,212
596,6421
599,9284
598,745
4324,200
1088,210
3140,5553
3141,22
3142,131
3143,2058
3144,664
3145,55
3146,227
3147,194
2824,429
2825,6
2826,27
2820,125
2821,168
2822,19
2601,15
3386,2657
3387,125
3384,25
5417,251
3382,815
5411,52
5412,38
5413,2632
2032,72
2603,22
5418,194
5795,8
3388,400
3389,3079
1409,187
1408,137
1403,3113
1402,196
1401,1167
1400,3043
1407,12
1406,607
1630,252
1025,42
449,2438
448,315
1339,457
1338,433
1491,165
443,142
442,2
441,181
1336,678
690,10
445,1238
444,60
5779,1061
5778,13
3129,28
4947,87
4623,72
5771,63
5770,48
5773,196
5772,132
5775,207
5774,376
5366,4
5776,42
3261,7
39,56
1492,5
694,243
1057,46
3260,333
33,3
32,1463
31,4
30,542
37,2646
5572,1602
5571,91
5570,53
1241,712
1240,2149
1535,3177
642,726
3096,633
1532,4161
647,500
1530,872
649,62
1248,128
3098,102
3099,40
5346,2769
1539,197
1538,114
1493,52
699,2
339,49
338,2926
335,2912
334,933
337,1138
336,2649
331,507
330,1005
333,2150
332,5112
4101,6511
4100,1030
4102,383
4105,71
4107,15480
4106,6417
3204,98
3125,937
1938,1
1523,16
1901,56
3898,4
3899,4103
4907,5
1634,57
3892,343
3893,216
3890,257
5123,35
3896,9
3894,1350
3895,1679
847,288
3465,6
2063,647
1635,18
1464,74
843,56
1496,4
2119,143
3462,1687
5950,38
5952,74
5955,200
3461,1732
5000,280
5956,106
5959,5
5958,58
3460,100
4071,402
4073,66
4072,3
3966,23
3967,175
3964,175
1636,1375
5793,1624
5792,46
3960,166
3961,777
3502,278
5799,247
3969,244
4305,204
3435,2
774,8
3639,1015
3636,60
3637,178
3634,4181
3635,270
3632,99
3630,4386
3631,2887
5547,20
1637,1835
5343,222
3469,32
235,2692
3507,213
152,21
236,123
2345,98
2344,40
2347,383
2346,1333
2341,347
2340,8328
6109,4295
2342,1784
6107,176
6106,488
6105,3527
2349,178
5907,143
6101,1544
6100,1999
1822,25
4899,320
1350,39
4616,2
502,51
2594,6
2067,25
3708,16
3709,35
3669,257
4468,2518
4469,597
3702,209
4467,26
4464,1158
4465,460
1883,22
3707,894
4460,459
3705,89
2121,148
2120,554
2123,1073
2122,45
2125,45
2124,1376
2127,56
949,226
4916,422
947,46
944,380
945,201
942,804
943,1119
4910,2927
941,1575
6039,321
6038,108
6032,46
6031,101
6030,45
6037,162
6036,276
1594,32
6034,66
5173,358
5172,850
5171,722
2658,204
5177,78
5176,97
5175,2400
2653,4
2652,2680
2651,182
5178,1522
2657,253
2656,205
2655,1
6102,932
3416,48
132,6396
3414,3244
130,1321
137,51
136,42
135,68
134,3211
4371,20
138,2
3418,75
612,206
5348,27
707,8
4868,2645
2019,2002
2018,348
2015,290
2014,15
4860,1314
2016,217
4867,226
4864,47
4865,1127
5945,29
5922,38
5349,2
3965,46
5277,11
1937,66
1591,92
3277,8
3562,21
3563,181
3561,6
3566,697
3567,1477
3564,1203
3565,3122
3568,183
3569,27
511,78
4484,37
4485,223
4486,1
4480,19
4481,3
4482,1059
4483,237
1466,2
4488,7
4489,1704
848,41
2903,178
2902,92
2901,2
2900,149
708,166
2906,4
2904,692
704,149
705,31
510,43
700,51
701,13
703,128
3037,68
88,65
89,28
4793,1
82,161
181,495
80,2836
81,2603
84,1195
85,9
5319,84
946,124
2770,649
5313,1309
5312,150
5310,2850
5317,18
5316,8
5315,1
5314,275
1659,360
1652,100
410,1
1656,12
1657,30
1654,77
1655,16
586,604
587,395
584,61
585,322
4890,13
411,3
1987,100
1772,196
1993,171
1984,1910
588,27
3153,1
2009,13
3151,299
1633,962
3157,20
3156,172
1385,1
2837,5
1982,573
2835,14
2834,15
2833,2
2832,3
1348,527
3211,1131
1436,3204
1437,88
5405,245
1435,40
1432,36
5402,2191
1430,79
1431,662
3398,1091
3213,895
4333,34
1438,1872
5408,216
1260,388
1731,115
4506,86
1730,112
4260,1184
1349,324
4262,519
4263,1274
4264,78
1889,10
4266,1420
4267,140
450,10315
451,4600
452,11395
453,219
1344,1238
455,824
456,249
457,816
185,43
1737,377
1886,177
1736,2290
3700,3834
766,2
5548,961
5549,1162
3263,126
5543,927
5540,115
5541,109
5546,70
2483,12
4463,65
1502,28
1503,117
1500,58
1501,18
652,166
3088,1455
1504,327
1505,51
3085,382
3084,55
3087,2829
4461,1009
3081,90
3080,165
3083,386
659,229
310,37
833,2
5890,149
5891,319
5169,783
5893,136
5894,243
315,127
5896,269
5897,63
5898,120
5684,70
314,22
1885,260
3884,265
3887,12
3886,59
3881,6
4918,248
3882,70
2481,33
4919,49
6012,1
2129,2261
5010,3
4914,209
1884,1
4650,545
4963,12
4915,2
4696,15
752,389
4912,750
4913,1925
4662,56
4911,2163
4008,243
4009,40
2017,519
2873,234
4002,1
4003,1
4005,304
4006,364
4007,4
322,2300
323,167
320,1113
321,555
326,683
327,47
324,2481
325,425
3979,2
328,31
329,787
4652,16
1904,7
3629,1625
3628,631
4942,379
3621,2
3620,21
3623,30
3622,1725
3625,690
3624,1
3627,8
3626,37
4406,49
2533,458
1881,5
4714,2825
3070,5711
4710,90
4711,113
4712,59
4713,1589
2338,1587
6133,60
6130,37
4718,876
1597,77
6134,1
6135,155
5765,20
1880,18
3250,4
2958,326
609,282
1590,1
3715,361
3714,43
4289,2
3711,178
3076,28
1592,5
3719,111
4479,1451
4478,2275
5170,35
3251,50
3079,43
4471,1157
4470,1916
4473,238
4472,103
4475,65
4474,131
4476,60
4909,23
4908,96
6004,34
6002,1
2488,36
6001,3965
2486,568
2487,52
2484,38
2485,2700
2482,1419
4672,301
2480,384
4670,541
2248,5
2249,2153
2244,84
2245,15
2246,59
3190,21
2240,23
2241,191
2242,44
2243,663
2464,162
994,8955
997,2900
2467,317
2460,42
2461,384
993,94
2463,770
5146,374
5147,40
5144,502
5145,1
5142,745
998,1054
5140,1287
5141,1278
120,845
3400,384
122,59
1026,2964
3405,127
3404,591
3407,1385
3406,5
3409,1490
129,288
2654,2
5341,9
133,84
4877,3
4876,8
4871,89
5342,1
4873,2
3417,300
1921,35
1189,993
131,463
5425,246
2798,715
3415,3
1187,2710
2792,96
2061,410
2790,33
2791,79
2796,376
3375,204
2795,254
2570,7
5019,34
1182,110
3411,121
3255,15
3372,25
3641,3
3371,77
5422,53
139,1
5098,3770
5099,3176
3579,412
3578,3229
727,96
5090,131
5091,205
5092,371
3576,990
3571,178
5095,11
3573,130
3572,163
4497,4
4496,1
4495,70
2665,317
2662,487
2663,437
2660,48
4490,763
722,715
2164,3
4499,16
4498,12
2431,5
2938,920
2939,343
2936,2672
2937,372
1397,314
2932,191
2930,267
2931,478
5326,420
5327,10
5325,55
5322,305
5320,3
5321,436
1836,1944
5328,2260
5329,824
1645,64
1647,155
1646,299
1641,52
1640,189
1642,939
1835,108
1649,2535
2598,12
4574,5
5892,82
3795,28
3690,8
728,6
772,56
729,60
3797,18
1839,1713
1165,81
573,1
572,1
570,157
607,175
574,47
2808,702
2809,435
4956,217
3168,1
3169,1354
3166,49
2803,40
2806,559
3161,45
5432,61
5433,53
5430,1882
5431,1378
3368,501
3369,104
1427,5
2407,95
1429,37
1428,881
5438,47
3367,45
4983,217
3362,138
3363,4
730,68
4883,533
4982,1752
735,8393
734,13
737,134
5652,1405
2150,390
3390,46
1084,8
4984,1136
4273,340
4272,4475
4271,757
1358,383
469,154
4987,257
4275,101
4274,76
1353,949
1352,1351
467,4951
2153,51
461,1036
463,830
462,487
4660,208
5554,2527
5556,462
5553,2396
5552,277
3393,620
4800,57
5559,139
5558,3272
4885,1
936,19
1518,110
1515,861
1514,24
1516,93
1511,236
1510,74
1513,16
1512,111
959,25
4225,311
5755,26
4886,55
5883,1068
5882,139
5880,228
5887,875
5886,540
5885,549
5884,11
2223,337
5889,389
5888,173
1108,2
958,86
280,410
5645,83
778,69
3184,23
4416,75
3186,48
3187,156
3180,2375
3181,427
3182,858
1024,2
3188,396
3189,3
5875,16
3397,1555
582,2
1277,342
5972,30
5971,2
63,127
4018,44
2688,1
4661,1199
4013,7
4012,1047
4011,958
4010,336
1897,50
4016,305
4014,982
357,74
4904,23
355,696
721,512
353,1124
3989,804
788,5
3984,249
3985,143
3986,1070
3981,91
3982,64
3983,109
3612,364
5796,3
6125,275
2008,185
6127,1598
6126,1030
6121,111
6120,2
6122,212
5119,167
6128,1
2323,85
4706,2686
2321,539
4704,2536
4703,2688
4702,615
2325,182
2324,430
2329,198
1113,410
4709,960
4708,98
289,1902
288,267
1444,45
1793,391
1443,1507
283,232
282,188
285,213
284,154
287,469
286,575
3760,149
3761,301
3763,169
3764,53
3765,3
3766,1354
3767,133
3768,212
3769,160
1116,117
263,71
262,107
267,261
266,170
265,268
264,129
269,3495
268,815
6011,215
6013,175
1291,5
6015,217
6014,7
4608,1
6016,810
6019,1371
2490,2020
2493,5
2492,1516
2495,130
2192,1
2497,1910
2496,745
4424,70
2193,104
1566,289
2259,315
2258,340
2257,1014
2256,644
2255,166
1567,493
2253,213
2252,2
2251,10
4636,2059
5159,853
5158,16
988,38
2474,107
2473,10
2472,8
2470,400
5151,275
5150,114
5153,1054
5152,270
5155,4559
5154,129
2479,2379
985,1142
252,426
1790,1
2315,61
111,510
110,1560
113,267
2199,172
189,16
119,163
118,172
4096,1181
2785,1974
4801,2908
4802,1007
2786,1339
4804,549
4805,3475
4806,3000
4807,11
4809,11
4094,1644
2788,70
733,2
2177,8
2079,663
2078,4663
1218,9
2073,1720
2072,14
2071,7
4108,33
2076,11
2075,122
2074,942
4098,1
2174,1753
1035,3
3508,57
3509,49
5089,255
3500,22
3501,259
5081,29
3503,147
3504,179
3505,127
3506,93
5084,234
2675,22
2674,46
2677,186
2676,406
2678,121
6103,57
2929,3367
2928,2635
2921,1703
2920,1070
3658,57
2924,295
2927,29
2926,90
5330,14
5333,2142
5332,1329
3394,142
3685,202
5337,10
5339,2
3223,221
1986,1484
3215,4097
3216,388
1985,2365
3210,5307
1983,831
1980,88
1981,301
5739,959
3218,24
3219,18
1988,31
1989,120
3222,56
2817,293
2816,1153
2811,150
2810,84
2812,252
560,2
561,7
562,49
2819,90
2818,1682
567,383
3179,27
3178,1411
5255,77
3171,122
3170,26
3173,1037
3172,29
3175,241
3177,187
5639,2220
4894,51
2364,12
5429,1135
5428,53
3379,114
3378,916
3377,3883
5424,175
1184,168
3374,207
3373,248
1183,175
1180,752
1181,36
726,150
4390,109
724,39
725,229
1748,746
723,2524
720,117
4391,426
1744,107
1745,77
1746,107
1747,476
1741,267
1742,158
1743,797
1164,14
2587,1297
1166,148
4393,581
1160,193
1162,421
4249,299
4246,41
4247,1701
4244,409
4245,984
4242,23
1169,11591
4240,152
4241,28
5520,263
5521,1461
5522,9
5523,530
5524,99
5525,161
5526,383
5527,1165
5528,124
5529,63
4397,2
5496,24
3659,13
1366,156
5497,47
48,777
49,3078
46,1273
47,1859
43,239
40,48
41,62
1568,3361
1569,14
1298,6
5798,113
3300,32
1560,2
1561,557
5493,77
1565,1
1294,1614
1295,359
5252,238
1360,138
2026,21
796,2171
591,154
4848,3014
795,1351
2425,29
4739,10
1245,21
613,45
794,391
5027,1166
2551,154
3092,14
5256,423
2599,24
792,148
4398,101
4440,350
3385,1435
1860,20
5634,224
5635,229
4392,224
5637,828
5630,374
5631,12
5632,127
5633,103
3197,212
1367,273
470,335
3194,833
1362,530
3192,83
474,178
2787,150
1865,30
478,177
479,1686
1719,28
1368,8
3198,12
