1869,1023
1718,39
2511,1
4446,7
5317,5
3734,821
1866,42
5745,131
5718,105
4026,161
4027,1728
4024,513
4025,3397
4022,15
4023,67
1868,334
4028,28
4029,249
3383,28
5988,204
5989,2279
5982,471
160,93
5981,100
5986,82
966,12
5984,808
3570,2
340,301
341,18
342,337
3998,88
3997,131
3996,1388
3995,254
3994,78
3993,350
3992,130
3991,61
3990,62
4686,489
4931,144
5747,125
1343,50
4684,428
3573,73
4685,2
2919,47
3236,1158
3325,11
4935,1444
4732,543
4731,9
4736,2730
4737,80
4734,615
2319,3734
2316,5357
2317,271
4738,1937
4681,670
2312,220
2313,104
2311,129
5854,8
4831,37
5856,17
5857,11
5850,6
298,50
5853,2595
3237,2
294,125
4977,547
292,483
4833,1128
290,77
291,110
3773,449
3771,44
4832,66
5749,5
3776,339
3775,125
3774,142
2147,58
4021,67
1325,24
4522,361
270,202
4654,897
272,1977
4656,1176
4651,856
4650,423
276,45
3234,126
278,1
279,14
4520,3
4658,511
374,14
3446,46
4782,30
2269,125
2262,166
2263,198
2260,1014
2261,508
2266,118
2267,5
2264,199
5789,2
2442,5
2443,13
2441,1
2446,2603
2447,31484
2444,1381
2445,3606
2448,411
2449,46
3690,17
108,1066
109,312
1135,15
2102,32
103,49
5486,210
106,64
107,2211
104,4
105,120
2046,841
2047,189
2044,93
2045,120
4817,816
2043,7494
2040,4515
2041,726
2107,120
4819,2524
4818,1031
2048,214
6050,5932
1212,1040
2105,101
6052,67
1848,1
820,7
2993,7
5987,1
4031,97
1060,2
5116,293
2836,50
2639,99
4456,4
2835,19
2142,310
3519,57
3518,68
5298,74
3513,142
3512,85
3511,7
2733,2382
1210,90
3516,156
3515,38
3514,2593
5483,58
2831,2
5297,31
2684,1080
2685,71
2686,89
2687,793
2680,1322
1655,13
2682,907
2683,1137
3441,116
1437,94
5119,117
1211,34
343,125
1434,813
99,19
5482,170
1435,33
4937,14
91,27
90,101
94,1100
5402,1741
5182,902
5183,148
3205,415
5181,945
1995,1218
1994,346
1625,1003
1996,2725
1999,114
348,410
1629,651
5189,1260
3208,2245
3013,60
1293,9
3010,121
3534,111
2861,4
2863,520
2864,532
2865,228
2866,1142
2867,112
2868,581
2869,103
551,64
550,1106
553,412
552,21
3539,61
5409,145
3538,595
1439,141
5458,264
1198,139
3348,1265
3349,3671
3342,2074
1190,2927
5452,56
3341,111
1195,426
3798,20
3344,130
3345,379
1758,61
1756,2803
1755,865
1754,1025
1753,1340
1752,392
1751,684
1750,1071
4259,321
4258,2703
1175,1254
1174,267
1173,1071
1172,244
1171,6180
1170,7451
4251,730
4250,212
4253,3
4252,298
4255,2837
4254,225
1179,43
4256,243
5533,1454
5532,742
5531,698
5530,204
5537,17
5536,56
5535,102
5534,1441
5539,377
5538,37
1005,473
1285,604
1284,1
1287,977
1286,1
1281,102
1280,71
1282,2165
1003,181
879,671
404,33
3756,9
3430,7
1579,1755
1578,6631
689,51
517,834
1872,2
3431,27
685,1854
684,340
687,1526
1570,406
1577,44
2026,23
1575,27
1574,60
4260,2610
4261,696
3434,11
873,44
870,71
871,135
1888,105
626,11
4592,91
4389,11
5629,85
5628,47
4383,213
5626,458
4381,166
4380,1381
4386,595
4385,35
4384,111
407,3251
1370,862
405,65
2034,4042
1374,10
1377,1
1341,54
1379,470
4596,955
452,9506
409,2919
408,14853
3834,192
3835,1101
3836,18
3837,295
3830,83
3831,4883
3832,1781
3833,334
1344,993
4595,16
3838,1
3839,4248
1345,21
5995,867
4030,948
5996,118
4035,32
5990,83
5993,3658
5992,2126
4038,155
457,679
5999,13
5998,208
977,36
2318,947
4735,18
3453,299
3206,133
379,138
378,1749
1611,72
371,5
373,8
4843,91
2314,87
377,2186
376,207
2343,14
4739,4
5107,165
4348,232
393,30
391,12
390,33
397,1554
396,8995
395,777
394,1272
6007,24
398,3024
4345,4
5796,3
2309,3434
1247,2908
4344,30
4729,64
4728,685
5855,23
2301,595
2300,960
4727,939
4726,872
2305,406
2304,71
4723,181
2306,127
5847,96
5846,4
5845,2412
5844,616
1917,2
5842,69
5841,311
4405,118
3592,391
5849,101
2746,946
5852,50
3749,1
3203,483
299,55
3742,428
3743,369
3740,2
3741,373
245,1285
4621,306
247,2549
4973,1230
4624,1091
4625,765
243,24
242,157
4628,4
3591,4
249,77
248,1216
2275,675
2274,11
2277,4
2276,270
2271,1125
2270,237
2273,240
2272,758
5858,15
2279,1107
2278,2834
293,74
4407,1
4981,1455
2705,22
2232,37
125,37
2455,8
2454,1427
2456,3047
2451,53
2453,163
4673,342
3770,8
4980,1168
176,363
175,767
174,94
173,562
172,1380
170,1305
2051,234
2050,715
2053,9
1111,504
2055,30
1366,141
4828,10
4829,1296
4826,72
4827,36
4824,42
3693,323
4822,349
3695,2525
3696,217
3697,270
970,145
3596,106
3089,109
3088,811
1879,117
1110,352
1367,258
3545,39
2769,9
1505,79
3526,31
2157,91
3525,43
3522,57
3523,66
3520,3
3521,36
1508,203
3528,26
4655,5
1509,581
271,60
4657,302
225,284
3080,139
3225,61
3583,15
3083,276
1600,396
274,1006
2695,329
3082,425
2693,32
1603,9
2691,7
2690,403
1602,28
4653,55
1605,64
277,193
1604,53
1971,727
4557,578
100,2
1606,1277
3232,718
3233,154
5490,143
1968,519
1969,5774
1618,627
1619,499
1616,12083
1617,416
1966,1041
1615,2498
5191,4630
1613,901
1610,1819
1963,709
4310,35
2063,386
1363,58
714,5
2873,211
2872,1017
2871,469
2870,263
2877,1004
2876,662
2875,213
2874,123
2879,4696
2878,1591
4632,7
4534,61
5693,25
3354,179
3357,1
3351,1984
3350,2122
3353,6
3352,5068
3358,2
4835,53
5448,630
65,15
3745,74
5443,582
5442,43
5441,50
5440,280
5602,12
5446,220
5445,1
5444,420
1768,1576
1762,37
1763,60
1760,40
1761,25
1766,74
1767,611
1764,144
1765,150
1140,162
1147,2
2964,45
2692,7
2966,14
5509,4
505,1
5505,10
5502,29
5503,48
5500,17
1547,1192
1544,146
691,244
696,504
697,553
1540,67
1541,811
698,157
1727,22
1548,801
1549,2089
762,4
540,1
546,49
1781,81
3784,191
548,636
549,2
760,375
5627,70
3885,2
1783,119
400,155
4530,320
2969,95
2386,166
1785,1904
1787,59
5137,60
2649,14
4531,336
3321,47
5611,574
5474,66
5614,343
415,1091
416,2
417,61
1388,1984
5832,143
412,8
5716,151
1384,148
5472,10
1386,69
1387,31
1380,1666
1381,3479
1382,783
1383,2134
3580,23
3825,628
4532,45
3326,2
5002,26
3582,33
3829,433
3828,228
2768,173
5007,125
5006,2
4282,1358
4533,232
4280,1332
3042,41
4286,155
4284,44
4285,7
5461,3
4288,199
3587,51
2403,92
2099,25
3044,82
2207,11
368,111
3589,97
366,1099
367,21
364,12
362,7
3574,11
3214,17
1724,65
5008,9
4128,8
1774,2675
2098,510
380,774
382,418
5277,16
4985,19
385,8
387,213
388,1107
389,644
1770,8
4758,608
4759,389
5272,4
4750,176
4751,32
4752,53
4753,234
4755,4
4757,19
5872,1659
5873,1402
5871,1941
5876,355
5877,2643
5874,13
5374,18
5878,51
5879,149
1074,6
3759,63
5462,69
1115,213
4664,23
3751,306
5278,97
3753,1980
3755,90
3754,84
1073,92
2190,5
2191,48
258,3913
2193,39
2194,153
4636,1900
4635,28
2197,825
2198,1105
253,983
250,729
4638,527
256,173
257,89
254,605
255,416
2200,1339
2201,154
2202,4543
2203,787
2204,226
2205,2337
2206,211
901,55
2208,1
2209,53
96,596
680,2
418,27
2429,3646
906,36
4812,810
2420,453
2422,2
2423,59
2424,110
4811,648
2426,1261
4810,171
168,256
169,737
165,403
166,20
167,219
5467,107
161,1214
162,92
163,7
4839,405
4838,33
3688,55
4529,12
4528,88
3683,344
4830,196
3681,141
3680,994
3687,133
3686,35
4521,753
4836,308
4422,5
3212,582
3090,495
2519,179
1980,162
2514,7
2517,139
4420,530
2513,264
2734,26
2735,108
2736,7
1676,643
2730,63
2731,1856
2732,728
5299,368
5296,664
1847,992
5294,27
5295,191
5292,51
5293,267
5290,198
5291,213
3531,544
3530,6
3533,252
3532,861
5058,676
5059,953
3537,99
3536,325
5054,137
5055,762
5056,497
2049,3944
5050,104
5051,104
5052,381
5053,236
1814,921
1815,76
1816,78
1810,335
4338,26
1812,13
1813,3688
1093,331
1818,1296
1819,23
1107,43
6074,47
5468,133
675,23
6073,236
915,19
676,1896
921,31
677,58
1098,819
1087,86
6070,39
671,792
672,272
2164,1
4135,129
500,136
2167,71
1609,2
1608,949
2166,1
1979,11
1978,1
1601,334
3224,770
1975,670
1974,724
1973,8335
1972,1054
3223,201
1970,1604
809,87
808,29
908,30
800,2
807,364
2846,7
2844,47
2843,24
2840,6
2841,23
5477,172
3322,381
3323,1358
3324,54
5473,60
5470,21
3327,10
3328,77
3329,1660
1259,76
1775,784
5275,804
5276,194
1776,224
5270,262
5271,557
1773,28
1772,165
1779,123
3973,59
1669,6
321,250
608,2843
1990,45
3975,800
5516,2
1159,223
1158,455
2999,34
1157,769
3976,119
862,229
1150,1078
2162,1
5519,582
5518,399
3778,29
1178,116
5511,3
3038,55
5801,297
5517,5
1554,616
1550,603
59,2845
58,294
3034,100
3035,94
57,807
56,3865
3030,590
3031,766
3032,1323
3033,1741
1427,9
533,3
530,1
4662,44
2992,14
3299,5
3694,54
1976,2470
5139,5045
2771,7
2994,2
2694,53
50,327
5605,833
5604,361
5607,17
5606,476
5601,81
2996,306
5603,107
5136,715
3600,122
2997,110
5609,173
5608,62
3724,25
4690,169
1905,163
2772,78
5133,83
3291,26
429,2939
428,1692
5131,1086
1399,1725
1398,187
1397,236
1396,51
1395,189
422,414
425,7
424,13
1391,109
4693,189
3812,51
3813,203
3810,1
3811,6
3816,60
3815,243
3818,318
3819,892
5124,284
3450,10
3451,263
850,113
2995,1925
4299,17
917,2
5369,38
4294,295
4297,127
853,71
4291,66
4290,90
4293,7
4292,102
5069,88
4691,255
3510,68
2298,20
1422,1046
590,28
1321,1304
2199,28
4749,29
4748,264
4743,944
4742,670
4741,11
4740,289
4747,519
4746,12
4745,334
4744,15
5200,5
5869,703
5868,141
4243,89
5865,1
5864,1030
5867,273
5866,5
5861,428
5860,330
5863,70
5862,166
2330,223
4715,826
5350,755
2183,1079
2182,1018
2181,155
2180,3381
4696,20
4608,3
4609,2155
227,219
4607,424
2189,402
2188,1106
4602,70
3548,78
221,4
220,48
2213,89
2212,10
2211,78
2210,286
2217,9
2216,52
2214,159
2219,82
2218,404
2681,74
2339,6
54,6
5600,150
151,224
150,220
2439,408
2438,593
3971,60
154,550
156,7
159,55
158,66
2977,45
2430,334
2437,241
2436,1166
2435,179
4719,12
1686,47
6135,116
123,83
4519,167
4988,54
4512,183
4513,1
4510,46
4511,111
4516,27
4517,232
4514,758
4515,2086
1359,9
2509,4
2507,10
2506,23
2505,11
2504,8
2503,12
2502,18
2501,25
2500,21
124,194
2726,7
2723,879
2722,40
2721,54
2720,44
5280,1408
5283,800
5285,378
5284,320
2729,1450
5286,35
1712,182
1163,23
5049,21
5048,1237
5047,1310
5046,2202
5042,95
5041,297
5040,33
3782,406
3783,238
1805,438
3781,56
3786,357
1802,339
1801,255
3785,118
3788,6325
3789,749
1809,8
1808,249
4994,437
4995,20
4992,299
4993,633
4990,13
4991,15
126,23
4998,812
4999,78
3258,7
3259,329
1948,188
690,11
2176,8
1257,199
1942,155
3251,84
1940,599
1941,1418
3254,122
1947,257
1944,118
1255,5
3497,606
810,20
812,212
813,1092
814,1758
815,247
816,23
817,370
1623,719
1622,11
2850,2
1523,3
1024,13
5180,654
1490,4798
5460,524
3331,153
1620,2811
5465,16
3336,3289
3335,917
3334,7630
1498,20
5186,1485
3339,526
3338,510
5057,1150
423,368
5187,1078
1700,88
1701,15
1702,3
1703,396
1704,745
3201,351
5261,1389
1707,41
1709,71
1624,2117
5269,907
5268,1247
2096,11335
427,6
1998,258
2091,117
426,11
4188,2
1543,412
3659,7
1128,8
2093,841
1121,9
1122,131
2092,1510
1125,10
1127,5
3654,2851
184,9
3655,768
313,123
4722,7
5437,8
2988,287
1807,103
3029,116
3028,21
3027,63
3026,90
3025,171
2980,543
3023,8
2986,17
3021,67
3020,1613
1090,166
300,175
1018,547
1019,910
231,3
695,36
1016,16
1017,92
1010,347
1011,654
1012,4
1013,666
5892,93
1230,7
1231,51
1232,420
1233,21
3086,268
4190,1
1076,4
5672,22
3950,311
5674,454
4359,12
5676,1
4376,2
5678,93
4355,239
4356,144
307,15
4350,24
4351,9015
4352,8
4353,313
4679,188
1266,5
4901,398
438,881
4676,95
436,1645
437,9941
434,177
435,850
432,196
4675,47
2830,94
431,102
740,13
4674,1
3809,105
3808,296
3805,42
3804,34
3807,80
3806,64
3800,719
3802,1693
4671,269
3312,376
559,60
2481,67
558,9
2285,116
3078,30
5709,656
5704,974
5705,126
185,66
5707,348
5700,420
5702,50
5703,80
2706,10
554,35
1960,30
4777,224
4774,20
4775,77
4773,23
4770,426
4771,128
4778,6
4779,276
4174,828
4175,66
4176,638
4399,24
2637,335
4172,6
4173,152
1961,137
2265,16
5818,57
5819,142
3060,121
5810,539
2855,2
5815,96
5816,6
5817,62
995,125
4296,3
4683,55
927,39
4619,43
4618,441
996,26
238,2
239,150
234,236
235,2573
236,112
237,339
230,671
4614,124
5060,689
226,5
993,62
998,391
2229,3
2226,95
2227,43
2224,66
992,639
2222,434
5469,65
2220,116
2221,14
5924,39
5925,939
5926,206
5927,89
5920,173
5921,277
5922,57
5923,703
4837,1
2940,776
5928,404
5929,263
146,11
147,43
144,2979
145,83
142,492
143,1240
140,1102
141,113
4884,29
1052,1070
148,67
5143,9670
4504,38
4506,66
4501,7
4500,677
4503,234
4502,5
4509,406
5352,479
3401,48
2088,2157
2089,1872
1056,77
3400,404
2082,42
2083,560
2080,76
2081,643
2087,5432
2084,400
2085,135
1537,7
1191,1437
2538,2345
2539,1687
1059,228
2532,946
2533,309
2530,1202
2531,1750
2536,1951
1193,307
2534,722
2535,382
2712,286
2713,1
2710,1449
2711,997
2716,314
2717,81
2714,319
2715,106
4238,69
5454,9
3093,2419
5455,39
128,107
5079,1744
129,184
5072,170
5073,301
5070,736
5457,391
5077,247
5074,880
5075,1564
1832,10
1833,129
3799,3259
1837,433
1834,37
1697,133
3795,22
3794,178
1838,1489
3796,763
3791,1413
3790,104
3793,139
3792,271
2406,135
2155,1171
4983,209
2405,89
2402,92
2151,721
2152,4111
4986,518
4989,37
932,88
931,507
930,142
2159,1330
935,106
934,209
5380,2
5381,8
5382,22
5384,10
5386,3
3091,993
5388,62
5389,3
136,19
4642,21
2476,2
1991,864
1957,1361
1956,2971
1952,93
1829,2
1959,714
1958,19
3248,679
3096,500
3370,5
3242,407
53,60
3247,539
3246,952
3245,22
3244,228
4404,201
228,22
828,412
1824,236
825,13
824,19
827,29
826,3
4406,42
822,4
1177,5
3097,706
1536,63
1176,385
2409,2
1821,52
1993,152
1483,62
1482,44
1481,306
619,101
1487,1051
1486,1656
1485,83
1484,1782
3306,1174
5495,17
3304,39
3305,145
3302,483
3303,25
5492,1103
3301,532
5252,108
5253,578
795,1133
794,332
793,198
5257,191
5254,127
929,640
5258,38
5259,287
4394,52
799,1027
612,158
2412,112
613,38
2825,7
2143,43
1989,65
4979,378
5946,6
1139,149
5947,582
1274,1
4395,2
1137,184
5944,243
2829,40
1134,1
2419,1310
4061,410
614,118
4975,1
476,2
1277,268
2062,37
3018,1430
3019,656
5940,15
3012,1091
2064,160
224,744
3011,66
3016,236
3017,2644
3014,30
2065,2
519,907
518,78
926,8
1009,207
4066,15
511,27
1006,491
513,212
1004,484
515,36
1002,83
1001,155
1000,1787
623,115
1226,86
621,19
620,147
627,1340
1997,35
625,695
624,345
629,468
628,598
3309,301
1229,50
1228,67
5663,154
5662,315
5660,13
5667,44
5666,1
5665,313
5664,1410
5669,999
5668,2225
4343,394
4342,27
4341,3
4340,13
2882,30
2883,25
2880,387
2881,6
2886,166
2887,83
2884,22
2885,2208
23,26
2888,7
2889,64
2,103
3099,25
3878,82
3879,530
510,511
3870,269
3871,550
3872,177
3873,543
3874,94
3875,849
3876,1405
3877,904
4677,1
13,197
15,225
14,923
17,73
16,82
5717,68
18,193
5715,4366
5714,751
5713,3337
5712,2219
5711,336
5710,102
2740,58
3275,10
1924,244
3310,1
3273,201
3904,79
3905,2
3906,2376
3907,350
3900,949
3901,105
3602,14
928,42
3908,60
3909,7
4761,217
4760,295
4762,202
4765,298
4766,11
4769,1984
4768,1022
3193,74
2719,52
4165,744
1105,76
4162,1
4160,51
4168,17
5809,1842
5808,52
5803,92
5802,36
4321,458
5800,3794
5807,8
5806,92
5804,2047
201,196
200,1327
202,141
205,303
204,407
207,1048
206,33
209,4192
208,904
2745,202
830,23
679,154
1573,22
3477,268
1572,40
836,15
1571,607
3471,45
2239,1597
2238,71
686,293
834,5
2231,121
2230,499
2233,222
3473,515
2234,9
2237,80
2236,83
5937,1915
5090,149
5933,22
5932,86
5931,269
5930,556
682,769
3577,286
5939,44
5938,1027
1631,25
3576,794
229,4
3498,559
3499,176
3496,1581
3571,80
3494,154
3495,1115
3492,306
3493,69
3490,74
3491,1488
4570,14
2094,3851
4572,75
4573,118
3658,82
2090,1222
4576,6851
4577,12
4578,1290
4579,913
3656,9
3572,94
3650,984
3651,898
3652,1029
3653,185
2525,2468
2524,690
2527,55
2526,1334
2521,132
2520,1298
2523,64
2522,35
2529,10
2528,960
222,3
4494,26
1201,23
4601,1
2663,231
5065,226
5064,355
5067,2506
5066,2229
2709,119
2708,1430
5063,88
4880,548
2704,1210
2707,596
4883,306
2701,25
2700,28
2703,556
2702,563
3220,83
4090,17
6119,2
4408,340
2951,10
1825,484
4154,277
1827,244
1826,620
4400,1256
4401,705
4402,712
4403,207
2315,47
2146,1622
2413,311
5743,87
4978,291
2414,734
2417,2147
2416,2887
4974,747
2418,3535
923,581
4970,4121
4971,2094
4972,282
2148,728
5393,418
5392,16
5391,1543
5390,1103
5397,32
5395,423
5394,12
5399,133
5398,345
4326,23
3277,6
3274,1079
1923,427
3272,83
1925,1726
1926,1272
1927,1480
1928,2354
1929,282
3278,771
3279,300
3474,2224
3475,95
3476,161
4227,973
3470,699
837,261
3472,301
835,204
4220,42
838,257
839,483
3478,281
3479,157
491,21
1365,150
3,56
4248,534
4319,6
5586,9
2727,7
3332,197
3199,23
3319,829
3318,1601
2594,7
5488,120
5487,927
5582,358
5485,588
5484,114
3315,2028
3314,997
3317,408
3316,90
784,2454
786,286
787,83
5249,93
5248,150
1728,1390
783,1707
5245,3648
5244,755
5247,456
1725,107
1722,31
1723,245
5243,509
1721,1607
924,61
2361,63
4382,27
4159,15
468,2
5321,330
1042,4
153,144
29,16
60,523
61,154
62,350
152,20
3001,1641
3000,1352
66,381
3002,4470
68,684
69,203
3009,715
3313,415
5635,159
3337,173
1371,936
1588,12
1589,1291
406,31
1582,136
1583,1773
1580,173
1581,47
1586,323
1373,14
1584,47
1585,39
2433,19
1038,413
1039,1698
508,760
1032,149
1033,95
1030,106
1031,215
1036,2637
503,63
1034,321
501,30
630,218
631,975
632,291
633,129
634,44
1217,124
636,3094
637,2827
638,2461
639,241
1846,197
1219,1420
3024,36
6043,3
4378,2327
4379,2355
5658,462
5656,103
780,1
4370,184
5655,249
5652,1291
4377,121
5650,454
5651,204
465,165
987,12
2899,333
782,418
2895,78
2894,1025
2897,460
2896,27
2891,23
2890,22
2893,426
2892,1419
1106,91
1726,247
1456,1031
1457,45
1102,425
1103,116
1452,64
1453,272
1898,165
1458,1317
1459,56
464,63
1899,395
4080,16
149,1
3869,1743
5246,59
4084,102
3739,5
4087,2
3863,266
788,9
3861,582
3860,1702
3867,1244
2057,61
1981,333
1720,24
1895,1546
3148,12
1719,21
3735,183
1455,12
323,77
5728,113
5729,122
5720,101
5727,576
3732,391
3185,9
4466,7
3731,1
3934,36
1576,6
3917,58
3916,79
3915,116
1123,7
3912,643
3911,2
3910,1983
5631,25
4921,815
3919,1
3918,85
4692,10
4798,52
4799,503
683,86
4797,8
4791,5
4792,521
4694,786
4152,419
5837,414
4150,982
5835,1174
4156,396
4925,411
5830,1851
4155,164
4158,20
2131,499
5838,1
5839,722
5459,6
4834,30
5991,2
1914,4
214,2
952,326
213,1
210,85
4339,66
3286,438
920,88
957,159
6088,1557
6089,124
6086,230
6084,1097
1790,3
6082,325
6083,168
6080,459
6081,54
4167,9
3343,58
2518,60
5902,4
5903,26
5900,45
5901,54
5906,41
4,473
5904,91
5905,2602
2752,34
5909,138
439,495
2431,18
3488,842
3481,58
3480,858
3485,192
3484,162
3487,40
3486,576
938,14
4567,184
4566,63
4565,280
4564,433
3647,432
3646,60
4569,346
4904,9
3643,144
3641,26
3640,3050
2550,118
2551,193
2552,585
2553,105
2554,62
2555,37
2556,835
2557,5
3283,56
2559,33
3007,7
2396,1101
2397,769
2394,212
2395,856
2392,354
2393,57
2391,87
3022,9
1402,112
6041,34
5206,64
2398,53
2399,85
5010,3
5011,45
5012,451
5013,23
5014,2
5015,143
3282,43
5017,13
5018,96
5019,8
4891,176
2773,915
4896,46
4895,557
2777,33
4081,2
2601,14
3307,2
4269,22
984,47
5165,49
1858,1241
1859,763
3281,19
4418,15
1850,574
2806,356
1852,405
4414,269
1854,1972
4412,91
1856,1318
1857,2029
6064,26
2173,23
6066,95
6067,321
919,28
4900,122
6062,1755
4968,1469
3941,145
4966,1754
4965,63
4964,164
1355,7
913,244
4960,24
1421,815
2606,276
2607,41
2950,16
3847,121
516,164
1420,30
2608,17
1423,691
1933,843
1932,1057
1931,2826
1930,2995
3265,77
1936,172
3267,385
1934,3533
3269,79
1425,29
1939,1361
2728,6
5120,24
5121,146
458,668
1424,350
3467,2976
845,1365
844,70
3463,2665
842,1106
841,1539
840,2349
4277,689
1426,21
2975,8
3469,42
848,32
1429,8
433,359
241,130
4331,11
459,72
3367,49
4276,89
663,1575
4905,47
6046,220
4626,8
2407,82
1192,49
1739,458
1738,169
5230,537
5231,694
5232,235
5233,609
1735,566
1734,767
1737,450
1736,1790
2404,503
5405,203
2052,16
753,1260
752,311
751,1
750,247
757,737
756,51
755,51
754,2021
759,11
758,642
3780,22
3070,6727
3071,942
1597,27
4930,75
2958,301
3075,88
3076,22
3077,305
2954,57
1194,65
2956,903
2957,4
1599,79
1598,349
3787,20
5344,48
5345,57
1027,1219
1026,1776
1021,8
1020,27
1023,545
1022,1225
502,26
1800,2224
1029,1647
1028,1963
1037,2468
2054,237
4153,3
605,73
604,63
607,232
606,164
4361,154
4360,49
603,44
1213,1038
1205,234
1204,934
1207,988
1206,2030
609,292
1200,2839
5649,380
5648,49
1358,368
1196,38
5640,1056
5642,4
5645,109
5644,89
5647,27
635,38
3109,104
3105,5
3107,590
3100,2036
3101,1604
3102,81
3103,79
1447,605
1446,14
1445,465
1444,29
1443,1039
1442,718
1117,12
1440,543
4589,37
2478,30
4279,286
1449,82
1448,327
4093,2121
4092,106
466,146
4097,6
4096,1179
4094,1129
5068,112
2401,336
4099,29
2005,563
791,19
5735,408
5737,279
5730,212
622,16
3704,44
484,640
483,96
2008,147
1804,148
5555,46
4586,10
4581,135
903,9
790,1
4725,30
4583,3
4724,78
1061,21
4582,19
2303,16
3922,16
3920,579
2302,3411
3926,48
3924,35
4721,17
3929,280
4720,3
6045,539
4789,37
4788,287
4787,123
4786,577
4785,1236
4784,66
4783,259
5654,385
4781,22
4780,103
5821,250
5820,19
5823,171
5822,199
4149,13
5824,142
5827,608
5826,384
5829,298
4144,563
2466,2
4143,81
5653,676
3856,75
3854,877
3855,114
3852,443
3853,243
3850,87
3851,2575
1595,12
3311,603
4375,5
3858,2396
3859,1659
454,621
5840,119
3005,110
6099,1794
6098,87
6093,118
6095,284
6097,395
6096,46
4823,607
3004,2
5919,1
5918,11
5914,70
5917,17
5848,252
5911,7
5910,49
5913,30
5912,30
4820,578
198,69
2465,11
195,176
194,2
197,390
196,5
193,104
192,5
19,2
4206,37
3672,155
3673,3254
3670,3692
3671,1476
3676,2330
3677,3075
3674,1327
2543,42
4821,13
2541,70
2540,306
2547,431
2546,111
2545,80
2544,6338
2549,340
2548,169
1104,64
2380,83
2382,38
2385,161
2387,338
3747,610
2389,34
2388,87
411,13
1451,29
5003,70
3581,152
5001,280
5000,189
3584,889
3585,688
3586,289
5004,21
2763,22
2762,28
2761,104
2760,20
2767,90
2766,145
2765,199
2764,185
999,5
3290,14
3553,96
902,107
4620,124
900,9
4429,426
2195,93
907,1
904,54
905,35
1843,82
1842,881
1841,2382
1840,4318
4426,408
4427,693
1845,238
1844,1484
6076,340
4958,98
246,2118
2169,388
2168,868
6071,130
1943,791
4952,2
4953,3851
4950,127
4951,1
2161,219
2160,670
4954,29
240,27
2617,63
2616,943
2615,16
2614,1679
2613,898
2612,428
2611,11
2610,72
1946,10
4627,191
5916,69
4082,1099
2618,371
4083,15
3256,139
1908,110
5138,623
1906,89
3295,730
5135,6356
3297,229
1902,30
5132,787
3292,970
3293,1190
3452,11
855,930
856,50
857,69
3456,137
3457,865
852,31
3455,224
372,19
3458,15
3459,122
858,9880
859,80
4544,21
3161,6
6,1467
4546,141
3402,24
273,64
5082,74
4571,1
5229,48
5228,177
5882,117
5223,131
5222,160
5220,46
5226,3
5225,40
4187,4
669,3313
2609,59
3738,58
4588,352
275,108
742,1072
743,2041
744,385
745,1560
746,564
747,336
748,43
749,177
3737,55
1798,52
2949,526
2948,1893
2947,810
2946,947
2945,1342
2944,9
2943,34
2942,19
2941,1768
2915,568
5357,268
5356,1406
5355,32
5354,2214
5353,589
1055,197
5351,1782
5234,234
1058,118
1182,97
718,5
5359,65
5358,7
1696,61
717,850
1694,263
1695,94
1692,17
1693,3
716,124
6009,47
5657,3
715,97
1699,2
1278,281
1279,70
618,42
4313,2382
5289,11
2042,171
4316,60
4317,833
4318,515
713,22
610,96
611,2232
616,238
617,963
1276,738
615,1131
4157,114
3008,69
711,117
710,17
5279,33
3333,722
4374,2
3119,367
3118,559
3117,1257
3116,178
3115,283
3114,406
3113,62
3112,43
3110,116
1472,298
1473,602
1470,446
3330,788
1476,3
1474,188
1494,34
3260,250
1479,21
1495,88
1304,2
1305,39
1306,592
1307,50
1300,700
1301,1160
1302,245
1303,5659
1497,278
1308,68
1309,46
5740,620
5741,540
2597,15
498,248
4229,6879
5746,4
1499,311
494,491
495,397
496,3
497,520
490,132
4221,144
492,60
493,1370
24,329
5587,11
26,1138
20,158
21,111
22,1
5581,269
3594,11
28,418
5235,29
5588,3
5589,183
4311,1
5034,1934
5833,12
5308,951
3938,334
3935,39
2598,8
3937,723
3936,246
3931,2686
3930,210
3932,414
5195,129
2452,8
1885,187
1705,62
4138,128
4139,901
1706,467
4434,34
4130,12
4131,358
4132,146
4133,442
4134,11
4437,29
5692,57
3840,1660
5690,11
5691,914
5696,204
3844,110
5694,361
3846,224
3849,498
3848,117
5698,212
5699,1518
1063,15
1062,22
4433,40
3649,39
1067,76
1066,13
4462,22
1471,1
4044,448
4045,102
4046,679
4047,323
4040,55
4042,10
4315,31
4048,149
4049,40
5968,399
7,17
1656,10
5961,1725
5963,439
5964,65
5965,86
5966,260
5967,207
3665,2319
3664,168
3667,76
3666,292
3661,3406
3660,1
3663,24
976,7
2280,102
2281,150
2282,1797
2283,208
3669,96
3668,532
4549,131
4548,130
4946,77
2223,386
4941,973
4545,22
2135,182
972,166
939,153
420,64
2578,259
2579,31
2577,169
2574,291
2056,289
2572,29
2573,795
2570,1
2571,225
2059,206
2379,19
4535,4
2374,347
2375,5
601,15
2377,40
3692,113
2372,2879
2373,4761
3593,425
2595,637
2596,2497
4825,11
2590,31
2591,9978
2592,2497
5039,693
5036,740
5037,358
3599,43
5035,1380
5032,2383
2599,13
5030,1346
5031,403
1876,278
1877,297
1874,977
1875,251
4431,54
4430,825
1870,482
1871,123
1083,9
5373,59
4439,84
4438,182
1878,167
594,200
4945,348
4944,2189
975,87
974,1132
973,495
4940,708
971,1118
4942,360
1080,114
4949,5
4948,158
979,12
978,43
182,611
183,1254
180,139
181,462
186,61
6047,46
6044,54
4320,497
2111,529
2112,2208
2113,321
2114,1604
2115,765
2116,2038
2117,393
2622,3
2623,205
2620,48
2621,205
2626,1166
2627,219
2624,77
2625,290
2628,155
2629,114
4089,2
1919,2
5108,7835
4151,568
3289,96
3288,45
1911,538
1910,23
5100,3090
5101,2407
5106,705
6048,299
5104,3142
5105,2981
869,109
868,343
189,23
3449,109
3448,136
861,643
3444,1194
3447,12
5831,3312
865,63
3440,651
3443,74
3442,2948
2024,1115
2757,858
2754,157
2755,109
2020,2971
2021,83
2022,1039
2023,896
2828,15
2758,321
2759,116
883,408
882,460
881,51
880,200
5197,279
884,591
3728,20
888,20
1340,3
4590,155
5216,153
5217,115
5214,7
5215,3249
5212,22
5210,143
5211,425
832,86
1503,157
5218,349
5219,759
63,99
3468,34
982,188
6065,12
5549,943
3988,1392
4800,40
5414,1329
777,23
771,143
64,5
3387,107
779,12
778,142
419,10
77,8
75,2761
3385,928
73,867
72,128
71,287
70,144
3056,588
2973,276
3054,584
3055,360
2976,20
3053,316
79,2793
78,36
1043,2351
5363,201
5360,407
1040,1606
1047,80
5367,432
1045,496
5365,72
4597,80
5368,2398
5413,1880
1681,68
1680,1058
2982,55
1689,5
1688,195
4303,1956
4302,736
1269,156
4300,80
4307,31
4306,106
4305,138
668,1551
667,128
666,22
1261,426
664,616
1267,1551
662,403
661,387
660,16
3287,95
215,404
5103,3503
5196,14
2984,117
3285,204
3725,40
67,321
3284,193
3122,15
3123,467
3120,282
3121,154
3127,5
3124,1080
3125,766
5029,2065
421,13
1468,1375
1465,44
8,4815
1467,451
3280,1526
1461,88
1460,13
1463,36
1462,19
1317,394
1316,1426
1315,4
1314,815
1313,202
2139,4
1310,1
1318,550
5791,7
5751,213
5750,214
5757,53
218,1
5755,34
5754,143
4237,850
4236,309
4235,1112
4234,36
4233,72
4232,2780
4231,173
4230,26
5591,1319
5590,4996
5593,200
5595,1758
5594,1441
349,26
5596,14
5599,39
5598,14
3445,3566
860,51
3948,931
3949,843
319,1206
318,192
3403,18
3940,522
312,283
311,880
310,88
3944,1117
316,24
3946,70
314,22
4606,291
5168,24
867,510
866,2
2756,63
4129,1945
781,3
4213,2
4123,476
4122,624
4121,25
4120,1607
4127,454
4126,82
4125,728
443,152
2027,26
5689,2
5688,9
5684,64
5156,5
1337,267
5683,11
2753,52
4707,39
440,502
2750,27
2322,155
948,14
2751,88
4604,44
4705,841
2320,102
2696,43
4703,1680
4366,498
2326,40
4057,1992
4056,125
4055,2270
4054,383
4053,888
4052,942
4051,168
5671,3
4605,11
4059,1198
4058,1137
5194,101
5978,1432
5973,1
4358,145
5971,4
5970,55
5977,2908
2136,762
5975,16
5974,121
3610,128
3611,121
3612,345
3613,44
3614,7
3615,209
3616,227
3618,63
2292,13
2297,579
2295,49
2294,497
1887,5
4354,554
5679,61
887,2
2787,91
2569,3109
2568,15
4357,15
2561,273
2560,2192
2563,893
2562,150
2565,377
2564,77
2567,35
2566,2348
2369,267
2368,4717
2366,299
2364,4
2362,10236
1244,204
2360,907
2587,848
5028,353
2585,4
2584,2
2583,276
2582,272
4697,18
5021,364
5020,15
5022,8
402,6
2589,4740
5026,537
1861,647
1860,55
1863,159
1862,413
4444,424
1864,58
1867,146
4447,1605
4448,214
4449,1768
3726,920
3727,44
4490,350
3722,18
964,607
4687,7
4932,200
4933,13
4934,559
961,294
4680,476
963,228
4938,726
4939,1069
5597,6
968,27
4688,153
4689,174
2109,266
2108,883
6059,2501
6058,13
5576,17
6054,88
2101,283
6056,382
6051,588
2106,639
6053,1051
2104,294
5115,673
5114,4002
5117,9
5574,207
5111,676
2638,200
5113,166
5112,278
2635,52
2634,1689
324,2156
2636,336
2631,352
2630,822
2633,45
2632,327
1717,51
5403,32
34,10
3527,42
3765,10
3438,88
1241,539
2955,77
4936,394
640,501
876,25
877,27
874,230
3433,27
872,138
1243,378
3436,294
3437,754
2741,443
2036,3735
2035,5761
1242,547
4848,3501
2744,252
2031,8
2030,10636
4844,1010
2748,103
4846,1694
4847,11
4840,493
4841,5
2039,4556
2038,4111
890,9
891,2
892,200
893,144
894,268
895,2659
896,2043
897,3014
898,27
899,602
1246,2217
1715,94
5201,378
5401,422
5203,13
5202,90
5205,29
5207,43
1248,107
5209,1
5208,394
5193,276
5198,164
3544,603
1478,326
3547,595
3540,1054
3541,248
3543,200
4369,366
3235,214
1711,300
3549,331
5400,754
1964,574
430,19
1965,323
1614,2025
1788,18
1789,108
1967,49
2960,43
2962,243
1780,380
1612,211
1782,2142
761,650
1784,854
2968,1214
1786,1539
5190,158
3049,357
3048,46
1962,96
3041,57
3040,45
3043,90
5192,806
3045,282
3645,1916
3046,479
5379,2144
1078,320
1079,702
5375,78
643,2292
5377,1518
1075,107
1072,817
5370,999
1070,363
1071,113
1678,459
1679,144
1675,562
5149,295
1094,278
1095,1
1096,236
1097,152
678,645
1091,674
1092,2607
642,604
674,499
4337,390
4334,1661
4335,1340
670,2157
1099,412
4330,1906
673,1713
3135,323
3134,2435
3137,411
3136,655
3131,313
3130,531
3133,152
1916,1
3139,498
3138,32
1533,301
933,71
1915,8
1418,180
1419,69
1410,1221
1411,53
1412,47
1413,109
1414,2
1415,16
1416,20
1417,180
1322,63
1323,1041
1320,119
644,391
1327,244
1324,141
774,17
4421,6
4646,118
1328,888
1621,154
1053,336
4209,321
4644,11
5768,616
5769,458
4202,82
5767,5
5764,1262
2496,868
5762,102
5763,235
4204,35
4205,2
1531,100
5568,9
5569,8
4445,17
5564,605
5565,425
5566,2068
5567,501
5560,658
5561,332
5563,657
1524,58
1525,397
1526,23
1527,1665
1252,46
1253,41
1250,871
1251,542
1528,1384
1529,1784
1258,501
1530,638
309,573
3959,135
3958,38
3953,2482
3952,248
3951,2287
303,154
304,3
305,68
306,122
3954,416
4116,6685
4117,10120
4114,7
4115,13344
4112,117
4113,484
4110,3
4111,1961
4118,176
4119,444
4634,851
3355,16
2254,8
851,28
2858,4
2978,252
74,409
5706,3
3340,33
5159,664
5184,11
2779,5
4899,250
2972,1
989,4
3057,9
2970,3
2472,2
4062,75
4063,256
4060,1106
5185,96
5942,253
5943,2890
4064,10
5941,1045
4069,333
732,8
5948,560
5949,255
5784,124
5785,435
5786,17
5787,51
5780,15
5782,305
5150,133
3346,14
5788,142
980,89
3603,57
5362,78
3601,97
981,29
3607,3
3606,1617
3604,15
986,39
3609,1781
3608,832
1041,15
2775,3
1256,6
5361,19
5157,854
3347,64
4894,46
4435,21
1046,333
6118,603
5364,552
6114,1016
6115,1439
6116,840
1044,17
6110,135
6111,522
6112,159
6113,557
2358,4536
2359,104
2352,47
2353,969
2350,139
2351,108
2356,3855
5188,23
2355,4
1048,152
2991,2
5447,44
4453,248
5491,16
4451,126
4450,50
4457,379
3968,1304
4455,466
4454,145
1894,4
3736,3148
1896,33
1897,59
1890,90
1891,48
1892,22
3730,547
4923,1118
4922,38
2134,679
4920,414
4695,791
4926,2140
2130,2239
4924,645
953,124
4928,34
955,1008
954,226
2138,425
956,1499
6028,2
6020,87
6021,86
477,3
6025,20
6026,59
6027,45
2648,3606
5161,35
5163,854
5164,2680
1450,149
2784,1267
2640,135
2641,165
2642,148
2643,238
2644,1
2645,55
2646,146
2647,16099
2786,1410
2781,8
2749,15
2780,23
3429,89
3428,440
2783,103
3422,176
3421,15
3420,5
3427,3506
3425,317
3424,57
2003,20
2000,1622
2001,535
2006,5
2007,21
4859,1084
1851,373
4857,1139
4584,74
4587,2045
4854,194
4853,658
4415,135
4851,224
4850,2324
1853,49
2118,525
4413,20
1268,13
4411,348
2100,5
3556,20
3555,45
3554,26
5033,227
3552,344
3551,4
3550,602
4304,12
2170,68
3558,20
5170,32
1263,202
2171,918
6060,777
4309,6
918,165
1909,1
2911,284
2912,841
2913,1230
2914,2117
4969,1390
719,897
2898,45
2918,403
1792,2261
1791,135
2175,55
1797,108
1796,279
1795,1080
1794,1137
4967,133
1265,1105
914,176
4079,44
2178,58
5954,16
1069,935
1068,9
2179,603
5300,39
5301,84
5302,457
5303,28
1065,65
1064,659
5306,58
5307,352
4390,38
4526,43
3648,5
1668,12
912,1
1907,18
1662,315
1661,271
1660,2661
4329,1937
1086,64
1085,426
592,25
595,1110
1082,211
596,5224
599,7374
598,777
3966,23
4324,113
1088,173
3140,4754
3141,18
3142,118
3143,1890
3144,627
3145,53
3146,184
3147,120
2824,335
3149,40
2826,22
2820,104
2821,171
2822,16
2823,1066
3386,2077
5415,139
3384,8
5417,268
3382,917
5411,53
5412,50
3381,599
2032,62
2603,10
5418,118
5795,13
3388,401
3389,3205
1409,120
1408,106
5410,1
1403,1577
3962,45
1401,794
1400,2540
1407,12
1406,496
1630,223
1025,28
449,2756
448,225
1339,306
1338,337
1491,135
4212,1
1335,70
442,3
441,198
1336,458
4219,1
1330,35
445,1501
444,73
5779,964
5778,7
3129,23
4947,141
4623,55
1432,24
4436,66
1542,745
5773,124
5772,133
5775,70
5774,415
5777,6
5776,25
3261,12
39,59
694,208
1057,23
5578,39
33,7
32,1112
31,10
30,259
37,944
5572,1371
5571,97
5570,41
641,89
1240,2182
1535,2599
1534,2816
645,2650
1532,1470
647,955
646,583
649,17
648,547
3098,107
5798,44
5346,2234
1539,119
1538,79
1493,27
699,5
339,91
338,2001
335,1046
334,761
337,546
336,895
331,513
330,1090
333,1055
332,3930
4101,9538
4100,887
1900,953
4102,550
4105,55
4107,8809
4106,3298
3204,76
5771,57
4207,5
772,70
2127,66
1901,49
3377,2138
3899,5610
4907,2
5122,269
1634,59
3892,353
3893,201
3890,265
5123,35
3896,2
2149,1281
3894,1671
3895,2130
847,203
5024,2
3465,2
1372,55
3464,216
1635,22
1464,55
843,60
1496,3
2119,123
2154,1047
3462,1630
5950,41
5952,41
5955,127
3461,1735
5957,29
5956,78
5959,4
5958,16
3460,50
4071,271
4073,42
4072,1
5797,10
3967,109
3964,193
3965,48
5793,1282
5792,106
3960,152
3961,688
3200,4
5081,22
5799,230
3969,196
3435,1
3639,554
3636,40
3637,157
3634,4826
3635,199
3632,35
3630,3779
3631,2796
5343,236
849,49
4610,114
3507,147
1351,405
4613,576
2345,70
2344,8
2347,210
4612,866
2341,207
2340,1447
6109,1461
2342,451
6107,179
6106,514
6105,3683
2349,130
5907,126
6101,694
6100,865
1350,36
4616,3
2067,26
3708,25
2346,955
4898,49
4468,1646
4469,511
1357,54
1886,139
4464,912
3701,410
1883,13
3707,707
4460,425
3705,79
2121,99
2120,562
2123,886
2122,43
2125,36
2124,1272
4918,308
949,363
4916,520
947,38
4914,239
945,157
942,732
4913,1408
4910,2048
4911,995
6039,281
6038,68
2348,32
5274,33
6032,27
6031,74
6030,18
6037,155
6036,230
1594,9
6034,42
5173,331
5172,831
5171,749
2225,142
5177,46
5176,110
5175,1076
2653,3
2652,1981
2651,138
5178,915
2657,1300
2656,171
3039,35
3416,121
132,8197
3414,2480
130,1046
137,45
3413,607
135,48
134,3338
4371,25
3418,116
4864,20
4868,1241
2019,2382
2018,190
2015,245
2014,4
4860,1478
2016,212
4866,1
4867,227
2013,98
4865,998
5945,26
5349,8
2483,24
1937,30
1591,13
2488,24
1793,456
3562,8
3563,130
3561,5
3566,737
3567,1087
3564,1070
3565,5144
3568,183
3569,28
4484,36
4485,110
4480,28
4481,3
4482,1045
4483,219
1466,2
4489,927
2903,188
2902,176
2901,4
2900,128
708,90
2906,7
2904,822
704,108
705,28
2908,18
700,93
701,30
703,111
3037,53
88,62
89,21
1593,9
5338,1
82,189
80,2324
81,1987
84,970
85,2
5319,42
946,112
2770,647
5313,880
5312,154
5310,2883
3217,68
5316,10
5315,2
5314,327
1659,275
1652,64
410,1
4239,88
1657,12
1654,73
1389,107
586,528
587,307
584,41
585,265
4890,14
583,2
1987,112
5273,14
1632,40
588,10
3153,2
3151,305
1985,2552
3157,33
3156,135
2837,2
3210,3487
3159,73
2834,9
2832,2
988,17
1983,871
1436,2788
5406,155
3393,377
5404,407
3395,173
1433,256
1430,40
1431,675
3398,1078
1637,1999
4333,46
1438,2234
5408,220
1260,378
1731,114
3709,76
1730,129
2308,124
1348,405
1349,256
4262,994
4263,555
4264,43
1889,16
4266,927
4267,172
450,12763
451,7657
1342,164
453,172
499,331
455,836
456,365
1347,1819
3702,115
3824,1
5236,130
4467,12
564,7
5237,133
3700,2309
766,7
5548,1054
4465,413
3263,112
5543,530
5540,182
5541,136
5546,88
5547,12
4463,8
1502,23
657,728
1500,122
1501,28
652,157
1507,1458
1504,335
651,652
3085,244
3084,37
3087,2315
4461,917
3081,94
3942,85
658,14
659,122
3943,152
1644,1
5890,136
5891,296
5169,425
5893,94
5894,240
315,87
5896,197
5897,36
5898,108
5899,14
3947,13
1992,487
3884,200
3887,8
3886,66
3881,1
3880,351
3882,82
4919,53
2129,2022
2484,10
944,281
1884,9
4963,1
4915,4
831,379
569,4
4912,431
943,974
940,36
4663,120
4008,155
4009,33
2017,549
4005,290
4006,350
4007,3
322,2023
3970,6031
320,718
3972,2901
326,841
327,58
3977,317
325,380
3979,4
3712,9
328,62
329,867
4652,12
3629,1338
3628,334
3294,12
3621,6
3620,22
3623,11
3622,980
3625,646
3624,4
3627,7
3626,2
4281,329
1007,103
4714,2508
2331,1623
9,657
4527,34
4710,92
4711,56
4712,60
4713,1306
2338,1279
6133,59
6130,19
4718,629
3072,441
6134,2
2537,46
3073,44
5765,9
1880,27
3250,3
3074,52
2010,14
3715,291
3714,91
4289,5
3711,241
3710,41
4959,5
1592,13
3719,72
4479,1555
4478,1843
2658,265
3079,23
4471,940
4470,1546
4473,203
4472,84
4475,72
4474,160
4476,55
4909,37
4908,144
6004,37
6005,3
6000,292
6001,2485
2486,743
2487,44
4903,105
2485,2851
2482,1372
4672,281
2480,376
4670,433
2248,21
2249,2694
2983,438
2244,155
2245,45
2246,63
52,25
2240,13
2241,154
2242,55
2243,682
2464,162
994,6038
997,2528
2467,335
2460,44
2461,326
2462,302
2463,686
5146,312
5147,38
5144,502
5145,5
5142,729
2469,94
5140,1464
5141,1114
120,672
121,44
122,68
5347,1141
3405,100
3404,339
3407,1111
127,68
3409,1234
3408,352
5341,5
133,72
1136,23
4871,24
1188,41
3417,290
5681,43
2144,16
1189,1031
131,390
363,42
5425,113
2798,550
5424,83
2792,63
2061,214
2790,19
2791,68
2796,217
3375,188
2795,162
1922,1061
5348,27
3411,74
3255,2
3372,36
3371,163
5422,44
139,1
5098,1891
5099,3674
5071,399
3579,258
3578,2537
3575,63
5091,178
5092,198
5093,1708
5094,111
5095,36
5096,233
5097,399
4497,7
4495,52
2665,351
2662,435
4492,234
2660,43
2661,239
722,662
4499,11
4498,8
2938,638
2939,295
2936,2171
2937,454
4855,57
2932,88
2930,337
2931,330
5326,359
5327,12
5325,52
5322,260
941,1340
773,17
1836,1650
5328,1843
5329,1071
1645,85
1216,64
1647,187
1646,317
1641,31
1640,146
1643,12
1642,906
1835,108
1649,1387
2602,2
383,30
728,5
4881,616
384,2
729,48
5251,48
3797,2
1732,6
1839,1378
1270,21
4364,18
573,1
572,2
571,1
570,110
4367,148
574,31
2808,498
2809,293
4956,70
3168,2
3169,1196
3166,12
2803,126
2801,2
3162,68
600,30
5432,72
5433,50
5430,943
5431,1375
3368,558
3369,107
5434,9
5435,620
3364,64
1428,994
5438,28
5439,59
2156,58
3362,116
3363,3
2186,4
730,49
733,21
4982,2031
735,8999
734,13
737,74
2150,367
3390,71
4984,800
4273,340
4272,2832
4271,583
4270,846
469,176
4987,233
4275,98
4274,69
1353,744
1352,1137
467,3930
2153,44
461,934
463,503
462,340
4660,138
5554,2092
5556,261
5553,1289
5552,212
5559,160
5558,2593
3003,4
4224,25
2542,13
936,26
1518,149
1515,588
1514,5
1516,95
1511,349
1510,128
1513,5
1512,60
4225,132
4886,29
5883,1468
3439,175
5881,1
5880,150
5887,683
5886,347
5885,497
5884,35
2004,95
5889,274
5888,68
1108,2
958,66
280,451
5770,27
3184,13
4416,59
3186,45
3187,132
3180,2012
3181,409
3182,585
4858,26
5646,1
3188,395
3189,6
3505,104
5875,13
3397,1726
582,1
5972,19
4018,55
2688,1
4661,1101
4013,12
4012,695
4011,1294
4010,256
4017,49
4016,253
4014,763
357,43
356,4
355,523
353,920
3989,568
3984,198
3985,79
3986,946
3981,50
3982,56
3983,102
2299,1285
43,226
6125,266
6124,483
6127,2045
6126,1208
6121,73
6122,301
2323,64
4706,2095
2321,535
4704,2770
2327,219
4702,453
2325,210
2324,322
2329,171
1113,289
4709,842
4708,65
289,1686
288,243
1112,39
3619,2
281,57
5,2207
283,214
282,123
285,168
284,127
287,280
1114,138
3760,75
3761,199
3763,165
3764,58
1441,5
3766,575
3767,70
3768,99
3769,81
1116,75
263,136
262,177
267,200
266,133
265,160
264,126
286,371
269,3104
268,603
2184,98
6011,248
6010,1
6013,168
1291,21
6015,274
6014,2
1215,27
6016,642
6019,1714
2490,1453
2493,4
2492,971
2495,179
2497,2656
4645,1211
4424,24
259,166
1566,291
2259,262
2258,277
2257,867
2256,547
2255,121
1295,266
2253,191
2252,7
2251,25
2250,253
2477,1148
5158,15
2475,968
2474,107
2473,15
2196,2
2470,287
5151,263
983,37
5153,548
5152,279
5155,2454
5154,130
2479,2164
985,1040
252,350
117,57
2137,23
111,469
110,2068
113,389
112,2309
119,201
118,123
3432,33
2785,1337
4801,1470
4802,631
4803,1401
4804,345
4805,1167
4806,2078
4807,8
4809,6
2788,39
2177,28
2079,1113
2078,6544
1716,37
2073,1565
2072,34
2071,5
4108,20
2075,106
2074,883
2174,1511
4363,26
5895,93
3216,251
3508,67
3509,65
5089,242
1823,212
3500,17
3501,131
3502,196
3503,145
3504,144
5086,11
3506,71
5084,201
2060,137
2675,17
2674,23
2677,93
2676,194
3489,117
2678,83
6103,79
2929,2840
2928,1474
2921,1351
2920,1025
2924,233
2927,2
2926,44
5330,17
5333,1540
5332,957
3394,144
3685,159
5337,15
5339,6
6102,392
4906,34
1986,2636
3215,3752
1984,2593
1633,1249
1982,824
3211,1515
1636,1352
3213,718
5739,863
3218,32
3219,4
1988,31
5738,35
3222,44
480,73
3862,2
965,11
2817,228
2816,859
2811,103
2810,35
2812,186
560,3
561,3
562,27
563,24
2819,93
2818,1747
567,291
3179,35
3178,1505
5255,48
3171,62
3170,24
3173,990
3172,12
3175,178
3177,200
5429,848
5428,54
3379,104
3378,414
1186,390
1187,2390
1184,83
3374,196
3373,290
1183,210
1180,864
1181,45
726,110
727,53
724,10
725,136
1748,724
723,1771
720,57
721,414
1744,127
1745,85
1746,112
1747,497
5976,10
1741,286
1742,165
1743,872
1164,10
1165,102
1166,102
5637,588
1160,217
1162,332
4249,398
4246,19
4247,1142
4244,297
4245,720
4242,20
1169,13110
4240,139
4241,21
5520,222
5521,915
5522,5
5523,459
5524,86
5525,249
5526,450
5527,1141
5528,124
5529,36
4397,24
5496,32
472,453
5497,28
48,593
49,2187
46,897
47,1506
470,241
40,79
41,70
1568,3275
1569,17
1298,5
471,168
3300,19
3198,20
1561,582
5493,41
1294,1296
1567,593
1713,368
1360,116
796,1722
591,73
2033,1
5250,4796
2425,14
1245,19
1710,175
5027,812
3092,5
5256,366
5125,45
792,120
4398,77
4440,58
5639,1828
5376,1
4441,13
5634,254
4391,425
4392,99
4393,485
5630,336
4442,4
5632,162
5633,74
3197,155
473,286
1364,142
3194,709
1362,588
3192,67
474,164
3190,15
1865,17
478,91
479,1011
3699,40
1368,7
1369,154
