1869,1273
1718,52
2511,1
4446,39
1200,2785
1866,55
5745,183
965,12
4026,178
4027,1595
4024,471
4025,3053
4022,13
4023,51
1868,427
3798,16
1727,6
4028,25
4029,225
5988,142
5989,2394
592,15
5982,399
160,118
5981,60
5986,64
5987,1
5984,1000
340,240
341,16
342,250
3998,103
3997,151
3996,1265
3995,329
3994,86
348,390
3992,113
3991,43
3990,85
4930,77
3530,7
4687,13
2008,175
4932,183
1623,561
4933,46
5373,71
2919,18
3325,13
4935,1470
4732,572
4731,38
4736,2467
4936,458
2318,752
2319,3157
2316,4894
2317,346
4738,1732
963,240
2312,159
2313,87
2311,99
5854,22
5855,35
2184,103
5857,10
5850,5
298,42
5853,2662
3237,3
294,79
1655,16
292,640
3681,117
290,63
291,78
3773,363
802,8
3771,46
4832,51
5749,7
3776,269
3775,134
587,207
4835,55
4021,88
4834,23
270,170
4654,945
272,1930
4656,1232
274,1209
275,91
276,25
277,123
582,14
4659,3
4658,435
4782,37
642,713
2269,235
2188,910
2262,138
2263,181
2260,1075
2261,370
5487,872
2267,9
2264,311
6058,14
2442,25
2443,14
2441,4
2446,879
2447,23040
2444,406
2445,2022
1137,122
2448,390
2449,60
1136,22
108,1025
5822,309
4830,154
2102,27
103,56
100,7
106,105
107,1499
104,11
105,114
2046,859
4812,556
4811,732
2045,160
4817,1051
2043,7803
2040,4124
2041,772
2107,118
4819,2954
4818,1269
2048,239
2049,3836
1088,143
2105,104
2104,323
820,3
5116,146
4843,53
5484,138
2836,24
2639,109
4456,3
3159,70
2142,252
2360,668
3519,59
3518,88
5298,153
3513,176
3512,127
3511,16
5299,355
1210,62
3516,150
3515,26
3514,2397
1420,28
5483,81
3212,541
2684,1181
2685,58
2686,62
2687,866
2680,1256
2681,100
2682,846
2683,1100
3391,1
5406,147
5119,258
1211,30
343,102
3393,363
5118,4
99,23
5482,25
1435,23
2633,46
4937,16
91,27
90,147
94,1143
1433,274
5182,990
1990,46
1621,163
1620,2838
1995,1218
1994,243
3201,315
1996,2520
1999,95
1998,280
1629,681
5189,1350
3533,262
3208,2288
3013,56
1787,35
1293,13
349,17
3534,67
2130,1863
2862,4
3696,124
559,79
2865,183
2866,916
2867,59
2868,640
2993,55
551,48
550,1108
553,387
552,23
3539,64
5409,134
5055,841
1439,128
5458,258
1198,136
3348,1600
3349,4185
3342,1988
1190,1989
5452,50
1192,77
1195,497
1194,97
3344,184
5457,367
1758,62
1756,2894
1755,764
1754,843
1753,1043
1752,343
1751,774
1750,1133
4259,378
4258,2623
1175,1247
1174,422
1173,894
1172,198
1171,6100
1170,7531
4251,699
4250,308
4253,1
4252,351
4255,2118
4254,172
1179,54
4256,223
5533,1449
5532,733
5531,658
5530,151
5536,64
5535,93
5534,1314
5539,429
5538,20
513,203
1285,531
1284,6
1287,971
1286,16
1281,88
1280,77
1282,1743
515,18
879,617
1241,690
404,39
3756,4
3430,31
1579,1366
1578,5573
689,86
1001,114
1872,3
3431,42
685,1763
684,284
687,1860
516,84
1577,73
680,3
683,140
682,773
1348,454
875,3
4261,779
3434,7
1240,1449
873,35
3345,336
870,104
871,125
1888,54
626,8
4592,112
4389,3
5629,75
2740,67
4383,148
5626,549
4381,78
4380,1697
4918,292
4386,1370
4385,27
4384,109
1371,937
1370,852
405,51
1372,63
402,30
1377,2
400,183
1379,418
2745,152
1342,221
409,1921
408,8624
3834,129
3835,878
3836,8
3837,294
3830,66
3831,5692
3832,2021
3833,451
454,757
2030,10075
3838,2
3839,3097
455,922
4031,77
4030,788
5996,106
4035,26
5990,112
5993,2908
5992,2266
4038,163
457,705
5999,18
5998,182
4737,69
4734,504
4735,29
3453,379
3206,85
379,173
378,1992
3620,25
371,3
373,24
2038,2660
374,45
377,2280
376,282
2343,5
1244,282
5107,183
5664,1342
3205,202
393,22
390,2
397,1745
396,10421
395,530
394,1152
398,3186
4345,10
2309,3247
1247,2676
4344,25
4729,56
4728,650
2301,669
2300,953
4727,940
2302,3403
2305,346
2304,71
4723,152
2306,177
5847,71
5846,1
5845,1879
5844,474
1917,1
5842,54
5841,382
5840,83
5919,4
5849,110
5848,373
5852,39
109,232
3456,164
3746,6
3747,582
299,41
3742,323
3743,493
3741,381
245,2392
4621,200
247,1906
4973,1249
4624,1217
4625,601
243,9
242,156
226,2
1667,2
249,70
248,1359
2275,663
2274,6
2277,2
2276,213
2271,961
2270,217
2273,271
2272,829
5858,4
2279,1077
2278,2571
293,152
2705,25
2232,20
125,19
2455,18
2454,1864
2456,3289
2451,26
2453,180
2452,10
3770,16
4980,940
176,388
175,888
174,87
173,491
172,1385
170,1601
2051,178
2050,667
2053,20
2052,7
2055,93
2054,514
2057,30
2056,233
2059,172
4827,40
3692,155
3693,427
4530,290
4823,666
4820,545
3697,329
970,207
2156,46
3596,121
1226,73
652,109
4795,8
1507,1130
1367,250
2769,8
651,618
3526,3
3527,24
3525,46
3522,56
3523,66
3520,6
3521,40
1508,206
3528,32
3529,1
1364,167
1509,674
271,76
5738,63
1978,4
4657,225
3080,134
3594,23
3225,55
273,40
658,21
3224,834
2696,46
2695,321
659,106
2693,31
1603,16
2691,4
2690,597
2405,114
1602,19
4653,19
1605,42
4652,7
1972,1334
499,421
4557,464
5832,100
1970,1704
3232,672
3233,145
5490,118
2133,14
3236,1335
1969,5729
1618,660
1619,614
1616,10824
1617,405
1966,1085
1615,1800
5191,4103
5190,249
1610,1738
5192,772
554,27
1749,23
1114,172
2873,156
2872,974
2871,356
2870,192
2877,1000
2876,735
2875,151
2874,245
2153,46
2879,3907
2878,1632
4632,12
4534,187
5693,27
3354,325
3351,2332
3350,2448
3353,10
3352,5649
3358,5
3781,97
5448,629
3745,46
5443,629
5442,32
5441,37
5440,296
5602,19
5446,314
5444,422
1768,1482
1942,143
1762,35
1763,63
1760,22
1761,24
1766,140
1767,553
1764,137
1765,203
2965,2
1140,176
1147,5
2964,31
2692,24
2966,16
5509,6
505,6
5505,20
5502,37
5503,100
5500,17
2960,32
1546,2
1547,1561
1544,109
691,276
1542,622
697,490
2609,96
1541,834
698,111
699,2
1548,1034
1549,2604
762,2
2382,20
546,46
3204,116
548,649
549,3
760,308
5627,3
4298,8
761,626
2969,86
3887,8
2968,1420
12,5
1627,5
3785,135
1256,11
3321,48
5612,5
2266,142
5611,460
3322,312
5614,235
1946,9
415,904
416,2
417,60
1388,2130
1389,132
412,4
18,209
1384,136
5472,21
1386,45
1387,76
1380,1780
1381,3640
1382,701
1383,1970
5003,87
3825,651
4532,45
3326,3
3821,1
5002,51
3582,50
3829,389
3828,229
2719,93
5000,289
1177,6
1254,12
5007,87
5710,102
5006,8
4282,1292
4280,1479
4281,239
4286,217
4284,71
4285,15
5461,27
4288,225
1944,145
2403,57
2099,13
3044,136
1447,784
368,75
2762,37
366,1205
367,6
364,12
365,3
362,12
3574,3
3214,8
1724,39
5008,3
5460,409
1774,2205
3202,3
380,688
382,379
383,31
384,5
385,7
387,183
388,825
389,524
2764,186
1770,14
4758,580
4759,376
5272,1
1369,87
4750,214
4751,62
4752,84
4753,290
4754,3
4755,12
4757,22
5872,1632
5873,1535
5871,2006
5876,435
5877,2850
5874,3
5875,8
2792,76
5878,71
5879,194
4054,282
1074,2
3759,38
5462,69
5376,3
4664,26
3751,276
5278,67
3753,1543
3755,78
3754,115
1073,47
2190,5
2191,65
258,3530
2193,46
2194,186
2195,108
4635,31
4634,895
2198,1226
253,1102
250,767
4638,642
256,201
257,50
254,654
255,685
2200,1248
2201,233
2202,4383
2203,797
2204,267
2205,2556
2206,97
2209,78
5130,5
96,512
5004,27
2429,3293
2047,165
2420,450
1446,44
2422,4
2423,65
2424,141
2044,127
2426,1458
2641,174
901,49
168,201
169,882
1725,57
165,488
167,332
5467,113
161,778
162,87
163,10
4839,519
4838,40
3688,113
4529,33
4528,148
3683,307
4526,66
4833,948
3680,660
3687,137
4522,319
4521,791
4836,284
1343,55
2796,214
4762,48
2518,61
2519,156
1980,53
2514,5
2517,181
4420,612
2512,5
2513,337
2734,20
2735,165
2736,12
4421,1
2730,59
2731,1545
2732,663
2733,2254
5296,630
1847,846
5294,24
5295,187
5292,28
5293,286
5290,299
5291,222
3531,585
3213,716
2042,154
3532,851
5058,633
5059,1481
3537,68
3536,329
5054,208
3538,567
5056,577
5057,1134
5050,94
5051,164
5052,616
5053,233
1814,685
1815,53
1816,75
1810,430
1092,2663
1812,8
1813,3414
1093,245
1818,1398
1819,1
1107,68
6074,43
5888,72
975,151
675,36
2169,390
676,2130
677,40
670,2172
1087,96
2795,208
1099,394
3042,47
4330,1897
2164,1
4331,6
3774,127
4950,137
1608,951
2166,3
1979,17
5518,453
1601,246
1976,3388
1975,480
1974,1124
1973,10182
3220,159
1971,623
1606,819
809,68
808,40
803,9
908,37
801,2
2349,88
807,272
806,4
804,1
4437,30
2846,15
2844,119
2843,30
2840,41
2841,29
3039,22
5477,221
5474,83
3323,1907
3324,57
5473,69
5470,21
3327,5
3328,47
3329,1636
1775,714
5275,1027
5276,240
1776,262
5270,145
5271,564
1773,43
1772,168
4720,2
1779,93
3973,60
321,270
3975,696
5516,19
1159,181
1158,286
2999,16
1157,565
3976,85
862,206
1150,835
2162,8
5519,634
914,118
3778,33
5511,5
3038,34
146,4
5517,18
58,261
1550,652
1553,1
1552,3
59,3162
1554,482
1557,3
1556,3
3034,122
3035,71
57,931
56,3897
3030,326
2995,2187
2996,274
3033,1464
54,12
4662,75
2992,43
781,1
3571,122
3037,82
1908,109
1558,2
2771,29
2994,16
1909,15
50,387
5605,676
5604,200
5607,20
5606,432
5601,170
3032,1260
5603,144
5136,911
2997,61
5609,159
5608,41
3724,13
3432,28
3297,265
5133,66
3291,77
429,3736
428,2047
2197,899
5131,1267
1399,1604
1398,224
1397,230
1396,23
423,372
422,392
425,2
424,12
1391,113
426,14
3812,67
3813,208
3811,8
3816,72
3815,289
3818,358
3819,1162
5124,248
3450,12
3451,142
3627,2
4138,125
4692,5
851,19
4299,28
3454,3
5369,31
4294,290
4297,118
3455,199
4291,85
4290,20
4293,7
4292,149
977,35
5859,1
4691,223
3510,58
5341,2
2588,4
2298,34
3517,21
859,94
1321,1479
2776,1
1165,68
4749,31
4748,363
4743,1177
4742,901
4741,5
4740,386
4747,667
4746,14
4745,468
4744,11
2970,1
5869,703
5868,175
4243,61
5865,5
5864,950
5867,235
5866,1
5861,403
5860,311
5863,39
5862,194
2330,181
5156,2
1424,273
2331,1636
4416,65
3015,2
2183,1246
2182,1418
2181,161
2180,3608
4696,18
4608,2
4609,2057
227,258
4607,417
2189,431
224,800
4602,89
222,3
221,4
220,55
2213,55
2212,22
2211,106
2210,342
2217,25
2216,51
121,43
2214,96
2219,139
2218,474
2339,13
3549,273
5600,159
151,371
150,304
2439,450
2438,489
122,19
154,516
156,2
2433,25
158,69
2977,78
2430,441
2437,222
2436,1084
2435,213
590,16
976,31
123,106
4519,157
4512,172
4206,18
4510,2
4511,121
4516,17
4517,290
4514,649
4515,2329
5760,1
2509,7
2507,5
2506,21
2505,3
2504,7
2503,6
2502,13
2501,28
2500,17
124,203
2726,8
2723,787
2722,31
2721,62
2720,12
5280,1682
5283,610
5285,361
5284,247
2729,1200
2728,15
1712,227
1163,33
5049,42
5048,1680
5047,735
5046,1031
5042,52
2199,29
5040,25
3782,392
3783,182
1805,335
1804,90
3786,398
1802,266
1801,244
1800,1654
3788,6095
3789,749
1809,17
1808,223
4997,2
4994,532
4995,37
4992,252
4993,926
4990,29
4991,20
126,4
4998,843
4999,68
5567,379
3710,17
3258,9
3259,364
1948,161
690,12
1257,209
3250,4
1943,972
1940,443
1941,1186
3254,136
1947,297
3256,203
3257,1
1255,1
810,23
811,9
812,258
813,733
814,895
815,310
816,26
817,453
1991,1135
1622,15
2851,17
2850,10
5096,273
2855,7
1993,272
3192,71
1490,4053
1491,158
3331,139
1992,404
3337,91
3336,3596
3335,1053
3334,7527
1498,35
5468,132
3339,680
3338,448
1395,196
5187,1149
1700,106
1701,2
1703,801
1704,704
1625,786
5261,1399
1707,28
1708,1
1709,100
5327,11
5185,106
5269,759
5268,1264
2096,11712
427,9
3658,54
1259,113
4188,1
5188,26
3659,10
1128,15
4576,6667
2834,10
1121,1
1122,179
4577,10
1123,5
1125,5
1127,7
4578,1193
184,5
3655,891
1540,113
5437,47
2988,251
3029,160
3028,49
2983,459
3026,167
3025,155
3024,37
3023,25
2986,81
3021,152
3651,491
1090,142
3953,1702
1018,525
1019,963
312,261
695,78
1016,13
1017,54
1010,262
1011,575
5234,249
1013,697
3950,208
1230,9
1231,36
1232,658
6007,19
4190,1
5670,11
5671,1
5672,48
5674,460
4359,3
4354,612
5679,51
4356,136
307,10
4350,20
4351,8204
4352,5
4353,136
1545,1
4679,215
1266,5
2486,576
1341,51
438,808
439,476
436,1666
437,9329
434,211
435,1028
432,291
433,552
2830,106
431,67
740,4
3809,64
3808,363
2861,25
3805,35
4905,55
3807,111
3806,58
3800,690
3803,11
3802,1818
2863,384
2480,313
2864,569
6009,32
558,29
3078,22
5709,478
5704,860
5705,79
5706,1
5707,362
5700,465
5702,42
5703,70
2706,33
3162,133
2869,110
1960,48
315,93
2701,10
4777,415
4774,51
4775,61
4773,39
4770,515
4771,133
3709,45
4778,7
4779,189
4174,636
4175,110
4176,628
4399,52
4172,2
4173,139
1961,102
2265,16
5818,48
5819,76
3060,180
5810,778
5815,168
5816,1
5817,75
2464,113
4296,5
4683,51
2466,1
4619,58
4618,328
996,43
238,9
239,172
234,164
235,2412
236,111
237,316
230,755
4614,223
5060,1150
993,94
2228,6
2229,2
2226,87
2227,15
2224,82
5149,288
2222,889
2223,879
2220,116
2221,17
5924,55
5925,845
5926,232
5927,61
5920,170
5921,273
5922,58
5923,620
3058,4
5297,64
5928,314
5929,262
4824,25
147,31
144,3422
145,121
142,513
143,1263
140,828
141,84
4884,55
5355,30
5068,96
5143,9689
4504,18
1053,515
4501,8
4500,584
4503,215
4502,2
1054,6
4509,308
5352,477
120,752
2088,2111
2089,1918
1056,82
594,151
2082,51
2083,597
2080,53
2081,655
2086,1
2087,5890
2084,385
2085,85
1537,8
1191,2364
2538,2404
2539,1564
3343,78
2532,1086
2533,392
2530,834
2531,1618
2536,2332
2537,60
2534,821
2535,567
2712,292
2713,1
2710,1359
2711,1012
2716,368
2717,55
2714,312
2715,87
4238,31
5454,32
127,57
3347,129
128,99
5079,1351
129,148
5072,270
5073,162
5070,814
5071,367
5077,244
5074,884
5075,1629
1832,21
1833,154
3799,3289
1837,534
1834,219
1697,136
3795,24
3794,209
1838,1480
3796,796
3791,1186
3790,112
3793,174
3792,226
2154,1180
2155,1483
2404,510
4982,1582
2150,485
2151,976
2152,4471
4986,579
4989,119
4988,82
931,506
930,180
2159,1305
935,88
934,287
5380,1
5381,12
5382,19
5384,15
5386,30
3091,736
5388,71
5389,16
136,36
4642,12
2476,3
1957,757
1956,1564
229,7
1950,2
2918,353
1829,3
1959,996
1958,13
3248,876
3096,521
3370,2
3242,432
53,64
3247,506
3246,828
3245,14
3244,296
4404,172
228,10
829,1
828,486
4405,79
825,10
824,8
827,45
5176,105
4406,74
822,7
4310,34
4407,1
1536,73
1176,603
1821,97
1483,69
1482,36
1481,150
4313,1955
1487,1052
1486,1883
1485,98
3309,252
3306,1196
3307,4
3304,55
3305,130
3302,461
5491,21
5492,947
3301,454
1713,360
796,1485
5250,4259
794,276
5256,350
792,102
791,10
929,565
5628,54
5258,92
5259,258
4394,53
799,932
4318,186
2144,20
613,168
2143,31
1715,71
4979,328
5946,8
1139,171
3051,6
4063,221
1274,5
4395,3
225,238
5944,309
1135,27
20,160
2419,1026
4061,455
1276,729
921,22
714,25
1178,129
2790,28
3018,1185
3019,711
4064,2
3012,998
1631,72
3010,118
3011,36
3016,187
3017,2329
3014,13
2065,1
519,899
518,68
2149,1465
1009,182
4066,7
1007,78
1006,350
1005,401
1004,386
1003,187
1002,72
517,816
1000,1372
623,116
622,11
621,23
620,156
627,1493
1997,43
625,962
624,426
629,302
628,587
1229,43
1228,60
5663,127
5662,384
5660,5
5667,32
5666,1
5665,218
4348,403
5669,941
5668,1851
4343,426
4342,23
4341,7
4340,23
2882,46
2883,34
2880,337
2881,4
2886,122
2887,73
2884,20
2885,2056
2889,31
2,158
3099,33
4392,96
3878,90
3879,545
3870,314
3871,621
3872,92
3873,573
3874,152
3875,850
3876,1614
3877,964
1893,1
5434,3
4677,7
4358,145
13,173
928,63
15,228
14,925
17,42
5718,142
5717,75
5716,143
5715,4214
5714,733
5713,3311
5712,2174
5711,179
5789,7
547,1
3275,19
1924,243
3310,2
1925,1957
3904,65
3905,3
3906,2573
3907,316
3900,1148
3901,110
3602,36
3113,28
3027,73
3908,34
3909,12
4761,194
4760,332
3600,191
4765,171
4766,11
4769,2143
4768,1020
3193,60
5372,9
4167,46
4166,8
4165,785
4164,3
4162,18
4160,45
2742,9
4168,37
5809,2037
5808,123
5803,155
5802,35
5801,250
5800,3833
3090,466
5806,139
5804,2036
201,195
200,1310
202,178
205,270
204,474
207,1129
206,32
209,4469
208,1034
830,15
679,73
1573,30
3477,331
1572,27
836,13
2314,85
1571,564
3471,19
2239,1730
2238,73
1570,484
834,30
2231,80
2230,509
2233,345
3473,698
2234,8
2237,104
2236,106
5937,1948
5090,145
5933,33
5932,114
5931,278
5930,729
1574,49
5092,171
5939,61
5938,1311
3576,725
476,23
3498,450
3499,198
3496,1703
3497,541
3494,195
3495,1191
3492,222
3493,86
3490,51
3491,1311
4570,22
2094,3887
4572,37
4573,98
2091,122
2090,1020
2093,742
2092,1511
3654,2370
4579,1065
3572,100
3650,1159
2098,381
3652,1013
3653,206
2525,2536
2524,820
2527,71
2526,2309
2521,140
2520,1297
2523,146
2522,21
2529,14
2528,1119
4494,41
2791,61
4492,181
5065,335
5064,434
5067,1673
5066,2122
2709,152
2708,1430
5063,37
4880,587
2704,1409
2707,643
4883,427
5069,85
2700,25
2703,650
2702,694
4090,41
6119,1
4408,271
2951,28
1825,684
1824,252
1827,254
1826,839
4400,1098
4401,602
4402,570
4403,281
2315,49
2146,1313
2413,270
2412,108
4978,261
2414,780
2417,2075
2416,2837
4974,526
2418,3187
4977,516
4970,3968
4971,1802
4972,260
2148,731
5393,368
5392,18
5391,1638
5390,1389
5397,28
5395,431
5394,7
5399,152
5398,330
3276,1
3277,25
3274,927
1923,447
3272,69
3273,312
1926,1133
1927,1583
1928,2367
1929,388
475,27
3278,682
3279,228
3474,2395
3475,108
3476,184
4227,725
3470,554
837,401
3472,352
835,252
4220,63
838,197
839,728
3478,222
3479,152
491,24
1365,231
3,26
4248,526
4223,2
4319,9
5586,38
2727,9
3332,229
3319,862
3318,1679
923,716
5488,144
3311,620
5486,245
5485,645
3312,322
3315,1855
3314,869
3317,307
3316,83
784,2420
1188,45
786,355
787,140
5249,99
5248,194
1728,1718
783,1737
5245,3551
5244,747
5247,279
23,46
1722,41
1723,167
5243,625
1721,960
924,42
4382,51
4159,18
2415,1
468,1
1042,8
153,149
60,522
61,184
62,315
63,91
3001,1473
65,11
66,443
67,328
68,756
69,181
3009,690
3313,384
407,2165
1588,15
1589,1343
406,33
1582,91
1583,1438
1580,194
1581,43
1586,294
1373,14
1584,65
1585,50
159,67
1038,334
1039,1841
508,776
509,10
1032,182
507,1
1030,132
1031,222
1036,2720
1037,2106
500,101
1374,8
1212,827
631,901
632,331
633,217
634,33
1217,116
636,2647
637,2173
638,2594
639,187
1846,152
1219,1138
4378,2387
4379,2484
989,5
5658,617
5656,108
5657,5
4370,250
5655,344
5652,1427
5653,677
5650,266
5651,198
465,205
4831,38
2899,436
782,329
2895,53
2894,1157
2897,344
2896,6
2891,60
2890,8
2893,394
2892,1353
1106,165
1726,212
1456,1002
1457,40
1102,484
1451,50
1452,95
1453,298
1898,134
1458,1106
1459,62
464,94
686,219
4080,18
3869,1574
5246,74
4084,62
3739,4
4087,6
3863,232
788,13
3861,399
3860,1408
3867,1078
3218,36
800,5
1357,48
1894,14
1720,28
1895,1459
3148,10
5242,3
467,3673
1896,33
1455,14
323,48
5728,130
5729,68
3733,2
5720,128
5727,430
1891,64
3935,71
4466,2
3731,3
3149,19
1576,27
4903,70
3917,42
2136,1040
3915,118
3914,4
3912,634
3910,1864
5631,15
2134,666
2013,84
3918,116
2135,206
4798,24
4799,557
1575,31
4797,21
4791,8
4792,694
4926,2004
4152,425
5837,406
4150,1142
5835,987
4156,415
4157,134
4154,256
5831,3102
4158,58
4924,623
5839,926
5459,14
5568,34
3074,69
1910,23
4810,265
2754,181
215,350
213,2
210,88
218,24
920,100
957,99
6088,694
6089,108
6086,262
6084,847
2139,2
6082,381
6083,133
6080,368
6081,45
980,100
420,39
681,2
5902,22
5903,30
5900,45
5901,45
5906,34
4,611
5904,140
5905,2299
5908,22
5909,151
3489,39
3488,847
981,33
3481,21
3480,991
3482,2
3485,170
3484,160
3487,29
3486,526
938,1
4567,144
4566,55
4565,216
4564,300
3647,477
3646,66
3645,2559
3643,217
3642,6
4697,12
3640,2459
2550,164
2551,210
2552,613
2553,82
2554,79
2555,30
2556,943
3283,71
2559,54
3007,2
2396,1231
2397,900
2394,258
2395,707
2392,315
2393,27
2391,91
3022,8
1848,3
6041,27
5206,73
2398,105
3000,1265
5010,18
5011,30
5012,159
5013,35
5014,7
5015,146
3282,40
5017,24
2770,461
5019,25
4891,173
3002,4394
4896,25
4895,475
4894,57
3076,17
3940,639
984,76
1858,1555
1859,828
3281,9
4418,29
1850,641
1851,359
1852,342
4414,136
1854,1754
4412,52
1856,1346
1857,1677
6064,17
2173,45
6066,96
2171,899
6060,780
918,108
2174,1196
4968,1538
4230,31
4966,1779
4965,54
4964,177
4963,1
6069,1
913,191
4960,27
5432,71
2606,250
2607,7
2950,40
2601,16
2602,9
5433,33
2608,3
5430,932
1933,964
1932,1096
3263,114
1930,2826
1937,55
1936,199
3267,365
1934,4042
3269,88
1425,13
1939,1264
5286,28
5120,105
5121,148
5122,299
5123,98
3467,3433
845,1425
3464,230
3463,3236
3462,1861
3461,2187
840,2509
1426,59
2975,2
3469,15
3468,53
1429,13
241,121
2406,165
459,62
1193,257
2661,214
5439,22
932,126
3695,2374
663,1492
1587,10
6046,142
1233,36
2407,69
1739,471
1738,169
1731,106
5231,763
5232,330
5233,586
1735,583
1734,792
1737,343
1736,1815
732,7
5405,219
5041,361
753,1519
1807,105
751,1
9,610
757,521
756,28
755,42
754,1821
759,13
758,189
3780,17
3070,5961
3071,614
3072,524
3073,24
2958,289
3075,45
1593,21
795,732
2954,33
2955,53
2956,895
2957,4
1599,32
1598,444
3787,26
5344,45
5345,189
5346,2300
5347,1826
1021,32
3784,171
1023,620
1022,1360
502,39
1115,250
1029,2061
1028,2109
503,61
1034,284
4045,48
501,85
936,4
605,67
630,283
607,211
606,147
4361,102
600,44
4363,30
1213,932
1205,155
1204,899
1207,883
1206,699
4369,497
4271,683
5649,311
5648,28
1358,321
1196,63
5640,975
5643,1
5642,6
5645,69
5644,55
5647,12
4276,38
1806,1
3109,66
3104,6
3105,11
3106,3
3107,560
3100,1500
3101,1504
3102,64
3103,30
1111,668
1110,375
1445,610
1444,45
1443,1315
1442,867
1441,4
1440,679
2006,14
2478,18
4279,216
1449,114
1448,366
4093,2354
4092,124
1350,23
2004,94
4094,1416
2401,406
4099,43
4858,12
4826,61
5735,455
5737,295
5730,125
3704,64
462,400
5739,835
4855,78
480,80
5555,91
4586,2
4581,56
903,7
790,3
4852,2
4725,19
6044,62
4583,2
4724,80
1061,21
4582,19
2303,5
3922,19
3923,10
3920,648
4726,839
3926,22
3924,5
4721,21
3929,233
3993,360
6045,383
4789,39
4788,335
4787,39
4786,669
4785,872
4784,74
4783,103
5654,358
4781,14
4780,76
5821,261
5820,16
5823,217
4371,32
4149,17
5824,229
5827,467
5826,354
5829,306
4144,511
4143,111
4377,118
3856,53
3854,720
3855,120
3852,425
3853,175
3850,81
3851,2470
1595,19
4375,12
3858,2270
3859,1665
4822,364
35,3
3005,120
6099,1900
6098,80
5303,47
6093,119
6095,230
6097,605
6096,76
16,31
3303,31
5918,25
5914,61
5917,26
5916,70
5911,5
5910,59
5913,34
5912,45
198,56
2465,2
195,205
194,12
197,509
196,1
3234,90
193,49
192,5
3678,1
3679,2
1117,7
3672,181
3673,3601
3670,3716
3671,1509
3676,2314
3677,2512
3674,661
2543,79
4821,22
2541,57
2540,521
2547,421
2546,84
2545,66
2544,5647
2549,324
2548,174
1104,59
2381,3
2380,15
1105,87
2385,85
2387,296
2386,208
2389,57
1450,154
1103,106
3580,39
3581,199
5001,336
2768,154
3584,685
3585,630
3586,366
3587,67
2763,27
3589,69
2761,130
2760,31
2767,74
2766,161
2765,285
2285,140
999,2
3290,23
3552,334
902,128
4620,104
900,11
4429,667
906,64
907,3
904,56
905,29
1843,72
1842,841
1841,2086
1840,4361
4426,444
4427,746
1845,294
1844,1565
6076,357
4958,135
246,3467
6073,296
2168,584
6071,146
6070,64
4952,1
4953,3396
2167,55
1512,70
2161,151
2160,749
4954,25
240,75
2617,66
2616,1123
2615,15
2614,1693
2613,1110
2612,460
2611,10
2610,87
2147,38
4627,212
4082,1197
2618,356
4628,11
3292,826
3299,13
5139,5689
5138,626
5137,30
3295,639
5135,5591
1905,185
1902,30
5132,837
1900,875
3293,1332
3452,11
855,798
856,47
857,143
850,94
3457,963
852,34
853,51
372,38
3458,5
3459,145
858,8276
88,63
5425,73
6,1559
2388,63
2463,732
4546,93
3402,68
4571,9
5229,39
5228,205
5223,272
5222,142
5220,79
5226,8
5225,100
3738,58
469,127
742,1031
743,1821
744,374
745,1522
746,418
747,334
748,74
749,217
5884,31
1798,30
926,12
2949,451
2948,1928
2947,588
2946,710
2945,1139
2944,43
2943,49
2942,54
2941,1984
2940,955
5357,366
5356,1551
1052,1314
5354,2549
5353,823
1055,171
5351,1793
5350,781
1058,109
1059,123
718,5
2225,119
5359,70
5358,10
1696,43
1793,305
1694,180
1695,98
1692,13
716,99
2595,640
715,132
1278,245
1279,91
618,38
619,162
5289,4
5235,27
4316,39
4317,714
612,166
713,37
610,58
611,2154
616,171
617,966
614,131
615,1105
3008,38
711,173
4911,1005
710,17
5279,71
3333,618
2377,58
5423,1
3119,340
3118,567
3117,1672
3116,256
3115,216
3114,336
4269,48
3112,30
2469,131
3110,50
1472,311
1473,473
1470,429
3330,710
1474,98
2597,11
1494,36
1478,181
1479,7
1495,50
1304,1
1305,94
1306,477
1307,26
1300,728
1301,895
1302,203
1303,4978
1497,491
1308,88
1309,20
5740,503
5741,653
5743,132
498,267
4229,5318
5746,4
5747,230
494,496
495,536
4226,2
497,490
490,108
4221,113
492,72
493,1454
24,279
5587,46
26,1204
3985,82
5582,362
21,159
22,27
5581,334
927,32
28,590
29,38
5588,11
5589,168
4311,2
5037,410
3599,55
5833,10
5308,962
3583,13
3938,275
3971,61
3934,34
3937,819
3936,235
3931,2397
3930,271
3932,430
1049,1
5195,120
5031,366
1705,29
4464,999
4139,908
1706,434
4434,4
4130,2
4131,513
4132,172
4133,416
4134,14
4135,131
4137,15
5692,56
3840,894
3264,1
5691,969
5696,198
3844,118
5694,276
3846,265
3849,710
3848,89
5698,215
5699,1373
1063,33
4465,455
1873,3
1600,372
4433,57
1604,20
3916,85
5306,52
440,381
4615,29
1066,36
4044,520
4922,34
4046,450
4047,193
4040,38
4042,9
4315,32
4048,115
4049,11
5968,372
5585,5
7,3
5961,1491
5963,336
5964,47
5965,104
5966,278
5967,126
3665,2126
3664,162
3667,74
3666,363
3661,3398
3660,1
3663,15
3699,33
2280,136
2281,88
2282,658
2283,68
3669,120
3668,637
4549,157
4548,122
4946,70
3919,49
973,615
4545,23
4544,26
4940,727
939,96
4828,16
2578,246
2579,63
2576,7
2577,190
2574,413
4829,1131
2572,27
2573,852
2570,3
2571,227
3690,16
4224,19
2379,3
4461,912
4535,4
2374,350
2375,3
601,16
2132,22
2371,5
2372,2378
2373,3681
3593,404
3592,452
2596,2434
4825,17
2590,43
2591,10520
2592,4091
5039,682
5036,905
5431,1383
5034,1827
5035,1891
5032,2234
5033,239
5030,1185
4531,376
1876,326
1877,338
1874,1020
1875,251
4431,151
4430,1161
1870,590
1871,153
1083,11
4533,342
4439,26
4438,234
1878,183
1879,114
4945,308
4944,1809
4947,149
974,1433
4941,855
972,208
971,1177
4942,472
1080,75
4949,4
4948,253
979,5
978,15
182,669
4321,428
180,175
181,411
186,54
6047,74
603,60
4320,514
2110,3
2111,689
2112,2718
2113,249
2114,1715
2115,624
2116,1696
2117,441
2622,2
2623,144
2620,24
2621,240
2626,655
2627,210
2624,88
2625,286
2628,139
2629,117
4089,17
1919,3
5108,8446
4151,529
4368,5
3289,191
3288,56
1911,457
3286,629
5100,3881
3284,206
5106,729
6048,360
5104,2314
5105,2695
869,103
868,314
189,7
3449,135
5830,1580
3445,4646
3444,932
3447,13
4155,206
3441,145
3440,734
867,611
3442,3362
2024,1206
2757,806
2026,37
2755,82
2020,1589
2753,58
2750,25
2023,565
5340,2
1243,379
2758,323
2759,99
883,400
882,535
881,50
880,270
5197,487
886,8
884,732
3728,10
4017,59
889,1
888,15
4590,137
5216,81
5217,101
5214,6
5215,2561
5212,9
5210,139
5211,336
832,62
657,669
5218,370
5219,947
1968,680
356,4
418,25
3988,1347
4800,21
3386,1658
777,20
771,154
773,1
3387,124
4596,877
779,8
778,47
419,14
77,12
75,2135
74,415
73,890
72,67
71,178
70,128
3056,423
2973,203
3054,609
3055,304
2976,55
3053,267
79,2636
3383,34
5362,67
5363,192
5360,398
1040,1520
1047,76
5367,425
1045,476
5365,72
4597,148
5368,2429
3381,500
1681,133
1680,1406
1682,2
1686,66
1689,14
1688,241
4928,55
4303,1860
4302,765
1269,205
1268,2
4307,40
4306,92
669,3652
668,1559
1263,269
666,22
1261,302
664,787
1267,1154
662,515
661,434
660,33
3287,106
1242,682
5103,2113
5196,8
2984,147
3285,244
3725,29
4458,1
5101,2232
4595,13
3122,25
3123,653
3120,367
3121,113
3127,2
3124,966
3125,718
421,47
1468,1413
3977,299
1465,29
8,6411
1467,443
3280,1459
1461,89
1823,241
1463,45
1462,8
1317,315
1316,1412
1315,5
1314,995
1313,197
1310,2
1319,1
1318,399
5791,2
5752,2
5751,178
5750,218
5757,68
5756,2
4239,95
5754,154
4237,906
4236,152
4235,1236
2399,166
4233,76
4232,2417
4231,136
3448,145
5591,1144
5590,5326
5593,174
5595,1491
5594,1114
5597,12
5596,31
5599,28
5598,14
5807,12
861,347
1012,3
860,55
712,7
3948,890
3949,837
319,1179
3446,47
313,126
3941,157
311,486
3943,145
3944,1144
316,19
3946,57
3947,29
4606,302
5168,28
3443,80
5361,5
866,4
1520,1
2756,39
4129,2060
4128,4
4123,462
4122,698
4121,10
4120,1747
4127,619
4126,99
4125,757
1335,82
2027,23
5688,20
2752,24
5681,51
441,190
5683,16
2021,25
4707,71
1336,509
2022,1285
4422,8
4706,2246
2751,74
4604,71
4705,688
6062,1825
4218,10
4704,2827
2327,216
4366,412
2326,82
4057,1903
4056,65
4055,2104
2694,61
4053,736
4052,865
4051,226
2028,25
4605,18
4700,1
2908,33
4059,1099
4058,1024
5194,114
5979,1
5978,1121
5973,7
5972,17
5971,4
5970,38
5977,2819
5976,7
5975,21
5974,102
3610,106
3611,105
2299,1052
3613,39
3614,4
3615,193
3616,192
3618,65
2292,4
2297,692
2295,35
2294,557
5678,313
4355,259
4360,40
2982,46
2569,3054
2568,9
4357,32
2561,195
2560,2115
2563,1007
2562,87
2565,528
2564,92
2567,30
2566,2441
3845,1
1521,3
2369,60
2368,3448
2366,188
2364,5
2362,10053
2361,42
5907,117
5029,2549
5028,300
2585,4
2584,1
4333,26
2582,319
2580,2
5021,385
865,84
1612,190
5024,10
5027,903
5026,566
1861,603
4441,19
1863,203
1862,370
4444,490
1864,128
1867,151
4447,1413
4448,504
4449,1528
3726,891
3727,41
3722,13
4686,452
4931,181
4684,441
4685,11
4934,406
961,273
4680,440
4681,734
4938,984
4939,1060
5578,35
968,97
3847,141
4688,102
4689,218
2109,410
2108,984
6059,2446
1710,219
5576,18
6054,64
2101,310
6056,446
6051,681
6050,5927
6053,701
6052,118
5115,564
5114,3756
5117,9
30,238
5111,813
2638,186
635,45
5112,278
2635,98
2634,2192
2637,276
2636,235
2631,306
2630,673
1245,21
2632,359
1717,60
5403,50
34,14
3438,82
3439,236
1611,40
3093,1590
876,25
877,23
874,233
3433,28
872,277
643,2182
3436,281
3437,394
2741,547
2036,3348
2035,7461
2034,3707
4848,3220
2744,289
2031,2
2746,1051
4844,719
2748,112
4846,1856
4847,10
4840,408
4841,6
2039,3185
3097,891
890,10
891,6
892,167
893,188
894,299
895,2618
896,2762
897,3899
898,30
899,687
1530,776
5254,181
5201,355
5203,11
5202,112
5205,12
5207,42
1248,106
5208,373
5193,210
5198,121
3544,401
3545,12
3547,611
3540,960
3541,237
3542,1
3543,181
3235,125
3548,124
5255,63
5400,749
1964,486
430,23
1965,434
1614,1617
1788,27
1789,84
768,1
1967,61
3649,17
4440,75
2962,304
1780,437
1781,141
1782,2121
1783,86
1784,1208
1785,2798
1786,1724
1613,626
3049,347
3048,65
1962,155
3041,77
3040,57
3043,154
1963,1059
3045,259
4569,332
3046,515
1430,21
5379,2196
1078,302
1079,764
5375,59
5374,47
5377,2190
1075,66
1072,897
5370,1100
1070,301
1071,71
1678,544
1679,150
3804,35
1675,661
1676,668
1094,358
1095,1
1096,227
1097,133
678,699
1091,637
4338,36
4339,58
674,391
4337,293
4334,1372
4335,1143
1098,875
671,590
672,269
673,1359
3135,263
3134,2193
3137,322
3136,396
3131,282
3130,490
3133,178
1916,3
3139,379
3138,58
3648,2
3396,2
1533,246
933,58
1915,34
3962,54
5183,172
1418,139
1419,112
1410,1534
1411,29
1412,94
1413,79
1414,18
1415,16
1416,9
1417,189
1322,73
1323,1084
1320,110
644,452
1327,179
1324,216
1325,31
4646,117
1328,971
5180,681
4209,247
4644,19
5768,538
5769,559
4202,82
5767,4
5764,1098
4645,1113
5762,66
5763,347
4204,48
1531,145
4636,1546
5569,40
5564,477
5565,224
5566,2088
5181,1529
5560,571
5561,387
5562,8
5563,634
1524,38
1525,470
1526,27
1527,1874
1252,120
1253,41
1250,951
1251,697
1528,1778
1529,2173
1258,400
646,692
309,674
3959,116
3958,34
300,106
3952,263
3951,2107
303,178
304,3
305,40
306,129
3954,262
4116,5013
4117,11081
4114,5
4115,7643
4112,138
4113,381
4110,19
4111,2307
5708,2
4118,336
4119,549
3355,12
2858,1
5020,57
2978,355
3346,24
648,560
3340,49
2477,972
2077,9
5184,15
2779,3
1484,2007
4899,272
4898,60
4673,401
3057,7
3341,196
4062,60
5947,420
4060,1094
1624,1764
5942,677
5943,2494
5940,14
5941,1037
4069,411
5948,688
5949,292
5784,144
982,237
5786,28
5787,53
5780,4
2974,3
5782,283
983,19
78,33
5788,122
2772,56
5856,13
3603,36
1043,2747
3601,204
2773,800
3607,5
3606,1588
3604,15
986,116
3609,1535
3608,709
1041,21
987,6
5038,6
5469,84
5157,593
5366,1
2777,29
4435,5
1046,341
1563,3
6118,627
5364,566
6114,878
6115,1652
6116,931
1044,20
6110,166
6111,554
6112,71
6113,549
2358,4776
2359,59
2352,101
2353,1249
2350,200
2351,62
2356,2749
458,598
2355,6
1048,138
1488,1
2991,5
5447,51
4453,249
4451,94
4450,43
4457,393
1899,216
4455,433
4454,105
3737,36
3736,2637
3735,151
3734,644
1890,66
3732,353
1892,47
3730,569
4923,976
4690,139
4921,766
4920,284
4695,681
4694,771
4925,309
2131,509
953,73
952,498
955,748
954,257
2138,629
956,1383
3203,514
6020,124
6021,78
477,6
6025,29
6026,65
6027,56
2648,2053
5161,50
5163,828
5164,2140
5165,62
5166,16
2784,1238
2640,204
5169,675
2642,139
2643,223
2645,51
2646,105
2647,11476
2786,1661
2781,10
2749,2
4527,46
2033,19
4776,1
3429,69
3428,318
5417,232
3422,240
3421,17
2137,21
3427,3518
3425,245
3424,27
2003,24
2000,1247
2001,741
4589,56
4588,714
4859,1020
2005,650
4857,950
4584,77
4587,1430
4854,191
4853,600
4415,99
4851,230
4850,2127
1853,40
2118,476
4413,55
4301,1
2852,14
4300,149
4411,416
3686,38
3556,7
3555,32
3554,21
3553,121
4305,136
3551,3
3550,689
2491,8
4304,17
2170,43
3558,11
667,150
6067,367
919,25
64,4
4309,6
2177,22
2911,330
2912,823
2913,1083
2914,2363
2915,599
719,686
2898,35
717,850
1792,2264
1791,106
2175,52
1797,109
1796,351
1795,973
1794,1121
915,19
1265,1203
5186,1572
2106,827
4079,59
5260,2
2178,38
1906,105
5954,12
1069,1076
1068,25
2179,730
5300,33
5301,47
5302,425
1062,43
1065,88
1064,608
1067,123
5307,396
4390,40
1669,1
1668,9
148,106
1790,2
1907,25
1662,348
1661,220
1660,2476
4329,1631
1086,4
1085,301
1084,2
595,1001
1082,203
596,4052
599,5501
598,680
4324,147
4326,35
3140,5365
3141,19
3142,196
3143,1959
3144,430
3145,67
3146,138
3147,114
2824,402
2825,8
2826,31
4072,1
2820,139
2821,160
2822,15
2823,974
5414,1222
5415,163
3384,13
3385,838
3382,730
5411,55
5412,72
5413,1777
2032,41
2603,40
5418,173
5795,14
3388,379
3389,3234
1409,123
1408,103
5134,1
1403,1625
1402,96
1401,800
1400,2389
1407,14
1406,478
3963,1
1025,11
449,2129
448,393
1339,430
1338,330
3198,11
443,98
442,6
1337,208
3961,636
4219,2
3020,1197
445,1304
444,87
5779,815
5778,7
3129,14
731,2
4623,90
1432,22
4436,93
696,358
5773,274
5772,154
5775,71
5774,569
5777,11
5776,15
4837,13
3261,10
39,34
1492,3
694,262
1057,16
3260,221
33,10
32,1057
31,9
5574,233
37,1063
5572,1318
5571,40
5570,29
641,103
640,572
1535,3096
1534,2735
645,1415
1532,1790
647,561
1246,1977
649,21
3265,83
3098,125
1632,21
1027,1435
1539,158
1538,87
1493,26
339,74
338,1777
4391,369
335,1105
334,578
337,541
336,1019
331,652
330,1130
333,824
332,3325
4101,10570
4100,777
4102,594
4105,55
4107,5164
4106,2223
1633,895
5771,60
4207,1
1938,2
772,20
3694,68
1523,12
1901,25
3898,3
3899,4890
2980,434
1634,91
3892,325
3893,151
3890,253
3891,2
3896,1
3894,1477
3895,1960
847,232
3465,4
844,32
1635,15
1464,37
843,58
1496,11
2119,134
842,1260
5950,32
5952,116
5955,149
841,1605
5957,33
5956,134
5959,6
5958,23
3460,42
4071,388
4073,64
1460,17
3966,9
3967,138
3964,168
3965,27
5793,1476
5792,49
3960,194
5082,85
3176,3
5081,19
3968,935
3969,206
2854,4
3435,3
3639,403
3636,61
3637,152
3634,3974
3635,178
3632,107
3630,3886
3631,2633
5547,16
1454,1
5343,304
849,46
5798,41
4610,160
3507,181
152,36
4613,776
2345,86
2344,13
2347,240
4612,1009
2341,106
2340,1084
6109,1336
2342,594
6107,150
6106,402
6105,3469
6103,94
6102,263
6101,669
6100,840
1499,199
5785,482
2594,16
3708,28
2346,1200
4468,1539
4469,641
3702,100
4467,18
1885,245
3701,429
4462,28
3707,702
4460,468
3705,79
2121,69
2120,484
2123,767
2122,23
2125,20
2124,1333
2127,40
949,247
2129,1741
947,57
4914,248
945,192
4912,453
943,889
4910,2240
4663,134
6039,270
6038,95
5274,35
6032,58
6031,148
6030,26
6037,147
6036,266
1594,27
6034,57
5173,378
5172,945
5171,611
2658,424
5177,47
5755,34
5175,1090
2653,8
2652,1740
2651,174
5178,905
2657,1065
2656,165
2655,3
2348,56
133,108
132,7371
131,343
130,826
137,53
3413,960
135,42
134,3410
1931,3683
1597,64
5759,5
3418,119
4234,38
5348,44
707,2
4868,1412
2019,1345
2018,157
2015,277
2014,6
4860,1433
2016,193
4867,221
4864,41
4865,963
5945,35
5349,6
5277,7
2488,29
183,1184
3562,9
3563,87
3561,7
3566,665
3567,1297
3564,1232
3565,4483
3568,183
3569,37
511,56
4484,37
4485,128
4480,19
4481,2
4482,1213
4483,215
1466,9
4489,1195
848,55
2903,275
2902,181
2901,1
2900,141
708,100
2906,21
2904,707
704,159
705,28
510,64
700,29
701,16
703,178
609,260
89,5
5338,1
82,134
80,1923
81,1519
84,763
85,7
5319,12
5313,1069
5312,151
5310,2634
5317,17
5316,24
5315,1
5314,277
1592,10
1659,302
2487,81
1652,38
1656,6
1657,18
1654,61
411,20
586,419
1986,1833
584,81
585,227
4890,35
3215,3819
5273,14
3216,218
588,9
3153,2
3152,3
3151,248
3217,91
3157,18
3156,171
2837,10
3210,3479
2835,17
149,2
2833,2
2832,23
988,32
1983,847
1436,2754
1437,90
1434,791
5404,361
3395,183
5402,2282
5401,433
1431,659
3398,991
4655,8
1637,1870
887,2
1438,1945
5408,228
1260,295
5230,526
4506,55
1730,125
2308,134
3031,780
4260,1473
1349,319
4262,528
4263,521
4264,27
1889,4
4266,963
4267,108
450,7618
451,5396
452,10729
453,289
1344,978
1345,23
456,400
1347,2113
185,84
318,259
5236,200
1886,128
5615,4
564,23
5237,41
3700,2628
766,5
5548,740
5549,700
1887,4
5543,676
5540,310
5541,78
5546,107
2483,4
4463,28
1502,25
1503,154
1500,72
1501,13
3089,35
3088,300
1504,325
1505,65
3085,226
3084,54
3087,2356
3086,245
3081,79
3942,74
3083,195
3082,278
310,34
5890,162
5891,255
5892,120
5893,110
5894,240
5895,73
5896,135
5897,53
5898,108
5899,12
314,7
3885,5
3884,189
4651,808
3886,97
3881,3
3880,312
3882,69
2481,60
4919,65
4916,498
2484,25
944,331
1884,2
4650,444
4915,2
831,319
752,301
2829,13
942,558
4913,1445
750,370
940,42
4900,110
941,1336
1883,17
4008,222
4009,40
2017,409
4005,320
4006,289
4007,1
322,1819
3970,5712
320,890
3972,2785
326,744
327,55
324,2129
325,464
3979,2
3978,4
328,35
329,624
1904,4
3629,1313
3628,266
3294,5
3621,12
948,18
3623,46
3622,1161
3625,676
484,581
279,11
4714,2453
4715,545
4716,1
4710,100
4711,23
4712,81
4713,1306
2338,1312
6133,60
6130,21
4718,659
4719,20
6134,1
6135,94
5765,16
1880,16
1591,90
1914,3
1590,2
3715,256
3714,22
4289,1
3711,179
946,88
4959,2
3077,247
3719,71
4479,1515
4478,2015
5170,34
3251,112
3079,16
4471,1085
4470,1670
4473,236
4472,107
4475,142
4474,178
4476,65
4909,22
4908,84
6004,17
6000,342
6001,2668
4901,506
4676,168
4675,60
2485,2466
2482,1039
4672,225
4671,205
4670,453
2248,10
2249,2380
2244,61
2245,11
2246,47
52,73
2240,3
2241,166
2242,30
2243,568
995,146
994,6394
997,2098
2467,259
2460,17
2461,311
2462,199
992,792
5146,331
5147,35
5144,384
5145,1
5142,709
998,713
5140,1523
5141,1036
3401,48
3400,354
3403,13
1026,1588
3405,159
3404,397
3407,1515
5684,56
3409,1302
3408,322
2654,6
1020,40
3416,64
4871,20
1295,250
3417,377
5018,111
1189,1064
3414,2081
363,50
3377,2478
2798,627
3415,2
5424,79
2060,173
2061,296
2062,118
2063,365
2064,93
3375,311
2067,22
1922,1188
1182,118
3411,69
3255,9
3372,32
3641,4
3371,104
5422,38
5098,2017
5099,3396
3579,347
3578,2205
5455,8
3575,51
5091,144
3577,500
5093,876
5094,106
5095,24
3573,133
5097,285
4497,12
4496,4
4495,55
2665,339
2662,395
2663,314
2660,46
4490,517
722,739
4499,19
4498,8
5797,7
2431,24
2938,567
2939,382
2936,2051
2937,492
2932,114
2930,460
2931,512
5326,329
1744,78
5325,56
5322,310
5321,392
1836,1628
231,4
5328,1629
5329,1095
1645,76
1216,112
1647,156
1646,283
1641,32
1640,146
1642,861
2783,134
1835,111
1649,1549
2598,4
728,2
4881,673
729,50
3797,16
1839,1364
1270,16
4364,24
570,154
4367,246
574,33
2808,622
2809,322
4956,135
3169,1312
3166,13
2803,58
2801,2
2806,424
3161,20
1421,789
4981,1555
1423,607
1422,1105
3368,417
3369,93
1427,5
5435,696
3364,76
1428,872
5438,31
3367,27
4983,278
3362,171
3363,1
2186,6
730,39
733,27
2157,61
735,9970
734,28
737,80
2402,124
3390,20
6057,5
4984,780
4273,265
4272,3006
1359,22
4270,787
4277,635
4987,194
4275,88
4274,69
1353,722
1352,1103
1351,351
466,207
461,920
463,643
608,2331
4660,143
5554,1995
5556,452
5553,1652
5552,144
5559,259
5558,2245
3003,3
5113,200
2542,17
2010,17
1518,105
1515,784
1514,6
2007,80
1511,459
1510,46
1513,5
5525,154
1903,1
959,2
4225,145
4886,44
5883,1669
5882,108
5880,189
5887,659
5886,390
5885,452
5529,68
5889,276
1543,249
1108,4
958,95
4373,1
280,333
5770,25
3184,19
3185,2
3186,49
3187,157
3180,2206
3181,486
3182,515
1024,14
3188,338
3189,2
3397,1514
1277,348
4018,16
4661,1227
4013,3
4012,1017
4011,2281
4010,329
1897,36
4016,320
4014,738
357,136
4904,19
355,655
353,979
3989,685
3984,285
6065,10
3986,958
3981,76
3982,57
3983,92
1952,99
3612,328
5796,1
6125,205
6124,429
6127,1958
6126,1060
6121,65
6120,1
6123,10
6122,261
1033,155
2323,50
2322,216
2321,586
2320,217
4703,1713
4702,481
2325,185
2324,306
2329,145
2328,3
1113,393
4709,755
4708,81
289,1531
288,176
1112,31
281,52
5,2032
283,149
282,114
285,140
284,69
287,263
286,321
3760,93
3761,176
3763,170
3764,45
3765,5
3766,598
3767,100
3768,142
3769,164
1116,138
263,81
262,192
5758,1
267,168
266,143
265,148
264,148
269,3042
268,529
6011,240
6013,118
1291,16
6015,388
6014,2
1215,57
6016,578
6019,1366
2490,1666
2493,5
2492,990
2495,173
2494,17
2497,2522
2496,829
4424,62
259,152
1294,1121
2259,232
2258,269
2257,957
2256,547
2255,105
2254,11
2253,220
2252,7
2251,20
2250,269
5159,588
5158,14
2475,765
2474,96
2473,7
2472,3
2470,358
5151,256
5150,117
5153,836
5152,277
5155,3562
5154,181
2479,2487
985,981
5179,1
252,428
117,38
2176,25
111,469
110,1898
113,223
112,1783
119,213
118,146
4096,888
2785,1474
4801,1839
4802,948
4803,1764
4804,457
4805,1365
4806,2297
4807,7
4809,6
964,741
2788,76
2079,1319
2078,6359
1716,43
2073,1862
2072,22
2071,8
2070,8
4108,9
2076,13
2075,114
2074,957
4969,1455
1330,36
3508,54
3509,46
5089,255
826,19
3500,11
3501,121
3502,285
3503,114
3504,159
3505,44
3506,98
5084,210
2675,17
2674,22
2677,68
2676,170
2678,43
2929,2627
2928,1923
2921,950
2920,957
4967,104
2924,150
2926,16
5330,16
5333,1658
5332,1170
3394,170
3685,157
5337,13
3223,275
4906,65
1630,235
1987,86
1984,2320
1985,2608
1982,673
3211,1526
1636,1168
1981,339
483,132
604,31
3219,20
1988,40
1989,101
3222,72
3862,51
3268,3
2817,258
2816,772
2811,130
2810,48
2812,227
561,2
562,41
563,10
2819,141
2818,1760
567,246
3179,24
3178,1428
3171,92
3170,39
3173,939
3172,16
3175,176
3177,187
5086,23
5429,804
5428,86
3379,239
3378,417
1186,361
1187,2334
1184,67
3374,253
3373,296
1183,230
1180,795
1181,45
726,109
727,72
724,15
725,142
1748,627
723,1843
720,56
721,659
5995,693
1745,63
1746,82
1747,366
1741,274
1742,109
1743,599
1164,3
2587,1075
1166,72
5637,446
1160,200
1162,329
4249,274
4246,19
4247,1273
4244,433
4245,981
4242,14
1169,11798
4240,177
4241,12
5520,228
5521,844
5522,10
5523,694
5524,108
5799,198
5526,315
5527,856
5528,95
2583,301
4397,3
5496,5
3197,160
5497,29
48,521
49,2224
46,741
47,1230
4985,63
43,149
40,58
41,50
1568,2959
1569,10
1298,9
3194,753
3300,33
1516,50
1560,1
1561,486
5493,70
1566,350
1567,571
5252,238
5022,46
474,151
5253,614
4693,102
591,86
3190,10
1711,331
2425,2
4739,14
5251,113
2589,5394
966,18
3092,9
793,179
2599,7
5125,17
5257,141
4398,43
1366,153
5639,1588
1860,59
5634,186
5635,114
1201,11
4393,492
5630,309
4442,8
5632,165
5633,73
472,463
473,338
470,376
471,205
1362,506
1363,65
1360,118
2787,105
1865,48
478,117
479,955
1719,15
1368,5
4445,49
