5259,340
2511,1
4446,38
1200,2726
5317,17
4447,1713
5745,250
4026,170
4027,1921
4024,579
4025,3565
4022,6
4023,79
3725,59
3798,27
1868,398
4029,360
3383,22
5988,183
5989,2433
592,26
5982,520
4642,8
5981,68
5986,63
966,19
5984,873
340,344
341,30
342,429
343,100
2918,383
3996,1212
3995,798
3994,162
3993,342
3992,90
3991,74
3990,86
4930,80
965,9
5747,231
4416,59
4932,151
3573,84
3346,10
2780,23
967,2
5373,88
2919,63
3236,1707
3381,770
4683,50
4732,705
5970,32
4731,13
4736,2995
4680,564
2318,740
2319,3262
2316,5419
2317,292
4738,1379
2315,62
2312,178
2313,84
2311,115
4831,52
2184,128
5857,7
5850,33
5852,38
5853,3301
3237,12
294,94
292,530
3681,133
290,76
291,135
3773,244
802,4
3771,53
3680,852
5749,6
3776,455
3775,137
587,401
4835,64
3778,30
3686,45
270,133
4654,1019
272,2241
4656,1219
274,1282
4650,581
276,50
4652,14
278,2
279,12
4520,1
4659,11
4658,408
4660,172
5676,2
962,1
3446,98
4782,32
2269,166
4028,27
2262,292
2263,323
2260,1367
2261,593
2266,71
2267,7
2264,260
5789,3
3968,1077
2443,14
2446,896
2447,23296
2444,420
2445,1684
788,6
2448,405
2449,40
2189,505
3690,3
108,966
109,317
2102,37
103,35
100,6
106,51
107,1612
104,5
105,91
2046,1500
2047,245
4811,751
4810,179
4817,960
2043,9222
2040,4938
2041,1134
2107,118
4819,3257
4818,1400
2048,218
2049,3108
2105,114
2104,303
1848,3
820,4
1086,29
5117,14
1372,74
1060,3
5116,154
2038,3716
4243,111
2836,35
5111,1189
2835,16
2142,251
3519,55
3518,88
5298,97
3513,185
3512,118
2733,1619
1210,118
3516,173
3515,16
3514,2146
2831,7
5297,36
2684,1416
2685,100
2686,73
2687,860
2680,1463
2681,98
2682,1122
2683,1795
3441,42
1437,137
5119,123
1211,87
3998,117
1434,820
2739,1
99,29
3997,185
1435,31
4605,10
2633,76
4937,9
91,31
90,100
2701,25
94,1136
3394,156
1623,611
5183,214
5180,750
1620,3360
5186,1489
5187,1201
3201,489
1624,1610
1999,97
1998,255
1629,772
5189,1333
3209,24
3208,3270
349,28
3534,56
2861,7
2862,4
2863,568
559,70
2865,329
2866,1288
2867,42
2868,550
554,28
551,62
550,1083
553,367
552,44
3539,46
5409,114
5055,819
5408,260
5458,317
1198,121
3348,1468
3349,4639
1191,2470
1190,1873
1193,397
1192,109
1195,541
3347,143
3344,180
3345,527
1758,48
1756,2231
1755,1379
1754,918
1753,1229
1752,435
1751,768
1750,1049
4259,419
4258,3049
1175,1444
1174,255
1173,768
1172,167
1171,5560
1170,6702
4251,982
4250,238
4252,367
4255,2417
4254,155
1179,215
4256,274
5533,1463
5532,882
5531,719
5530,184
5537,4
5536,66
5535,82
5534,1333
1875,252
5539,410
5538,33
2351,61
513,302
644,470
4433,33
1285,665
1284,12
1287,1307
1004,401
1281,104
1280,73
1282,1891
515,34
879,562
3517,5
404,18
3756,14
3430,7
1579,2333
1578,9319
689,37
517,768
1872,3
877,16
685,1791
684,447
687,1382
516,191
1577,123
1576,31
683,117
682,897
458,793
875,1
622,15
3434,18
873,63
870,113
871,166
1888,42
4592,82
4389,19
3325,2
5628,56
4383,185
1243,516
4381,165
4380,2322
2191,47
4590,182
4385,31
4384,148
407,2163
1370,1070
405,30
2034,4113
1374,20
1377,2
400,133
1379,482
4848,4062
1342,265
409,1815
408,7893
3834,229
3835,1136
3836,18
3837,335
3830,73
3831,7606
3832,2108
3833,448
454,897
2030,10662
3838,1
3839,3654
1345,32
4031,118
4030,745
5996,115
4035,42
5990,116
5993,3223
5992,2538
4038,212
457,827
5999,21
5998,211
4737,99
4734,574
4735,24
3453,473
3206,118
379,170
378,1942
371,3
373,12
372,49
374,32
377,2198
376,231
2343,22
4739,23
5107,235
4348,407
3205,239
393,20
391,6
390,13
397,1239
396,7759
395,511
394,1078
398,2376
5796,6
2309,3026
1247,2791
4344,42
4729,41
4728,807
5855,24
4725,40
2300,1080
4727,1060
2302,3856
2305,452
2304,66
4723,154
2306,133
5847,84
5846,4
5845,2246
5844,601
2995,2084
5841,495
5840,132
5849,102
5848,369
298,50
3747,413
299,46
3742,341
3743,467
3740,2
3741,244
245,3121
4621,227
247,3680
246,5395
4624,1337
240,32
243,10
4627,178
4628,4
2336,1
249,76
248,1626
2887,120
2275,885
2274,24
2276,301
2271,1058
2270,210
2273,266
2272,894
5858,21
2279,1243
2278,3601
293,117
4407,3
3590,3
2705,22
2232,22
2599,32
2455,9
2454,1784
2456,3247
2451,33
2453,197
2452,17
3770,12
179,2
176,445
175,1017
174,102
173,550
172,1737
170,1664
2051,141
2050,467
2053,13
1111,590
2055,19
2054,213
2057,92
1503,160
4826,78
4827,48
3692,183
3693,461
4530,329
4531,442
4820,512
3697,305
4983,252
3596,149
652,101
4795,6
3088,385
650,1
2769,1
1505,71
3526,10
2157,54
604,30
3525,55
3522,79
3523,73
3520,4
3521,49
3087,2281
3528,25
3529,8
4655,3
1509,570
271,78
5738,58
4657,322
4985,8
3225,52
273,79
3083,220
1976,3829
4651,752
2695,346
659,147
2693,46
1603,4
2691,1
2690,630
1602,51
4653,28
1605,47
277,262
4984,654
3220,164
2704,1061
1971,837
4557,680
5832,219
1115,301
126,25
1563,2
3232,580
3233,132
5490,204
4555,2
1968,1222
1969,5582
3234,85
1619,613
1616,10100
1965,286
1614,1525
1615,2129
1612,241
1613,641
1610,2213
1963,2872
1749,2
4532,143
1363,54
5491,13
2872,1264
2871,462
2870,325
2877,1155
2876,664
2875,206
2874,219
2153,137
2879,5119
2878,1776
4534,108
3355,32
3354,210
1724,17
3351,2194
3350,2443
3353,5
3352,5984
3358,1
594,172
5448,677
65,5
3745,46
5443,825
5442,51
5441,28
5440,281
2692,24
5446,310
5445,1
5444,580
1768,1457
1942,156
1762,22
1763,72
1760,26
1761,18
1766,101
1767,478
1764,135
1765,170
1140,290
1146,2
4988,53
1789,125
505,3
5505,6
5502,60
5500,29
1547,1282
1544,119
691,307
1542,689
1543,315
1540,90
1541,970
4537,2
698,133
699,12
3810,1
1548,1019
1549,3025
540,1
2382,17
546,52
547,3
1781,141
548,658
549,3
760,333
5627,3
1783,170
2969,93
2968,1609
2195,158
2388,105
2841,44
3880,331
2649,12
4631,1
3321,69
5612,21
5611,589
3322,379
5614,405
1946,10
414,1
415,1340
416,21
417,93
1388,2537
1389,168
412,1
5716,152
1384,143
426,17
1386,64
1387,63
1380,2305
1381,4036
1382,1312
1383,2287
3580,32
3825,878
5714,829
3326,14
3581,328
3582,62
3829,494
3828,316
5000,313
1177,2
5007,28
5006,7
4282,1396
4283,6
4280,1262
3042,41
4286,223
4284,51
781,6
4288,209
5004,22
2406,199
3044,133
368,168
2762,37
366,963
367,3
364,12
362,18
363,57
3214,9
5274,47
2760,20
1774,2370
1777,1
380,793
382,437
383,40
384,2
385,11
387,236
388,1177
389,733
5338,1
4758,710
4759,500
5272,8
4750,135
4751,69
4752,88
4753,280
4754,4
4755,5
4757,4
5872,1713
5873,1747
5871,1864
5876,401
5877,3244
5874,12
5374,49
5878,68
5879,166
2045,220
1074,15
3759,43
5376,4
4664,48
3751,293
5278,85
3753,1653
3755,70
3754,92
1073,77
2190,2
4632,9
258,4082
2193,90
2194,234
4636,1643
4635,34
4634,765
2198,1229
253,1242
250,673
4638,871
256,95
257,52
254,450
255,540
2200,1350
2201,110
2202,5055
2203,872
2204,375
2205,4170
2206,222
2207,39
2208,11
2209,39
476,1
96,563
2429,3359
4812,712
2420,357
1446,30
1302,205
2423,76
2424,171
2044,228
2426,1758
2641,223
901,61
168,271
169,830
1725,67
165,559
167,276
5467,128
161,1009
162,70
163,10
4839,659
4838,54
3688,68
4529,7
4528,146
3683,330
4830,187
4833,1094
4832,48
3687,214
4522,319
4521,670
4836,283
1343,37
1843,41
3212,871
2518,48
2519,164
2514,32
2516,1
2517,147
1841,3390
2512,4
2513,381
2734,5
2735,72
2736,2
4421,2
2730,64
2731,2466
2732,732
5299,385
5296,974
1847,1050
5294,43
5295,333
5292,38
5293,423
5290,499
5291,222
3531,560
3213,791
3533,251
3532,919
5058,643
5059,1431
3537,71
3536,205
5054,196
678,774
5056,1118
5057,1319
5050,157
5051,123
5052,1641
1158,384
1814,774
1815,49
1816,115
1810,388
4338,31
1812,12
1813,3364
2437,189
4339,67
1818,1758
1819,9
1107,5
4959,4
5468,168
4337,388
2169,391
4334,1781
4995,9
4167,27
677,38
1098,729
1087,87
4700,1
671,758
672,325
4663,110
4331,3
3774,149
2167,33
1609,12
1608,943
4987,217
1979,30
1978,5
1601,384
3224,862
1975,538
1974,1361
1973,10909
1972,1285
3223,259
1606,873
1555,1
809,73
808,45
2163,5
803,7
908,25
801,1
2162,15
807,376
806,4
805,1
5842,87
4437,39
1426,32
2846,8
2843,55
2840,4
1554,668
3039,26
5477,264
5474,95
3323,1970
3324,50
5473,72
5470,30
3327,18
3328,57
3329,1723
1775,761
5275,1157
5276,215
1776,250
5270,127
5271,490
1773,21
323,102
1779,78
320,957
3138,75
1352,1276
321,422
3975,735
1551,1
1159,271
324,2163
2999,34
1155,2
5433,43
1157,594
3976,83
862,117
1150,1055
1152,2
5519,660
5518,535
1178,186
3038,61
3277,9
5517,6
5516,10
118,163
1550,612
1553,2
59,3216
58,332
1557,2
1556,1
3034,109
2991,4
2992,17
56,4012
2994,1
50,271
2996,384
3033,2122
537,4
55,1
533,35
3035,109
4662,43
57,802
3571,102
2993,17
1908,129
3030,1012
1909,52
3031,1075
5605,879
5604,786
5607,22
5606,464
5601,77
3032,1897
5603,44
5136,1056
2997,113
5609,182
5608,124
3724,18
4690,149
1905,236
1902,44
3291,46
429,3785
428,2277
5131,1159
1399,1971
1398,229
1397,390
1396,63
423,278
422,339
425,8
424,11
1391,115
4693,147
3812,75
3813,234
5465,25
3811,37
3816,78
3815,299
3818,381
3819,1260
3450,55
857,407
5797,10
850,80
4692,10
851,13
4299,34
4298,17
4294,347
4297,121
3455,297
4291,87
4290,64
4293,4
4292,90
3510,138
5341,8
2298,44
1422,1285
1443,1538
859,19
2199,45
2776,1
4749,24
4748,388
1425,8
4743,1317
4742,1010
4741,18
4740,436
4747,764
4746,15
4745,546
4744,8
2970,1
5869,689
5868,178
1970,1885
5865,5
5864,1074
5867,270
5866,14
5861,943
5860,337
5863,93
5862,233
2330,260
1424,330
4715,765
5350,995
2977,32
2183,1279
2182,1430
2181,201
2180,3966
2186,5
229,26
4609,2314
4606,199
4607,481
225,285
224,1220
4602,70
2178,22
221,12
220,76
2213,43
2212,8
2211,102
2210,270
2217,10
2216,107
2214,154
2219,161
2218,679
2230,514
5600,138
151,276
150,336
2439,467
2438,804
154,663
156,19
159,95
158,81
1293,11
2430,382
1088,174
2436,1243
2435,187
6134,4
976,22
4518,2
4519,203
4512,184
4206,4
5260,1
4511,73
4516,39
4517,420
4514,588
4515,2148
1359,13
2509,7
2507,6
2506,22
2505,6
2504,3
2502,10
2501,30
2500,29
124,153
2726,11
2723,634
2722,39
2721,29
2720,21
239,170
5280,1590
5283,846
5285,514
5284,378
2729,1248
5286,20
1163,29
5049,56
5048,1602
5047,799
5046,1028
5042,119
5041,332
5040,33
3782,468
3783,335
1805,309
3781,87
3786,469
1802,316
1801,431
1800,4408
3788,6728
3789,1322
1809,8
1808,243
4994,588
4943,2
4992,311
4993,1020
4990,24
4991,19
2537,510
2160,903
4998,938
4999,65
5567,376
5340,4
4843,42
3710,8
3258,6
3259,503
1948,240
690,13
2176,6
1257,190
3250,11
1943,903
1940,507
1941,1486
3254,195
1947,361
3256,196
3257,5
810,14
811,3
812,241
813,656
814,839
815,403
816,45
817,591
1991,983
1990,85
4620,93
1993,344
1490,6950
5460,333
3331,191
3330,862
3337,221
3336,3576
3335,987
3334,7884
1498,45
3203,826
3339,697
3338,377
1395,195
1994,287
1700,57
1701,12
1702,2
1703,788
1704,742
1625,747
5261,1426
1707,46
1709,62
5484,151
1996,2919
5269,756
5268,1233
4573,119
427,11
3658,69
1259,91
4188,1
5188,41
3659,8
1128,28
2093,743
1121,13
1122,168
4577,20
1125,1
1127,15
3654,3782
184,5
3655,786
313,150
4722,4
5437,25
2988,320
1807,112
1194,69
3028,32
2983,552
2099,7
3025,144
2980,530
3023,21
2986,69
3021,54
3020,1245
3953,1331
1018,498
1019,850
312,346
695,55
1016,38
1017,82
1010,395
1011,694
5234,306
1013,1594
3950,261
1230,7
1231,127
1232,717
1233,14
4197,4
1238,4
4190,43
5671,3
2526,3506
4358,198
4359,1
311,669
4354,568
4355,308
4356,109
307,18
4350,26
4351,7300
4352,2
4353,44
4679,202
1266,8
4686,577
1341,44
438,920
4900,89
436,2223
437,14404
434,252
435,970
432,178
433,352
2830,111
431,53
740,17
3809,120
3808,388
3805,53
2482,1163
3807,118
3806,57
3800,639
3803,4
3802,1774
4671,245
473,199
2864,711
4906,39
558,7
2285,183
5709,834
5704,1039
5705,85
5706,2
5707,527
5700,579
1967,57
5702,47
5703,81
555,1
2706,16
3162,168
2869,186
51,1
634,76
1960,50
4776,6
4777,429
4774,27
4775,128
4773,22
4770,414
4771,137
3709,41
6037,209
4778,6
4779,317
4174,751
4175,135
4176,805
4172,6
4173,158
1961,115
2265,4
5818,31
5819,76
4239,73
5718,189
5810,700
5815,162
5816,1
5817,45
2464,210
2465,14
927,51
5602,4
4619,43
4618,361
996,36
238,6
1432,49
234,174
235,2343
4613,547
237,311
230,706
4614,131
5060,1192
226,4
993,44
2226,74
2227,35
2224,65
2463,774
2222,895
2223,1098
2220,119
2221,39
5924,66
5925,967
5926,255
5927,73
5920,194
5921,185
5922,29
5923,724
3058,11
4837,1
2940,1101
5928,407
5929,211
146,1
147,39
144,3895
145,115
142,537
143,1600
140,906
141,88
5142,661
5355,556
148,95
5143,9425
4504,37
1053,423
4501,23
4500,1046
4503,219
4502,9
4509,362
5352,521
120,752
2088,1825
2089,1922
1056,36
121,40
2082,64
2083,617
2080,240
2081,714
2087,5747
2084,430
2085,108
1537,8
3342,1917
2538,2454
2539,1829
3343,79
2532,1109
2533,449
2530,958
2531,1851
2536,2069
3340,34
2534,973
125,33
2712,439
2713,2
2710,1390
2711,995
2716,364
2717,70
2714,286
2715,67
5454,21
3093,1710
348,345
3409,1630
5079,1984
3408,405
5072,320
5073,224
5070,852
5457,270
5076,11
5077,247
5074,930
5075,1924
1832,14
1833,176
3799,2587
1837,601
1834,80
1835,133
3795,44
3794,193
1838,1747
1839,1861
3791,1702
3790,143
3793,107
3792,338
4981,1668
2155,2293
939,129
4982,1826
2150,484
2151,998
2152,5411
4986,492
4989,90
932,92
931,441
930,200
2159,1155
935,100
934,246
5380,6
5381,41
5382,21
5384,17
5386,8
5388,99
5389,13
136,23
1587,1
1957,746
1956,1554
1951,1
1950,7
4825,16
1952,123
1959,1056
1958,50
3029,48
3248,1040
3096,694
3370,1
3242,612
53,29
3247,595
3246,1215
3245,17
3244,268
4404,152
228,58
829,4
828,401
4405,108
825,10
824,12
827,47
826,17
4406,71
822,17
4310,39
3097,604
1536,129
1176,431
4400,1252
5629,79
1820,1
227,244
1482,38
1481,190
619,51
1487,986
4402,666
1485,72
3309,361
3306,1080
5495,18
3304,55
1822,7
3302,461
3303,31
5492,1290
3301,454
1713,441
1712,150
5250,4371
1710,189
5256,342
5257,126
5254,158
2146,1629
5258,28
1992,513
4394,106
799,1092
1270,31
4319,22
2143,31
2414,812
5946,10
1139,210
5947,448
1995,1384
1137,170
5944,272
1135,11
1134,1
4974,681
5945,23
614,123
921,19
4066,11
1277,252
2062,60
3024,45
3018,1492
3019,755
4064,8
3012,1279
3013,44
3010,326
3011,68
3016,261
3017,2805
3014,14
2065,2
519,1166
518,149
4972,298
1009,182
1007,80
1006,520
1005,486
2148,748
1003,215
1002,100
1001,235
1000,2092
623,141
1226,70
621,19
620,178
627,1720
626,26
625,913
624,384
629,276
628,1048
4681,721
1229,28
1228,57
5663,203
5662,464
5667,39
5666,1
5665,262
5664,1441
5669,1329
5668,2532
4343,435
4342,47
4341,1
4340,22
2882,43
2883,36
2880,437
2881,3
2886,150
3197,241
2884,11
2885,2438
2888,5
2889,75
2,162
3099,36
419,5
3878,87
3879,610
1627,1
3870,283
3871,671
3872,178
3873,539
3874,114
3875,1102
3876,1507
3877,1137
3963,1
1286,3
5434,1
4677,1
13,206
15,224
14,1016
17,76
16,51
5717,88
18,260
5715,4443
3118,650
5713,5705
5712,2980
5711,166
5710,124
2740,42
3275,22
1924,342
3310,3
3273,282
3904,76
3906,2716
3907,278
3305,163
3901,101
3602,9
3113,76
3027,31
3908,52
3909,13
4761,253
4760,402
3600,201
4765,186
3111,1
2898,45
4769,2205
4768,1014
3193,73
2719,19
4165,661
4162,1
4160,108
4168,33
5809,2054
5808,142
5803,90
5802,28
5801,186
5800,4031
5807,28
5806,160
5804,1936
201,243
200,1407
202,203
205,330
204,471
207,829
206,29
209,3956
208,809
3060,203
3476,160
679,41
2954,53
1573,33
3477,296
1572,49
836,12
2314,20
1571,652
837,451
2239,2937
2238,71
1570,451
3472,461
2231,95
2744,330
2233,373
3473,657
2234,6
2237,151
2236,141
5937,1708
5090,190
5933,47
5932,88
5931,199
5930,625
1574,78
1711,264
5092,344
5939,44
5938,1406
1631,37
5093,2442
4608,1
3498,566
3499,154
3496,1855
3497,864
3494,219
3495,1043
3492,279
3493,112
3490,58
3491,1678
4570,32
2094,3252
4572,55
2096,11272
2091,102
2090,1653
4576,6515
2092,1304
4578,1085
4579,971
3656,15
3572,110
3650,1264
2098,511
3652,1279
3653,284
2525,2480
2524,823
2527,82
2188,1038
2521,220
2520,1202
2523,83
2522,25
2529,18
2528,1135
222,11
4494,26
1201,13
4492,173
5065,631
5064,434
5067,3826
5066,2591
2709,133
2708,1466
5063,33
4880,598
4881,701
2707,844
4883,704
4884,94
2700,38
2703,773
2702,958
6119,4
2748,97
4408,361
2951,15
1825,619
1824,206
1827,240
1826,698
1821,103
4401,706
1823,288
4403,274
928,75
929,777
2413,322
2412,160
4978,361
4979,495
2417,2074
2416,2843
2419,1276
2418,3611
4977,512
4970,4208
4971,3008
2149,1686
4973,1337
5393,631
5392,27
5391,1396
5390,928
5397,35
5395,595
5394,8
2411,4
5399,140
5398,403
3276,3
4224,21
1922,1232
1923,472
3272,81
1925,2227
1926,1347
1927,1731
1928,3007
1929,381
496,6
3278,883
3279,349
3474,2928
3475,117
3668,605
4227,920
3470,827
3471,54
834,6
835,304
4220,31
838,215
839,1383
3478,202
3479,158
4821,43
4221,144
3,73
4622,4
24,335
2727,7
3332,205
3199,14
3574,5
688,11
2175,66
3319,1025
3318,1813
923,440
4586,13
5488,133
3311,1510
5486,278
3313,588
3312,752
5483,47
3314,993
3317,273
3316,146
784,3058
786,433
787,139
5249,57
5248,122
1728,1666
783,2051
5245,4108
5244,948
5247,453
23,78
1722,29
1723,174
5243,486
1721,1362
924,95
5626,513
4159,41
2415,3
468,7
1042,5
153,206
4386,608
60,558
5487,930
62,364
63,124
3001,2311
3000,1822
66,538
3002,5680
68,698
69,135
3009,880
5485,655
5635,135
1371,972
1588,23
1589,1561
406,28
1582,82
3315,2867
1580,246
1581,46
1586,273
1373,27
1584,91
5482,37
2433,30
1038,301
1039,1590
5481,4
508,671
1032,142
1033,75
1030,100
1031,145
1036,2324
1037,1822
1034,293
501,103
1212,871
631,1114
632,400
633,250
1216,92
1217,215
636,2508
637,2657
638,3399
639,153
1846,98
1219,1662
4245,844
4378,2654
4379,3323
989,1
5658,804
5656,140
780,3
4370,580
5655,397
5652,1457
5653,779
5650,456
5651,118
20,148
2899,423
782,434
2895,67
2894,1064
2897,310
2896,18
2891,50
2890,29
2893,405
2892,1432
1106,186
1726,204
1456,1777
1457,35
1102,434
1451,69
1452,51
1453,285
1898,201
1458,1025
1459,77
1108,4
686,228
4080,15
3869,2063
5246,62
4084,126
3739,8
4087,2
3863,173
3862,4
3861,521
3860,2404
3867,1340
1357,44
1894,17
1720,54
1895,2192
3148,16
1896,60
1455,6
5728,91
5729,101
3733,1
5720,190
5727,374
3732,499
4466,3
3731,7
3934,19
3149,12
3917,63
4923,934
3915,146
1123,4
3912,1059
3911,3
3910,2320
5631,4
4921,842
3919,36
3918,156
4920,290
4798,62
4799,592
4794,2
1575,54
4797,17
4791,10
4792,788
4926,1626
4152,442
5995,838
4150,1325
4151,674
4156,447
2130,1786
4154,336
5831,3120
4158,77
4924,525
5839,971
5459,16
5568,11
4834,18
5991,2
1914,1
2754,189
215,391
210,84
211,29
218,8
1355,3
920,112
957,208
6088,1007
6089,93
6086,248
6084,1082
1790,10
6082,381
6083,227
6080,498
6081,45
36,1
420,7
681,2
5903,40
5900,58
5901,189
5906,16
4,605
5904,119
5905,1976
2752,79
5908,3
5909,168
439,559
3489,83
3488,1384
981,31
3481,18
3480,863
3485,212
3484,160
3487,15
3486,646
938,4
4561,1
4567,167
4566,91
4565,257
4564,329
3647,490
3646,120
4569,390
3643,131
4697,12
3640,2332
2550,168
2551,254
2552,694
2553,165
2554,91
2555,47
2556,1058
61,200
3283,97
2559,40
3007,7
2396,1516
2397,1113
2394,356
2395,784
2392,559
2393,104
2391,116
3022,12
1402,104
6041,25
5206,107
1076,2
2398,55
2399,91
5010,2
5011,61
5012,303
4898,65
5014,10
5015,167
3282,66
5017,26
2770,704
5019,38
2772,78
2773,893
4896,51
4895,517
2777,62
2802,1
3307,2
3167,1
984,117
1858,1534
1859,734
3281,9
5693,19
1850,667
1851,449
1852,545
1853,46
1854,1777
4412,61
1856,1449
1857,2139
6064,27
2173,23
6066,102
6067,331
6060,718
918,154
6062,1986
4968,1656
4967,79
4966,1956
917,6
2179,613
4963,3
6069,6
913,305
4960,19
1421,1109
2606,356
2607,1
2950,13
2601,20
2602,11
1420,33
2608,5
1423,741
152,19
1933,998
1932,1038
1931,2099
1930,2579
3265,99
1936,256
3267,427
1934,4003
5124,313
5125,40
1939,1545
2728,41
5120,31
5121,189
5122,221
3369,128
3467,5821
5451,1
845,1097
3464,289
3463,3215
842,1112
841,1504
840,3549
5435,808
2975,7
849,48
848,27
1632,52
1429,7
241,116
1583,1685
459,46
5452,39
5439,29
3695,2242
663,1185
4905,62
6046,169
4626,7
2407,48
1585,54
1739,433
1738,224
5309,5
5230,573
5231,727
5232,285
5233,735
1735,611
5235,34
1737,430
1736,1888
2404,420
5405,237
4442,5
796,1841
753,1463
752,274
751,1
9,1095
757,791
756,85
755,41
754,1821
759,23
758,622
3780,24
3946,75
3070,4868
3071,663
3072,547
1804,102
3074,73
3075,57
3076,9
3077,272
3078,33
2955,81
2956,1037
2957,5
1599,54
1598,527
3787,23
1025,21
5345,129
5346,2169
1026,1394
1021,17
3784,239
1023,663
1022,1443
502,70
3785,159
1029,1815
1028,2005
503,145
500,125
4153,1
2749,10
605,65
630,223
4367,239
4366,351
4361,111
4360,62
603,44
1213,1095
1205,178
1204,958
1207,735
1206,1526
4369,414
608,2826
5649,483
5648,60
1358,250
1196,38
469,130
5642,1
5645,71
5644,75
5647,27
635,45
3696,131
3109,83
3105,3
3107,581
3100,1716
3101,2293
3102,106
3103,65
1447,908
4829,1897
1445,709
1444,35
5,2533
1442,1042
1117,4
1440,773
2006,30
4279,299
1449,114
1448,454
4093,2245
4092,132
4090,26
4097,1
4096,1259
4094,1359
5068,146
2401,357
4099,20
4858,10
791,17
5735,502
5737,288
5731,3
5730,142
3704,32
484,621
5739,1214
4587,1379
480,50
2009,2
4581,52
790,10
4852,2
2301,625
4583,2
3705,101
4724,69
1061,13
4582,37
2303,11
5273,9
3922,20
3420,2
3920,659
4726,891
3926,25
3924,1
4721,31
3929,265
6045,502
2320,165
4789,33
4788,331
4787,46
4786,664
4785,1115
4784,67
4783,168
5654,370
4781,31
4780,98
5821,304
5820,37
5823,187
5822,185
4149,31
5824,149
5827,617
5826,514
5829,469
4144,612
2381,4
2466,2
4143,137
4377,132
3856,106
3854,569
3855,176
3852,574
3853,215
3850,72
3851,2214
1595,14
992,618
4375,12
3858,2306
3859,2089
4822,401
35,2
5472,19
3005,342
6099,1755
6098,74
1062,31
6093,129
6095,268
6094,1
6097,557
6096,64
4823,823
2122,49
5919,1
5918,29
5914,61
5917,29
5916,65
5911,6
5910,79
5913,50
5912,45
198,129
3664,181
195,431
194,11
197,1146
196,8
193,72
192,11
19,1
3678,7
3679,5
3672,184
3673,3880
3670,4401
3671,1658
3676,2587
3677,2793
3674,502
2543,78
2542,15
2541,83
2540,583
2547,562
2546,81
2545,60
2544,3523
2549,464
2548,248
1104,52
3179,30
2380,8
4382,59
1105,93
2385,106
4510,9
2387,326
2386,502
2389,42
1450,139
1103,153
5003,73
5002,56
5001,356
2768,96
3584,720
3585,871
3586,357
3587,83
2763,18
3589,86
2761,167
1101,6
2767,52
2766,175
2765,267
2764,203
3290,22
1486,1838
902,96
903,13
900,9
4429,667
906,52
907,2
904,54
905,59
4422,2
1842,884
4420,549
1840,4813
4426,535
4427,850
1845,443
1844,1883
6076,395
4958,134
6074,56
6073,299
2168,719
6071,150
6070,49
4953,3539
4950,162
4956,111
4957,3
4954,21
4625,893
2617,74
2616,1506
2615,23
2614,1485
2613,872
2612,588
2611,17
2610,233
2147,60
242,182
4082,1011
2618,571
3292,1435
1189,1028
1944,60
5139,5090
5138,671
5137,190
3295,590
5135,6773
3297,341
5133,110
5132,944
1900,1028
3293,1888
3452,20
855,1628
856,192
3451,255
3456,194
3457,851
852,36
853,55
4545,9
3458,10
3459,124
858,7864
88,40
1731,92
1186,425
3161,9
6,1621
4546,107
2042,260
3402,57
3555,78
4571,16
5229,39
5228,205
5223,210
5222,285
5220,86
5226,2
5225,55
2609,61
3738,65
616,249
275,135
742,1071
743,2517
744,486
745,1729
746,433
747,361
748,44
749,173
5884,50
2913,1492
926,11
2949,441
2948,2251
2947,919
2946,1001
2945,1373
2944,28
2943,43
2942,14
2941,2127
2915,553
5357,425
5356,1657
1052,1293
5354,2385
5353,801
1055,179
5351,1851
1057,26
1058,66
1059,133
2225,98
5359,96
5358,13
1696,47
717,914
1694,147
1695,92
1692,30
1693,1
716,123
6009,29
5657,3
2595,753
1791,166
1278,231
1279,60
618,91
4313,2821
5289,1
1734,1068
4316,77
4317,945
4318,561
713,54
610,187
611,2408
1274,16
617,1072
1276,655
615,1405
4157,132
3008,53
711,160
2325,155
710,16
5279,75
3333,755
2377,8
4374,3
3119,367
1491,136
3117,1438
3116,137
3115,315
3114,478
4269,22
3112,32
2469,104
3110,57
1472,363
1473,640
1470,616
5462,77
1476,2
1474,120
1494,47
1478,237
1479,8
1495,127
5361,45
1305,53
1306,614
1307,28
1300,834
1301,1060
322,1311
1303,5169
1497,448
1308,54
1309,49
5740,647
5741,868
5743,151
498,359
499,335
5746,3
1499,314
494,558
495,555
4226,3
497,619
490,115
491,43
492,70
493,1549
5586,15
5587,21
26,1145
5585,3
5582,459
21,234
22,50
5581,313
3594,16
28,585
29,17
5588,6
5589,325
5034,1776
5833,37
1069,891
3583,6
3938,359
844,32
3935,19
2598,18
3937,866
3936,310
3931,2427
3930,327
3932,321
1516,61
1705,15
4138,151
4139,1049
1706,489
4434,8
4130,2
4131,418
4132,132
4133,412
4134,5
4135,152
5692,101
3840,1217
5691,829
5696,213
3844,127
3847,150
3846,247
3849,494
3848,149
5698,186
5699,1538
2052,14
1063,13
1600,442
1077,2
3916,55
3649,30
5306,52
1066,55
4462,34
4044,445
4045,57
4046,591
4047,334
4040,44
4042,19
4315,26
4048,151
4049,16
5968,523
7,14
5961,1855
5963,362
5964,99
5965,124
5966,290
5967,189
3665,2376
977,31
3667,104
3666,280
3661,3434
3660,1
3663,28
3699,56
2280,140
2281,141
2282,1368
2283,118
3669,139
2032,50
4549,255
4548,194
1910,38
4941,1638
606,100
4544,4
4940,960
4828,22
2578,432
2579,61
2577,199
2574,344
4942,459
2572,42
2573,803
2570,7
2571,216
2059,148
2379,9
2374,519
2375,2
601,20
1604,13
4824,60
2372,3563
2373,6703
3593,514
3592,430
2596,2602
2597,28
2590,61
2591,10014
2592,5074
5039,661
5036,730
5037,442
3599,48
5035,874
5032,2822
5033,252
5030,1430
5031,421
1876,468
1877,337
1874,1077
4436,113
4431,90
4430,1162
1870,535
1871,149
1083,17
4533,353
4439,24
4438,185
1878,203
1879,132
4945,499
4944,4565
975,106
974,1362
973,609
972,194
971,1139
970,286
1080,111
4949,4
4948,199
979,11
978,33
182,641
4321,483
180,160
181,398
186,70
6047,87
6044,102
598,690
2110,40
2111,1174
6048,343
2113,345
2114,1662
2115,922
2116,2106
2117,432
2622,17
2623,159
2620,29
2621,533
2626,887
2627,268
2624,120
5837,379
2628,159
2629,123
4089,7
1919,1
5108,9626
5835,935
4368,22
3289,130
3288,44
3287,94
5103,3068
5100,3725
5101,3220
5106,1038
2112,4078
5104,2786
5105,3037
869,112
868,345
189,26
3449,149
5830,2419
3445,6229
3444,1002
3447,21
4155,279
865,45
3440,614
867,570
3442,3620
2024,2203
2025,1
2026,36
2755,129
2020,3026
2021,152
2022,2403
2023,2320
2828,19
2028,3
2758,296
2829,53
883,1109
882,555
881,66
880,303
5197,671
884,1920
3728,12
2371,1
888,11
5216,201
5217,133
5214,36
5215,3860
5212,14
5210,202
5211,570
832,88
5218,372
5219,1242
356,1
2625,350
3468,207
418,42
6065,7
5549,887
353,1021
1727,31
5414,1486
777,8
771,195
64,2
772,25
4596,769
779,2
778,72
4675,60
77,13
75,2653
3385,1573
73,964
72,63
71,124
70,88
3056,654
2973,205
3054,794
3055,347
2976,51
3053,414
79,3422
3051,11
5362,124
5363,251
5360,558
1040,1222
1047,121
1046,448
1045,641
5365,114
5368,3252
5369,43
1681,150
1680,1453
1685,2
1687,1
1686,105
1689,7
1688,232
4303,2034
4302,884
1269,176
4300,119
4307,39
4306,107
669,3468
668,1492
667,89
666,29
1261,282
664,820
1267,1739
662,483
1265,1330
660,23
1911,420
1242,650
2442,14
3286,626
2984,176
3285,174
3538,557
3128,2
3284,169
4595,21
3122,17
3123,837
3120,379
3121,130
3124,1511
3125,1118
1697,133
421,9
1469,3
1468,1720
1465,22
8,7322
1467,425
3280,1662
1461,126
1460,15
1463,56
1462,6
1317,351
1316,1335
1315,12
1314,948
1313,232
2139,2
1311,1
1310,10
1319,6
1318,536
5791,2
5751,357
5750,305
5757,50
5755,27
4238,122
4237,1044
4236,237
4235,1365
4234,61
4233,207
4232,2746
4231,102
3448,175
5591,1354
5590,6781
5593,208
5595,2157
5594,1364
5597,9
5596,9
5599,40
5598,25
861,138
860,57
3948,800
3949,720
319,1113
318,259
3403,19
3274,1057
3940,598
3941,151
3942,87
3943,176
3944,1090
316,38
315,169
314,24
3299,9
5168,26
3443,141
1618,864
1520,8
4364,14
2756,51
4129,1996
4128,15
5342,2
2757,864
4123,593
4122,617
4121,15
4120,2227
4127,598
4126,73
4125,881
1335,69
2027,30
5688,14
5684,63
5681,76
441,203
5683,11
2753,110
2323,43
440,348
2750,41
2322,199
948,13
2751,85
4604,63
4705,1304
3357,2
5195,128
2696,16
4703,2117
1997,53
2326,46
4057,2095
4056,109
4055,1433
4054,426
4053,848
4052,912
4051,224
4687,13
2324,373
2908,16
4059,1226
4058,978
1617,540
5978,1225
5674,378
5971,2
2759,93
5977,3137
5976,10
5975,39
5974,154
3610,165
3611,119
2299,1558
3613,47
3614,9
3615,241
3616,279
3618,56
2292,7
2297,617
2295,33
2294,584
1887,7
5678,137
5679,45
2982,80
3406,1
2569,3418
2568,13
4357,9
2561,260
2560,2098
2563,954
2562,100
2565,469
5196,19
2567,42
2566,3188
3845,2
1521,4
2369,86
2368,4368
2366,336
5776,19
2362,9647
2361,54
2360,1508
2587,1802
5028,336
2585,10
2584,17
2583,324
2582,444
5190,152
5021,339
5020,29
5022,14
402,13
2589,4747
5026,632
1861,598
4441,30
1863,276
1862,448
1865,35
1864,105
1867,169
1866,32
1869,1375
4449,2171
3726,1007
3727,38
4490,379
3722,28
964,628
4931,136
4684,304
4933,25
4934,390
961,344
4936,415
963,209
4938,1212
4939,1095
968,73
4688,133
4689,200
2109,895
2108,812
6059,1890
6058,22
5576,22
6054,98
2101,322
6056,450
6051,1236
6050,6525
6053,1322
6052,141
5115,477
5114,2861
1354,6
5574,240
2639,104
2638,238
5113,131
5112,449
2635,39
2634,2086
2637,336
2636,307
2631,344
2630,915
1245,17
2632,346
1717,91
5403,32
565,4
3527,22
3438,290
641,155
1611,52
640,610
876,30
3431,39
874,215
3433,25
872,198
3090,640
3436,292
3437,956
2741,462
2036,4979
2035,8047
3091,1219
2745,242
4597,84
2031,9
2746,893
4844,884
1533,285
4846,1936
4847,13
4840,510
4841,13
2039,4454
1244,119
890,12
891,6
892,158
893,187
894,306
895,2964
896,3178
897,4668
898,20
899,522
1246,2195
3651,479
1715,86
5201,433
5203,9
5202,93
5205,34
5207,40
1248,139
5208,580
5193,373
5198,103
3544,345
3545,14
3546,148
3547,524
3540,1111
3541,268
3543,192
3235,129
3548,87
3549,199
5400,944
1964,526
430,25
5194,125
1966,1231
5182,948
1788,22
2964,29
2966,23
2960,45
4440,75
2962,347
1780,444
5191,4916
1782,2027
761,594
1784,1437
1785,2177
1786,1658
1787,41
3049,414
3048,50
1962,84
3041,53
3040,145
3043,194
5192,787
3045,312
3645,2933
3046,638
1430,47
5379,2358
1078,408
1079,908
5375,94
1535,3615
5377,3267
1075,87
1072,821
5370,1304
1070,409
1071,154
1678,709
1679,160
3804,21
1675,719
1676,616
1677,1
1094,508
1095,3
1096,357
1097,108
1090,163
1091,668
1092,2389
1093,294
674,485
675,42
676,2621
4335,1379
670,2369
1099,494
4330,2317
673,1362
3135,340
3134,2344
3137,408
3136,609
3131,378
3130,664
3133,230
3139,495
1534,3471
3396,2
1718,36
933,56
1915,8
1622,14
1418,172
1419,67
1410,1332
1411,90
1412,56
1413,68
1414,3
1415,13
1416,11
1417,277
1322,69
1323,1590
1320,146
1321,1318
1327,157
1324,153
1325,49
2495,228
1328,762
1621,225
2494,7
4209,367
4644,12
5768,599
5769,386
4202,78
5767,4
5764,1266
2496,1124
5762,94
5763,368
4204,70
4205,3
1531,131
1917,6
5569,12
4445,14
5564,733
5565,382
5566,2424
5181,1461
5560,924
5561,334
5562,6
5563,730
1256,11
1525,462
1526,24
1527,2395
1252,82
1253,24
1250,1076
1251,590
1528,2089
1529,2883
1258,361
1530,892
309,659
3959,158
3958,63
300,151
3952,251
3951,2094
303,230
304,1
305,59
306,166
3954,217
4116,4538
4117,10751
4114,7
4115,5486
4112,154
4113,578
4110,6
4111,2378
4118,382
4119,607
2254,36
1626,1
4908,96
2978,381
74,507
4448,225
2477,1034
5184,15
2476,3
988,32
2972,1
5013,45
3057,23
3341,127
4062,104
4063,328
4060,1112
4061,459
5942,910
5943,3153
5940,13
5941,997
4069,364
732,11
5948,687
5949,290
5784,134
5785,480
5786,28
5787,77
5780,21
2974,10
5782,358
5150,169
78,32
5788,158
5153,694
5856,20
3603,33
1043,3100
3601,65
5152,315
3607,3
3606,1871
3604,14
986,238
3609,1527
3608,723
1041,11
987,11
2698,1
5038,7
5469,75
5157,916
5366,1
2478,26
4435,26
5367,527
1897,87
3891,6
6118,669
5364,582
1489,1
6114,1070
6115,1446
6116,1036
1044,34
6110,132
6111,534
6112,138
6113,554
2358,4520
2359,142
2352,76
2353,1130
2350,226
3895,1379
2356,2780
2355,6
1048,125
1488,3
5447,6
4453,227
4451,113
4450,57
4457,1032
1899,443
4455,521
4454,156
3737,44
3736,3935
3735,143
3734,696
1890,92
1891,55
1892,50
3730,498
2136,572
4922,49
2134,701
2135,217
4695,822
4694,1147
4925,362
2131,562
5415,236
953,101
4928,31
955,644
954,231
2138,542
956,1413
6020,98
6021,49
477,6
6025,19
6026,64
6027,44
2648,1756
5161,52
5163,858
5164,2094
5165,124
2784,1382
2640,251
5169,546
2642,169
2643,231
2644,2
2645,50
2646,173
2647,10080
4803,2170
1441,8
2781,17
3900,1156
4527,34
3429,103
3428,391
4806,2594
3423,1
3422,212
3421,38
4418,26
3427,4084
3425,319
3424,55
2002,2
2003,26
2000,2142
2001,1041
4589,92
4588,398
2004,97
2005,1326
4857,1066
4584,110
2008,221
4854,277
4853,783
4415,166
4851,203
4850,1851
4414,103
4413,27
4301,1
1268,5
4411,383
3026,71
2100,6
1147,9
3556,29
5765,14
3554,20
3553,130
3552,268
3551,1
3550,644
2491,6
4304,28
2170,44
3558,26
1263,279
2171,948
1262,6
919,19
504,2
4309,5
2177,7
2911,318
2912,1000
1798,34
2914,2060
2174,1552
719,938
718,6
1793,502
1792,2176
715,110
714,22
1797,196
1796,346
1795,1800
1794,1489
915,51
661,421
2106,780
5955,180
1524,51
4965,51
1906,149
5954,18
5308,1020
1068,18
4964,204
5300,42
5301,34
5302,362
5303,48
1065,104
1064,1166
1067,125
5307,417
4390,68
4526,39
1669,1
1668,25
1667,2
1907,26
1662,266
1661,265
1660,3772
4329,2212
590,22
1085,301
1084,1
595,1025
1082,225
596,4444
599,5495
4320,530
4324,145
4326,12
3140,5957
3141,14
3142,208
3143,2458
3144,793
3145,66
3146,217
3147,132
2824,359
2825,5
2826,10
2820,102
2821,225
2822,16
2823,1273
3386,2585
3387,100
3384,16
5417,215
3382,907
5411,64
5412,60
5413,1992
2603,19
5418,188
5795,12
3388,366
3389,3044
1409,117
1408,105
5410,2
1403,836
3962,34
1401,805
1400,3047
1407,11
1406,560
1405,1
1404,2
5344,42
449,1988
448,372
1339,358
1338,374
3198,1
443,77
442,2
1337,279
1336,545
4219,3
1330,34
445,1098
444,62
5779,1406
5778,9
3129,16
4947,91
4623,131
5771,73
696,426
5773,162
5772,146
5775,95
5774,475
5777,10
697,766
3261,3
39,32
1492,2
694,177
5578,45
33,11
32,780
31,11
30,389
37,1082
5572,1553
5571,50
5570,56
1241,709
1240,1414
643,2494
642,823
645,1289
1532,2866
647,455
646,711
649,27
648,643
3098,134
3969,206
1027,1356
1539,88
1538,49
5522,3
1493,40
339,64
338,2460
335,1086
334,863
337,769
336,983
331,564
330,1082
333,1101
332,4342
4101,8164
4100,678
4102,430
4105,22
4107,4725
4106,2080
4108,5
5347,2637
3967,83
1938,1
3694,71
1523,6
1901,35
3898,2
3899,5431
4907,3
1634,78
3892,436
3893,190
3890,275
5123,49
3896,7
3894,1223
2118,449
847,146
5024,1
3417,338
3465,14
2063,374
1635,18
1464,38
843,35
4685,4
1496,24
2119,114
3462,1824
1353,686
5950,39
5952,88
4079,44
3461,1607
5957,8
5956,61
5959,5
5958,41
4946,85
3460,43
4071,395
4073,39
4072,1
3966,26
2064,142
3964,176
1636,1194
5793,1509
5792,61
3960,158
3961,585
5081,21
5799,234
5798,55
4305,146
3435,3
774,7
3639,368
3636,58
3637,94
3634,3966
3635,134
3632,30
3630,3796
3631,2731
5547,29
1454,4
3469,85
4610,165
5084,271
1351,462
236,136
2345,93
2344,6
2347,220
4612,1068
2341,191
2340,1269
6109,1737
2342,574
6107,149
6106,540
6105,3508
2349,115
5907,158
6101,703
6100,970
4899,199
1350,18
2594,20
3372,79
2067,22
3708,23
2346,1402
4468,1303
4469,565
3702,95
4467,42
3700,2722
4465,493
1883,19
3707,725
4460,445
4461,814
2121,121
2120,604
2123,913
3194,846
2125,43
2124,1654
2127,52
4919,36
4916,442
947,102
944,303
945,160
4912,461
4913,1540
4910,2233
4911,1362
6039,436
6038,104
2348,38
2564,89
6032,71
6031,95
6030,28
67,350
6036,240
1594,17
6034,40
5173,491
5172,1225
5171,734
2658,657
5177,43
5176,120
3204,112
830,50
2653,4
2652,2198
2651,154
5178,969
2657,1347
2656,183
2654,6
3416,90
132,6369
3414,2223
130,1033
137,65
3413,777
135,60
134,3281
5185,117
4371,93
1597,58
5759,1
3418,97
5348,52
2694,48
707,1
4868,1611
2019,3914
2018,332
2015,299
2014,12
2017,524
4230,13
4867,165
4864,37
4865,1122
3965,60
5277,13
1937,50
5008,1
1591,58
2488,29
183,1205
3562,15
3563,121
3561,4
3566,693
3567,1278
3564,1242
3565,3770
3568,302
3569,55
511,31
4484,54
4485,128
4486,1
4480,8
4481,1
4482,1511
4483,342
1466,1
4489,1049
2903,114
2902,149
2900,114
708,137
2906,6
2904,648
704,122
705,38
510,25
700,54
701,62
3260,364
703,115
3037,74
609,428
89,24
1593,22
2486,576
82,151
80,2488
81,1571
84,783
85,7
5319,25
4891,188
5313,1413
5312,300
5310,3592
3217,106
5316,25
5315,1
5314,435
1659,407
2487,31
1652,90
1656,7
1657,10
1654,120
1655,16
586,555
1630,271
584,60
585,325
4890,52
583,5
1987,82
1772,176
3216,225
588,5
589,2
3151,285
1633,1072
3157,20
3156,147
1385,2
2837,4
3210,6211
3159,148
2834,16
2833,1
1348,492
1983,1105
1436,3142
5406,175
3393,769
5404,403
3395,229
1433,449
5401,408
1431,761
3398,876
1637,1885
4333,40
1438,1478
1439,96
1260,265
612,194
4506,58
1730,85
2308,66
1349,334
4260,1301
4261,742
4262,477
4263,662
4264,20
1889,4
4266,873
4267,113
450,5367
451,5162
452,10776
453,349
1344,800
455,1343
456,522
1347,2419
185,89
5236,185
1886,155
5615,15
5237,91
4464,1058
766,14
5548,900
3701,449
3263,163
5543,610
5540,147
5541,78
5546,100
2483,11
4463,21
1502,30
657,802
1500,87
1501,33
3089,49
1507,1445
1504,330
651,581
3085,284
3084,32
1508,205
3086,196
3081,61
3080,118
658,46
3082,315
310,88
4893,1
833,4
5890,213
5891,452
5892,90
5893,157
5894,280
5895,130
5896,186
5897,53
5898,126
5899,20
3947,28
3439,105
1885,215
3884,259
3887,6
3886,81
3881,1
4918,320
3882,119
1264,1
2481,72
949,366
2129,1824
2484,19
4935,1421
4914,186
4915,3
4696,16
831,283
54,18
942,709
943,968
5151,233
750,218
940,25
941,1455
4762,87
4008,215
4009,59
4860,1243
2873,112
4005,409
4006,333
4007,6
3971,54
3970,5004
3973,54
3972,2668
326,851
327,114
3977,360
325,534
3979,10
328,115
329,836
1904,2
3629,1322
3628,342
3294,16
3620,13
3623,23
3622,1377
3625,556
3627,5
3626,5
4281,270
4714,2928
2331,1537
4710,98
4711,50
4712,71
4713,1507
2338,1335
6133,70
6130,28
4285,4
4718,763
4719,10
2339,13
6135,77
3073,9
1880,66
2958,298
2535,510
2010,16
2959,1
3715,363
3714,60
4289,4
3711,168
946,114
1592,10
3719,76
4479,1220
4478,1766
5170,27
4766,15
3251,114
3079,61
4471,1174
4470,1512
4473,168
4472,84
4475,85
4474,145
4476,45
4909,10
6007,18
6004,12
6002,1
5175,856
6000,436
6001,2482
4901,405
4676,180
4903,96
2485,3304
4673,362
4672,322
2480,451
4670,470
914,226
2248,15
2249,3225
2244,150
2245,21
2246,60
2247,8
2240,3
2241,183
2242,96
2243,950
995,152
994,6841
997,2532
2467,446
2460,23
2461,370
2462,285
5149,332
5146,333
5147,39
5144,423
5145,8
5402,1908
998,420
5140,1308
5141,1089
3401,49
3400,398
122,22
123,85
3405,151
3404,379
3407,1801
127,90
128,93
129,145
1020,46
133,79
1136,20
4871,60
1188,15
3501,217
5018,119
5343,387
131,459
2068,1
5425,217
2798,618
3415,2
5424,91
2792,98
2061,221
2790,21
2791,85
2796,272
1184,109
2795,256
3410,3
1182,72
3411,109
3255,20
5349,21
3641,7
1180,635
5061,1
5422,35
5098,3436
5099,4240
5071,440
3579,282
3578,2689
5455,96
3575,71
5091,146
3577,599
3576,778
5094,158
5095,38
5096,585
5097,1151
4496,6
4495,52
2665,329
2662,624
2663,284
2660,87
2661,266
722,644
4499,14
4498,12
2431,2
2938,905
2939,352
2936,2738
2937,370
4855,81
2932,115
2930,521
2931,519
5326,402
5327,11
5325,64
5322,338
5320,3
5321,488
1836,2260
231,48
5328,1828
5329,1058
1645,121
1647,96
1646,189
1641,51
1640,250
1642,916
1649,1529
728,7
729,53
5251,58
3797,12
2013,83
2012,2
1732,11
3796,924
887,5
1165,116
4428,2
570,149
4229,5122
607,154
574,37
2808,681
2809,389
2161,186
3169,1337
3166,18
2803,63
2801,3
2806,494
600,45
5432,70
2154,1971
5430,1545
5431,1604
3368,523
4248,1004
1427,4
4980,1218
3364,43
1428,1167
5438,45
3367,39
2156,55
3362,150
3363,2
730,55
733,18
2405,95
735,9654
734,16
737,120
2402,115
3390,122
2403,47
4273,318
4272,3204
4271,727
4270,685
4277,828
4276,24
4275,77
4274,86
465,234
464,106
467,3529
466,226
461,1073
463,743
462,440
5555,96
5554,2508
5556,482
5553,1529
5552,148
4800,42
5559,142
5558,2920
2016,302
712,12
5694,407
936,22
1518,180
1515,902
1514,8
1517,2
2007,83
1511,364
1510,82
1513,5
1512,94
959,5
4225,281
4886,48
5883,1371
5882,99
5881,7
5880,216
5887,919
5886,400
5885,555
5640,1533
4859,931
5889,359
5888,102
958,74
5770,78
3184,16
3185,4
3186,57
3187,175
3180,2647
3181,498
3182,635
1024,1
3188,376
3189,2
5875,15
3397,1304
582,1
5972,16
5754,155
4018,16
4661,1180
4012,1138
4011,2706
4010,316
4017,61
4016,917
4014,735
357,49
4904,20
355,694
3988,1722
3989,747
3984,254
3985,77
3986,949
3981,97
3982,77
3983,69
3612,300
43,221
6125,244
6124,550
6127,1550
6126,925
6121,146
6120,11
6123,6
6122,242
6128,3
4707,58
4706,2352
2321,521
4704,2884
2327,240
4702,563
5053,270
1110,412
2329,132
2328,2
1113,430
4709,987
4708,64
289,1576
288,373
1112,87
3619,4
281,54
280,409
283,215
282,244
285,238
284,149
287,395
1114,211
3760,276
3761,255
3763,218
3764,29
3765,3
3766,792
3767,95
3768,119
3769,148
1116,88
263,128
262,250
261,7
267,163
266,160
265,189
264,107
286,480
269,3403
268,684
6011,301
6010,1
6013,108
1291,14
6015,213
6014,2
1215,29
6016,728
6019,1317
2490,1890
2493,2
2492,1287
4646,142
2192,1
2497,2503
4645,1152
4424,45
259,270
1294,1374
2259,356
2258,384
2257,1360
2256,632
2255,118
1295,339
2253,306
2252,3
2251,93
2250,474
5159,703
5158,19
2475,825
2474,114
2473,11
2196,5
2470,476
982,192
983,19
980,85
2197,762
5155,5210
5154,374
2479,2564
985,1204
252,1300
117,46
2137,25
111,465
110,1882
113,206
112,2125
119,168
4691,279
3432,26
2785,1645
4801,2100
4802,994
2786,1578
4804,551
4805,2318
2783,148
4807,10
3269,107
4809,1
2788,45
2079,2129
2078,7156
1716,29
2073,1675
2072,6
2071,15
2076,12
2075,182
2074,992
952,398
4969,1898
4363,20
1590,1
3508,61
3509,62
5089,317
5088,10
3500,4
5082,58
3502,310
3503,159
3504,194
3505,81
3506,106
3507,207
2060,207
2675,9
2674,29
2677,180
2676,226
160,40
2678,92
6103,127
52,28
2056,202
2929,3100
2928,1581
2921,1303
2920,1099
2924,144
2927,5
2926,33
5330,7
5333,2060
5332,1435
3685,199
5337,13
5339,4
6102,328
1986,4555
3215,3916
1984,3292
1985,3239
1982,1372
3211,1426
1980,52
1981,406
483,120
3218,27
3219,46
1988,66
1989,62
3222,78
2817,259
2816,1024
2811,128
2810,51
2812,234
560,14
561,11
562,28
563,7
2819,153
2818,1730
567,306
5069,70
3178,1529
5255,44
3171,145
3170,45
3173,999
3172,16
3175,208
3177,135
5086,28
4894,20
1483,69
2364,5
5429,1064
5428,78
3379,140
3378,522
3377,2758
1187,2237
3375,222
3374,240
3373,278
1183,168
3371,93
1181,32
726,109
727,73
724,32
725,161
1748,626
723,2098
720,61
721,363
1744,96
1745,49
1746,86
1747,363
1741,296
1742,149
1743,690
1164,24
5029,2568
1166,98
5637,772
1160,259
1162,416
4249,227
4246,25
4247,1623
4244,454
1484,1936
4242,13
1169,10379
4240,169
4241,24
5520,344
5521,971
6057,5
5523,715
5524,118
5525,259
5526,461
5527,1177
5528,105
5529,52
5633,58
5496,40
1366,159
5497,29
48,557
49,2221
46,733
47,1340
5156,3
470,361
40,72
41,25
1568,3601
1569,38
1298,13
1365,180
3300,8
4021,135
1561,575
5493,53
2422,2
1566,361
1567,514
5252,218
1360,145
5253,507
591,153
3190,15
795,1236
2425,7
613,42
794,351
5027,951
5118,1
3092,2
793,269
2588,26
792,152
4398,100
4399,29
5639,1686
1860,5
5634,194
4391,469
4392,120
4393,452
5630,275
4395,3
5632,157
4397,8
472,523
1367,340
1364,137
471,160
1362,627
3192,77
474,177
2787,107
4444,465
478,130
479,1159
1719,29
1368,13
1369,162
