5259,215
2511,3
4446,7
2719,65
3734,582
4447,1031
965,15
4026,134
4027,1416
4024,673
4025,2057
4022,14
4023,62
4449,1786
3798,13
4436,41
4028,11
4029,262
3383,25
5988,128
5989,1943
5982,370
5981,72
5986,72
966,18
5984,548
344,2
3570,4
340,272
341,25
342,255
3998,94
3997,143
3996,983
3995,236
3994,66
348,370
3992,99
3991,127
3990,58
4686,414
4844,701
4687,17
4416,45
967,1
4932,87
4933,23
5373,49
2919,58
3325,6
4683,52
4732,715
5970,56
4904,16
4736,2325
4737,143
2318,603
2319,2457
2316,5156
2317,273
4738,1465
2315,67
2312,150
2313,70
2310,1
2783,102
5854,3
4527,11
5856,18
5857,6
5850,2
298,36
5853,2564
3237,4
294,36
292,406
3681,128
290,29
291,117
3773,179
802,3
3771,39
4832,41
3776,303
3775,96
3774,97
2147,74
4021,58
4834,22
270,165
4654,810
272,1610
4656,998
4651,842
275,124
276,32
4652,7
278,1
279,8
4836,212
4659,3
4658,337
4413,17
58,313
581,1
3446,46
2269,123
2132,1
2262,188
2263,181
2260,1203
2261,501
2266,47
2264,125
5789,5
2443,1
2446,2037
2447,25273
2444,833
2445,2636
1137,153
2448,455
2449,31
1136,25
108,830
109,247
6054,31
103,41
5486,189
106,49
107,1067
104,2
105,90
2046,1539
4812,525
4811,515
4810,117
4817,726
2043,10268
2040,5128
2041,861
2107,132
4819,2329
4818,1012
2048,110
2106,634
1212,642
2105,58
2104,234
2993,44
1086,50
5987,1
4031,42
1060,5
5116,71
5484,106
2836,37
2639,66
2835,20
2142,203
3519,51
3518,67
5298,85
3513,123
3512,77
5299,321
1210,128
3516,108
3515,17
3514,1208
1420,29
5483,38
2831,3
5297,36
2684,880
2685,46
2686,90
2687,721
2680,1301
2681,59
2682,775
2683,984
3391,1
5675,1
1437,154
5119,79
343,253
3393,521
5118,1
99,23
5482,36
1435,18
4937,19
91,24
3395,163
94,837
5402,1795
1623,342
3206,124
3205,323
5181,1221
1995,1327
1994,202
3201,453
1996,2641
1999,97
3993,384
1629,750
5189,902
3209,6
3208,2331
6013,122
3535,3
1293,11
3534,72
2863,533
2864,452
2865,328
2866,880
2867,32
2868,430
2869,148
551,83
550,1181
553,188
552,25
5054,99
1438,1703
5055,643
1439,64
5458,262
1198,108
3348,1175
3349,3943
1191,2340
1190,1503
1193,567
1192,70
1195,382
1194,72
3344,93
3345,368
1758,64
1756,1921
1755,558
1754,774
1753,1063
1752,279
1751,544
1750,768
4259,310
4258,2397
1175,798
1174,192
1173,1069
1172,329
1171,4843
1170,6449
4251,1036
4250,202
4253,1
4252,363
4255,2196
4254,140
1179,98
1178,237
5533,1390
5532,679
5531,605
5530,211
5537,16
5536,166
5535,75
5534,1428
5539,362
5538,45
1005,520
644,419
1811,3
1285,515
1287,903
1004,368
1281,97
1280,82
1282,1935
515,22
879,399
404,14
3668,561
3430,6
1579,1768
1578,4491
689,70
1001,111
1872,5
3431,23
685,1609
684,262
687,1240
1570,456
1577,32
3432,25
683,82
682,609
458,584
875,2
5467,95
1349,215
3434,11
873,53
870,47
871,98
1888,44
4592,87
4389,10
5629,45
2740,40
4383,185
5626,491
4381,125
4380,1516
2035,8669
4385,24
4384,83
407,2120
1370,1140
405,33
1372,60
1374,9
1341,47
1379,344
4848,2787
6096,39
1342,99
409,1620
408,7363
3834,196
3835,804
3836,8
3837,241
1910,33
3831,4855
3832,1518
3833,355
1344,1214
2030,9601
3838,10
3839,3238
1345,25
5995,751
4030,823
5996,91
4035,39
5990,99
5993,2153
5992,1859
4038,202
457,738
5999,9
5998,136
977,31
3569,38
4734,445
4735,19
3453,323
379,111
378,1359
371,8
373,16
4843,34
2314,48
377,1901
376,140
2343,19
1244,98
5107,249
5664,1262
393,18
392,7
391,8
390,35
397,1432
396,8067
395,450
394,911
6007,28
398,2641
3790,38
2309,2724
1247,2161
4344,4
2195,93
4728,472
5855,24
2301,517
2300,886
4727,738
4726,683
2305,146
2304,28
4723,32
2306,69
5847,45
5846,3
5845,1892
5844,458
5842,59
5841,1972
5840,202
3592,376
5849,79
1246,1517
5852,33
3749,2
3746,3
3203,776
299,38
3742,395
3743,404
3740,2
3741,265
245,2505
4621,128
247,5734
246,5275
4624,1101
240,39
243,6
242,131
4628,3
2336,1
3591,1
249,69
248,991
2275,690
2274,6
5916,58
2271,704
2270,154
2273,348
2272,620
5858,5
2279,873
2278,1799
293,92
972,163
4981,1008
1846,151
2232,17
264,100
2455,18
2454,1649
2456,2518
2451,50
2453,92
2452,3
3770,9
5208,233
176,333
175,762
174,79
173,496
172,1227
170,1247
2051,80
2050,365
2053,13
2052,19
2055,32
2054,169
2057,46
4829,1458
2059,146
4827,44
3692,171
3693,211
4822,385
3695,1758
3696,72
4533,278
813,879
2156,50
3596,37
3089,29
1507,888
1879,56
1110,476
3778,37
2769,16
1505,89
4402,536
3526,27
3527,11
5149,232
3525,45
3522,55
3523,41
3521,23
1508,135
3528,15
3529,2
4655,7
1509,523
271,61
5738,31
4657,175
3080,186
3594,13
3225,41
273,50
658,47
1976,2840
274,949
2695,263
2694,77
2693,46
2692,17
2691,4
2690,419
2405,98
1602,27
4653,7
1605,33
277,225
3220,147
3223,236
4557,608
2654,2
1606,812
3232,424
3233,72
5490,163
2133,3
1968,1033
5198,149
1618,665
1619,609
1616,9903
1617,540
5197,395
1615,2217
5191,3103
1613,795
1610,1752
1963,2729
65,8
714,10
1620,2277
2872,1214
2871,403
2870,94
2877,901
2876,523
2875,224
2542,14
2153,38
2879,3864
2878,1589
4632,22
3355,12
3354,131
3357,3
3351,2082
3350,2634
3353,3
3352,4605
3358,1
3781,44
5448,494
3745,9
5443,537
5442,22
5441,17
5440,236
5602,8
5446,284
5444,477
1768,1378
1762,33
1763,31
1760,18
1761,24
1766,73
1767,469
1764,70
1765,88
1140,162
224,775
4988,57
2964,28
2966,9
5505,4
5502,13
5503,41
5500,21
1547,1077
1544,135
691,222
1542,442
1543,177
694,128
1541,509
698,130
699,12
1548,798
1549,2141
762,4
2382,24
546,57
547,4
1781,142
3784,146
548,789
549,3
760,328
2483,3
1783,191
400,127
4530,441
2969,62
2386,408
2064,53
1785,2343
1627,6
5137,108
2649,12
4531,283
3321,33
5612,7
5611,380
5474,65
5614,378
5615,2
415,856
416,2
417,64
1388,2068
1389,91
412,3
18,195
1384,97
5472,8
1386,66
1387,35
1380,1152
1381,2749
1382,580
1383,2329
3827,10
3580,41
3825,633
4532,78
5470,20
3821,1
5002,25
3582,31
3829,563
3828,276
5000,190
1177,12
1254,11
5007,51
4282,1173
4280,1196
3042,19
4286,166
4284,56
4285,11
4288,132
5004,22
2403,66
2099,8
3044,132
2207,3
368,93
2762,18
366,859
367,4
364,11
365,2
362,13
363,87
3214,15
5274,40
5008,2
5460,306
1774,2090
1368,10
2098,343
380,659
382,424
383,36
4985,15
385,6
387,177
388,743
389,455
1770,17
4758,424
4759,364
5272,11
4750,115
4751,34
4752,53
4753,261
4755,6
4757,26
5872,1592
5873,1608
5871,1824
5876,316
5877,2485
5874,6
5875,15
5878,45
5879,102
2045,198
1074,4
3759,58
5376,5
4664,13
3751,301
5278,57
3753,2010
3755,49
3754,59
3756,17
2190,4
2191,45
258,2408
2193,38
2194,147
4636,1599
4635,38
2197,676
252,1115
253,752
250,584
4638,599
256,117
257,45
254,475
255,365
2200,869
2201,94
2202,2981
2203,537
2204,245
2205,3505
2206,270
901,50
2209,65
476,6
680,1
2429,3001
2047,398
2420,432
1446,19
2422,1
2423,79
2424,122
2044,219
2426,1629
2641,481
2791,52
168,161
169,579
165,437
167,188
160,26
161,687
162,104
163,3
4839,407
4838,118
3688,19
3583,13
4528,40
3683,294
4526,25
4833,906
3680,881
4835,46
4522,357
4521,723
4520,2
1343,27
3461,1901
4762,54
2518,54
2519,151
1980,52
2514,5
2517,115
4660,99
2512,2
2513,182
2734,8
2735,44
2736,1
4421,5
2730,43
2731,1225
2732,529
2733,2223
5296,735
1847,966
5294,40
5295,265
5292,20
5293,367
5290,350
5291,210
3531,863
4722,1
3533,196
3532,754
5058,930
5059,1717
3537,65
3536,74
3539,20
3538,340
5056,769
5057,1257
5050,125
5051,56
5052,1623
1158,237
1814,558
1815,21
1816,80
1810,312
4338,18
1812,4
1813,2911
1093,285
1818,1001
1819,6
1107,31
3179,18
4959,5
5468,130
3378,547
2169,373
4334,1053
4995,19
677,36
5469,65
1098,779
1087,68
671,502
4476,86
672,229
4663,133
2401,340
4331,9
2167,29
1609,11
1608,797
2166,2
1979,23
1978,16
1601,292
3224,654
1975,378
1974,1233
1973,10600
1972,1675
1971,1132
1970,1873
809,67
808,31
803,4
908,28
801,5
800,4
807,269
2349,47
4405,52
2846,5
2844,44
2843,16
2841,10
5477,177
3322,235
3323,1296
3324,36
5473,51
3326,3
3327,8
3328,57
3329,1708
1775,648
5275,854
5276,149
1776,197
5270,216
5271,454
1773,18
1772,170
1779,80
320,709
321,231
1990,25
326,676
1159,132
3977,263
1550,385
1157,519
3976,92
1150,952
5519,431
5518,360
3038,30
146,15
3277,15
5801,147
5517,6
1554,582
2999,30
59,3036
3039,51
3034,133
3035,117
57,834
56,3921
3030,245
2995,1558
3032,1316
3033,1070
54,6
2992,18
781,1
3299,13
3694,60
3037,76
1908,175
2771,1
2994,9
1909,10
3031,598
5605,488
5604,140
5607,32
5606,289
5601,98
2996,431
5603,60
3295,513
2997,47
5609,177
1904,8
3724,17
4690,210
3297,255
1419,49
1902,22
3291,36
429,2546
428,1631
5131,799
1399,1797
1398,163
1397,175
420,75
1395,130
1901,23
425,6
424,11
1391,109
426,17
3812,45
3813,187
3810,5
3811,30
3816,54
4608,2
3815,246
3818,280
3819,884
5124,148
856,175
1600,486
857,471
3627,1
3456,138
4692,7
851,20
865,70
4299,56
4298,19
4294,303
4297,67
3455,157
4291,113
4290,97
4293,3
4292,102
1503,181
1841,2531
3510,65
3517,14
2199,38
2776,14
1165,79
4749,8
4748,291
1425,6
4743,981
4742,789
4741,4
4740,327
4747,587
4746,26
4745,375
4744,8
2970,3
5869,725
5868,139
5864,1437
5867,207
5866,7
5861,554
5860,269
5863,99
5862,198
2330,148
1424,221
4715,444
5350,577
2183,1071
2182,1271
2181,217
2180,3565
4696,11
229,4
2184,76
227,307
4607,426
2189,329
2188,775
4602,52
2178,22
221,3
220,42
2213,51
2212,7
2211,44
2210,238
2217,15
2216,117
2214,156
2219,62
2218,386
1845,295
5431,1271
2339,10
5600,112
151,245
150,195
153,150
2438,527
154,501
156,30
159,61
158,59
2977,41
2430,438
2437,155
2436,875
2435,165
4719,20
976,12
5123,15
123,106
4519,198
1576,2
4512,106
4510,30
4511,54
4516,18
4517,258
4514,491
4515,2238
1359,7
2509,6
2507,2
2506,4
2505,5
2503,23
2502,6
2501,28
374,45
124,158
2726,8
2723,513
2722,19
2721,56
2720,21
5280,1728
5283,603
5285,382
5284,343
2729,1010
5286,25
1712,135
1163,10
5049,72
5048,1483
5047,654
5046,856
5042,193
5041,249
5040,20
3782,276
3783,341
1805,238
1804,147
3786,300
3787,29
1801,336
3785,116
3788,4565
3789,787
1809,16
1808,185
4994,401
4943,4
4992,261
4993,901
4990,15
4991,8
2537,47
4998,946
4999,48
5,2491
5340,1
90,102
3258,11
3259,247
1948,221
690,9
2176,11
1257,135
1942,107
1943,716
1940,395
1941,1138
3254,149
1947,252
3256,199
819,1
1255,1
810,13
811,1
812,198
96,416
814,980
815,276
816,53
817,429
1991,822
5183,89
1358,172
5096,737
5180,640
3192,62
1490,2940
3332,159
3331,124
3330,948
5465,18
3336,2959
3335,892
3334,7785
1498,37
1499,271
3339,663
3338,245
423,247
5187,837
1700,97
1701,54
1702,3
1703,1002
1704,850
1625,524
5261,1110
1707,29
1709,49
1624,1664
5269,572
5268,864
4573,100
427,5
1998,213
3658,76
2975,6
237,300
5188,28
3387,66
1128,18
472,307
4576,5785
1121,3
1122,160
2092,1074
1125,4
1127,30
3654,2289
184,3
4579,592
313,118
444,40
5437,32
2988,227
1807,55
497,372
3029,78
3028,29
2983,389
2982,49
3025,115
2980,459
3023,10
2986,42
3021,47
3020,1154
1090,117
300,98
1018,364
1019,496
312,331
695,48
1016,49
1017,149
1010,149
1011,358
1013,422
3950,205
1230,2
1231,27
1232,607
1233,6
3086,184
1238,1
5671,3
5674,363
4359,15
5676,2
5678,126
4355,190
4356,135
3954,170
4350,51
4351,6973
4352,3
4353,88
4679,114
1266,12
4901,357
438,810
439,446
436,1573
437,8965
434,147
435,763
432,173
433,239
430,13
431,43
740,6
4674,2
3809,83
3808,296
3805,57
4673,383
3807,93
3806,46
3801,3
3800,1089
3803,5
3802,1363
4671,200
473,124
559,45
2481,38
3885,11
3078,36
5709,725
5704,718
5705,88
5707,459
5700,765
1967,37
5702,58
5703,46
2706,18
3162,100
554,20
51,2
3082,192
634,34
1960,58
315,99
4776,1
4777,308
4774,32
4775,80
4772,6
4773,35
4770,380
2085,150
1434,637
3709,55
6037,67
4778,3
4779,278
4174,680
4175,83
4176,431
4399,15
4172,1
4173,112
1961,152
2265,2
2700,27
5818,16
5819,82
3060,112
3255,16
5810,771
5815,125
5816,4
5817,63
995,123
4296,3
1962,51
2703,527
4619,113
4618,240
996,16
238,1
239,165
234,172
235,1826
4613,349
4612,842
230,660
4614,84
232,1
5060,929
4731,17
226,8
993,18
2228,15
2229,1
2226,114
2227,24
2224,89
2225,156
2222,693
2223,635
2220,45
2221,34
5924,19
5925,587
5926,143
5927,63
5920,165
5921,57
5922,27
5923,517
3058,1
4837,1
5928,375
5929,102
4824,19
147,7
144,3049
145,98
142,475
143,1173
140,738
141,85
2701,9
5355,10
148,56
5143,8065
1430,79
1196,89
1053,341
4501,10
4500,566
4503,288
1054,2
4509,259
5352,409
120,519
2088,1507
2089,2097
1056,32
121,33
2082,51
2083,399
2080,117
2081,765
2087,5469
2084,413
1431,856
1537,13
3342,1899
2538,2102
2539,1258
3343,20
2532,711
2533,332
2530,698
2531,1161
2536,941
5452,32
2534,635
2535,393
2712,324
2713,1
2710,995
2711,852
2716,223
126,50
2714,167
2715,50
4238,55
5454,19
3093,2339
3347,41
128,80
5079,1949
129,106
5072,169
5073,143
5070,655
5071,432
5077,216
5074,900
5075,1714
1832,16
1833,116
3799,2607
1837,516
1834,81
1697,119
3795,11
3794,163
1838,1603
1839,1209
3791,669
349,37
3793,112
3792,106
2154,777
2155,887
4983,189
4982,1444
2150,395
4984,575
2152,3707
4986,455
4989,60
932,119
931,246
930,161
936,13
935,59
934,236
5380,1
5381,18
5382,27
5384,13
5386,31
3091,764
5388,47
5389,6
136,32
1957,625
1956,1249
1950,1
4825,12
1952,84
1829,2
1959,807
1958,24
3248,924
3096,313
3242,290
53,29
3247,471
3246,981
3245,11
3244,247
4404,83
228,14
828,399
4680,461
825,84
824,11
827,24
826,2
820,10
822,1
4925,281
3097,537
1536,54
1176,320
1821,94
1993,174
1483,81
1482,47
1481,141
619,76
1487,876
1486,1071
1485,58
1484,1429
3306,1162
5495,9
3304,61
3305,125
3302,342
3303,23
5492,1074
3301,370
5252,127
5253,392
5250,4159
1710,149
5256,300
792,77
5254,129
2146,1126
5628,34
1719,15
1992,528
4394,41
799,552
612,159
2144,10
4319,34
2143,27
2414,687
5946,22
1139,85
3051,3
5947,315
1274,4
225,261
6009,45
1135,13
1134,2
4974,689
5945,36
1276,264
921,22
4066,17
1277,210
2062,15
3018,871
3019,873
4064,1
3012,1443
3013,47
3010,75
3011,25
3016,163
3017,2612
3014,25
3015,3
519,666
518,39
4972,127
1009,143
1007,88
1006,479
513,179
4973,1081
1003,180
1002,88
517,784
1000,1548
623,160
1226,57
621,29
620,89
627,1168
626,17
625,642
624,365
629,248
628,665
3309,250
4681,447
1229,25
1228,49
5663,135
5662,333
5661,16
5660,2
5667,36
5666,1
5665,244
4348,346
5669,926
5668,1839
4343,382
4342,18
4341,26
4340,15
2882,41
2883,45
2880,443
2881,2
2886,134
2887,135
2884,23
2885,1944
23,44
2888,2
2889,189
2,104
3099,26
419,9
3878,96
3879,648
3870,240
3871,459
3872,118
3873,339
3874,54
3875,1087
3876,1002
3877,774
1286,14
4256,219
4677,1
3276,2
13,155
15,182
14,721
17,52
5718,118
5717,73
5716,156
5715,3793
5714,603
5713,4805
5712,2170
5711,236
5710,91
1923,955
3272,63
3310,1
3273,167
3904,66
3905,3
3906,2275
3907,325
3900,887
3901,106
3113,60
3027,52
3908,23
3909,3
4761,150
4760,268
3600,127
4765,143
4767,3
4766,16
4769,1399
4768,834
3193,61
4167,39
4165,632
4161,1
4160,84
4168,41
5809,1631
5808,25
5803,75
5802,15
4321,464
5800,3232
3090,604
5806,89
5804,1939
201,155
200,1040
202,148
205,125
204,373
207,689
206,28
209,3840
208,680
2745,142
830,32
679,42
1573,23
831,142
1572,31
836,21
1571,361
3471,18
2239,1186
2238,31
686,173
834,10
2231,61
2230,349
2233,298
835,199
2234,14
2237,57
2236,73
5937,1293
3575,72
5933,19
5932,38
5931,139
5930,492
1574,44
1711,280
5092,161
5939,55
5938,855
1631,14
5093,3206
2049,1838
712,15
3498,486
3499,252
3496,1584
3497,670
3494,134
3495,1067
3492,183
3493,82
3490,70
3491,1913
4570,22
2094,2827
4572,49
2096,9289
2091,86
2090,773
2093,542
4577,52
4578,1291
3655,492
3656,5
3572,100
3650,1195
3651,557
3652,807
3653,207
2525,1418
2524,617
2527,43
2526,1517
2521,135
2520,1299
2523,30
2522,26
2529,10
2528,940
222,5
4494,31
968,93
1201,16
4492,165
5065,755
5064,327
5067,2858
5066,2470
2709,97
2708,1057
675,37
4880,611
2704,1281
2707,595
4883,389
4884,48
5068,106
4886,39
2702,765
6119,2
2748,72
4408,371
2951,20
1825,268
1824,307
1827,204
1826,459
4400,1011
4401,743
1823,221
4403,144
928,49
929,375
2413,256
2412,140
4978,293
4979,324
2417,1650
2416,2186
2419,597
2418,2222
4977,385
4970,3307
4971,2171
2149,1309
4229,3536
5393,462
5392,16
5391,1348
5390,887
5397,40
5395,519
5394,9
5399,119
5398,449
4326,6
1920,7
1921,4
1922,1712
5572,1189
1924,392
1925,1574
1926,958
1927,1164
1928,2175
1929,285
3278,627
3279,249
3474,2211
3475,85
3476,113
3477,273
3470,509
837,292
3472,242
3473,563
4220,23
838,136
839,1140
3478,189
3479,96
491,19
3,28
4622,5
3068,1
1986,3411
5586,25
43,183
3319,783
3318,1322
923,300
5488,119
5487,794
20,141
5485,569
3312,1052
3315,5417
3314,1331
3317,342
3316,166
784,2729
786,307
787,71
5249,43
5248,66
782,406
783,1705
5245,3509
5244,734
1724,28
1725,99
1722,23
1723,150
5243,409
1721,584
5627,5
4382,50
2355,7
468,5
1042,7
2439,608
4386,468
60,516
3311,1076
62,254
1111,478
3001,1766
3000,1383
66,482
3002,4730
68,713
69,115
3009,477
3313,711
5635,68
3337,336
1371,827
1588,15
1589,1225
406,24
1582,103
1583,1404
1580,149
1581,42
1586,239
1373,13
1584,55
1585,48
2433,14
1038,321
1039,1456
5634,91
508,631
1982,1720
1032,128
1033,95
1030,117
1031,130
502,61
503,118
1034,309
501,53
630,169
631,1028
632,351
633,185
1216,61
1217,109
636,2581
637,2250
638,2626
639,173
1848,3
1219,965
3024,16
4378,3581
4379,2871
1983,1105
5658,676
5656,80
5657,1
5654,288
5655,308
5652,1088
5653,657
5650,314
5651,128
465,162
4831,36
2899,308
1728,1198
2895,125
2894,1149
2897,199
2896,11
2891,24
2890,16
2893,404
2892,1358
1106,86
1726,203
1104,31
1457,30
1102,436
1103,101
1452,65
1453,304
4457,264
1458,813
1459,136
464,66
4830,135
4080,23
149,2
3869,1035
5246,16
4084,82
3739,6
4087,5
3863,172
788,8
3861,290
3860,1053
3867,881
1981,319
1720,34
1895,1567
3830,64
3148,8
1896,122
1455,9
323,76
5728,43
5729,70
5720,143
5727,299
1891,42
4466,1
3731,1
3934,18
3149,3
5944,183
4903,31
3917,50
4691,241
3915,66
3912,595
3911,9
3910,2317
5631,6
4921,596
3919,18
3918,133
4920,211
4798,32
4799,418
4794,2
1575,36
4797,8
4791,7
4792,599
4926,1295
4152,300
5837,219
4150,938
5835,1102
5832,101
4697,12
5830,1724
5831,3091
4158,27
4159,18
5839,636
5459,3
5568,19
2918,722
215,373
210,46
4339,43
218,7
1355,3
920,60
957,91
6088,899
6089,134
6086,231
6084,1003
6056,450
6082,239
6083,144
6080,532
6081,49
1390,3
36,8
980,43
681,2
5903,25
5900,32
5901,55
5906,19
4,334
5904,78
5905,1088
2752,37
5908,13
5909,126
696,467
3489,145
3488,830
4368,2
3481,54
3480,595
3482,4
3485,218
3484,194
3487,39
3486,673
938,7
4567,117
4566,46
4565,170
4564,298
3647,423
3646,104
3645,2067
3643,109
3641,27
3640,2023
2550,129
3005,188
2552,515
2553,143
2554,66
2555,52
2556,816
61,150
3283,97
2559,30
3007,1
2396,1513
2397,807
2394,329
2395,756
2392,541
2393,105
2391,60
3022,3
64,2
6041,24
5206,68
2398,50
2399,89
5010,8
5011,211
5012,120
4898,35
5014,6
5015,164
5017,27
2770,468
5019,17
4891,140
2773,707
4896,24
4895,597
4135,159
4081,1
3076,5
3307,5
2803,40
984,43
1858,1299
1859,598
3281,18
4418,25
1850,477
1851,435
1852,431
4414,87
1854,1555
4412,27
1856,985
1857,1613
6064,28
2173,25
6066,69
2171,868
6060,1372
4900,57
6062,1458
4968,1476
4967,85
4966,1834
4965,53
2179,627
4963,1
6069,22
913,266
4960,16
5432,40
2606,225
2607,11
2950,26
2601,17
2602,4
2603,13
2608,13
5430,877
152,34
1933,820
1932,1116
1931,2249
1930,2053
3265,90
1936,174
3267,383
1934,3472
3269,67
5125,15
1939,1032
2728,2
5120,12
5121,74
5122,201
3369,110
3467,4609
845,1255
3464,174
3463,2912
3462,1705
841,1511
840,3139
5435,703
849,52
848,36
1632,13
1429,11
241,131
2406,165
459,90
3460,68
3367,27
4276,32
663,910
4905,56
6046,122
2407,81
1739,347
1738,195
5230,432
5231,541
5232,298
5233,682
1735,470
1734,716
5236,222
5237,68
499,201
732,1
4442,7
5776,26
753,1212
752,232
751,2
750,185
757,581
756,31
755,50
754,1428
759,37
758,356
3780,19
5260,2
3070,5734
3071,812
3072,519
3073,41
3074,50
3075,52
1593,13
3077,222
2954,52
2955,79
2956,744
2957,8
1599,51
1598,395
1802,401
5344,33
1450,145
1027,1101
1026,1413
1021,5
1020,27
1023,559
1022,1127
1036,2256
1800,3453
1029,1545
1028,1904
1037,1595
500,128
4045,39
3701,800
605,80
604,31
607,267
606,132
4361,87
4360,51
603,41
1213,736
1205,98
1204,784
1207,683
1206,978
609,462
1200,2023
5649,451
5648,44
1211,29
5457,278
5640,960
5642,1
5645,47
5644,83
5647,13
635,36
6078,1
1806,6
3109,69
3105,2
3107,453
3100,1573
3101,1376
3102,58
3103,24
1447,714
2056,160
1445,498
1444,30
1115,195
1442,706
1117,1
1440,597
4589,73
467,2782
1449,125
1448,352
4093,1938
4092,83
1350,40
4097,2
4096,760
4094,937
1357,56
4099,33
4858,7
4826,62
5735,281
5737,302
5731,5
5730,167
622,7
3704,40
4729,41
462,346
5739,1031
2008,208
480,57
4586,14
4853,757
903,6
790,3
4725,13
4724,58
1061,28
4582,17
2303,14
3922,16
3923,5
3920,551
2302,3410
3926,14
3924,3
4721,15
3928,5
3929,252
4720,1
6045,281
4789,20
4788,279
4787,46
4786,520
4785,726
4784,82
4783,156
4782,51
4781,26
4780,109
5821,163
5820,16
5823,188
5822,136
4149,8
5824,73
5827,548
5826,446
5829,360
4144,410
4143,95
5558,1769
3856,87
3854,393
3855,82
3852,392
3853,175
3850,75
3851,1844
1595,24
992,376
4375,9
3858,1825
3859,1046
3003,3
6099,1406
6098,104
5303,28
6093,129
6095,189
6097,465
2898,48
4823,416
924,59
16,39
5919,2
5918,16
5914,43
5917,2
5848,218
5911,2
5910,45
5913,26
5912,31
29,22
198,56
2465,2
195,156
194,3
197,424
196,3
3234,87
193,83
192,14
19,1
3678,7
3679,2
3672,133
3673,3145
3670,2934
3671,1035
3676,1823
3677,1924
3674,625
3448,42
2543,78
4821,19
2541,57
2540,396
2547,539
2546,53
2545,83
2544,1537
2549,399
2548,369
1456,1239
2381,7
2380,50
1105,23
2385,71
2387,366
3747,343
2389,31
2388,64
1451,26
5003,38
3581,274
5001,231
2768,90
3584,498
3585,944
3586,219
3587,51
2763,21
3589,57
2761,89
2760,20
2767,34
2766,88
2765,203
2764,142
999,1
3290,5
2007,47
902,153
4620,69
900,7
4429,334
906,41
907,1
904,44
905,11
1843,60
1842,722
4420,660
1840,4108
4426,285
4427,649
998,478
1844,1208
6076,318
4958,121
6074,32
6073,230
2168,954
6071,98
6070,35
4953,2900
4950,125
1512,52
2161,121
2160,620
4954,11
4625,810
2617,80
2616,1079
2615,17
2614,1450
2613,769
2612,388
2611,6
2610,116
1946,3
4627,92
4082,903
2618,467
3292,1600
4083,10
1944,110
5139,4719
5138,777
1906,109
5136,1157
5135,6847
1905,203
5133,48
5132,506
1900,586
3293,1368
3452,23
855,865
3450,23
3451,249
850,86
3457,953
852,82
853,24
372,46
3458,9
3459,72
858,7013
859,40
1186,311
3161,12
6,1242
4156,244
3402,31
6108,3
3555,30
2276,291
4571,5
5229,26
5228,141
5223,107
5222,101
5220,60
5226,3
5225,40
469,143
742,748
743,1767
744,297
745,1107
746,244
747,235
748,66
749,107
1799,5
2913,900
926,13
2949,406
2948,2107
2947,844
2946,856
2945,2523
2944,40
2943,44
2942,66
2941,1522
2940,809
5357,293
5356,1057
1052,899
5354,1157
5353,507
1055,172
5351,1383
5234,288
1058,55
1059,86
5359,69
5358,9
1696,40
717,996
1694,113
1695,105
1692,10
716,139
1791,211
4310,50
1279,87
618,68
4313,2162
5289,2
2042,279
4316,37
4317,707
4318,284
713,56
610,192
611,1986
616,180
617,938
614,181
615,1106
2186,2
4157,101
3008,38
711,70
2325,96
710,26
5279,16
3333,634
2377,27
4374,1
3119,264
3118,691
3117,1139
3116,145
3115,217
3114,448
4269,25
3112,15
3111,1
3110,45
1472,267
1473,380
1470,343
5462,43
1474,68
1494,20
1478,231
1479,6
1495,66
1305,28
1306,400
1307,26
1300,731
1301,982
1302,201
1303,4712
1497,287
1308,36
1309,27
5740,476
5741,586
5743,60
498,170
5745,206
5746,5
5747,163
494,411
495,325
4226,3
4227,552
490,83
4221,147
492,38
493,1205
24,279
5587,27
26,1691
5585,4
5582,331
21,181
22,17
5581,241
927,31
28,397
5235,26
5588,2
5589,308
4311,6
3599,29
5833,14
1069,1009
3598,1
3938,269
3935,45
2598,11
3937,737
3936,184
3931,1776
3930,252
3932,258
5195,65
1705,11
4138,119
4139,694
1706,568
4434,1
4131,322
4132,84
4133,286
4134,6
1874,1066
3189,6
5692,70
3840,1058
3264,1
5691,831
5696,192
3844,126
5694,243
3846,170
3849,472
3848,92
5698,165
5699,1301
1063,34
4430,861
4923,773
4433,19
3916,49
178,1
3649,30
1067,72
4615,9
1066,12
4044,494
4922,28
4046,478
4047,255
4040,56
4042,11
4315,28
4048,104
4049,4
5968,463
1513,2
7,11
5961,1306
5963,287
5964,15
5965,43
5966,126
5967,65
3665,1811
3664,118
3667,61
3666,289
3661,4111
3660,1
3663,63
4944,3609
2280,159
2281,106
2282,1096
2283,90
3669,115
2285,124
4549,134
4548,107
4946,99
973,317
4545,20
4544,19
4546,118
939,160
4828,12
2578,307
2579,13
1048,108
2577,105
2574,307
970,138
2572,35
2573,588
5194,71
2571,241
4534,98
2379,25
2374,454
2375,3
1604,10
1073,55
2372,2011
2373,3553
3593,465
2595,635
2596,2368
2597,20
2590,28
2591,9241
2592,3964
5039,502
5036,802
5037,360
5034,1478
5035,1185
5032,2169
5033,147
5030,905
5031,282
1876,305
1877,260
4437,11
1875,339
4431,57
4820,345
1870,440
1871,129
1083,8
3697,237
4439,11
4438,126
1878,206
594,170
4945,398
2118,1568
975,90
974,1042
4941,1285
4940,748
971,870
4942,428
1080,109
4949,18
4948,140
979,8
978,8
182,624
183,1092
180,195
181,340
186,55
6047,50
6044,52
4320,431
2111,537
6048,247
2113,440
2114,2299
2115,770
2116,2221
2117,740
2622,4
2623,379
2620,43
2621,389
2626,2151
2627,208
2624,260
2625,519
2628,128
2629,90
1919,4
5108,10934
4151,370
2131,437
3289,123
3288,28
1911,498
5103,3151
5100,4090
5101,3119
5106,888
3282,55
5104,2758
5105,2994
869,133
868,252
189,21
3449,121
4154,189
3445,4028
3444,1580
3447,6
4155,121
3441,47
3440,750
3443,117
3442,2899
2024,4192
2757,649
2754,153
2755,94
2020,3655
2021,127
2022,2941
2023,2430
2828,19
1243,291
2758,261
2829,40
883,675
882,407
881,32
3971,58
887,1
886,13
884,1323
3728,1
4017,53
2371,3
888,15
5216,215
5217,70
5214,12
5215,3388
5212,22
5210,110
5211,567
832,12
659,159
5218,219
5219,843
356,2
63,80
3468,63
1025,63
418,16
6065,11
3988,1163
4800,18
3613,53
3386,1952
777,17
771,78
772,7
779,14
4928,34
4675,42
77,15
75,2704
74,388
73,736
72,62
71,179
70,73
3056,623
2973,255
3054,892
3055,390
2976,56
3053,345
79,1932
78,29
1043,2238
5363,289
5360,510
1040,1329
1047,133
1046,438
1045,716
5365,76
4597,84
5368,2500
5413,1737
1681,115
1680,811
1682,1
1685,4
1686,85
1689,2
1688,138
4303,1652
4302,942
1269,104
4300,161
4307,20
4306,77
669,2856
668,1257
1263,134
666,21
1261,167
664,590
1267,1500
662,293
1265,1058
660,28
3287,196
1242,665
3286,417
3095,1
2984,129
3285,231
3725,39
67,274
3128,20
3284,131
3122,2
3123,726
3120,326
3121,62
3127,8
3124,770
3125,597
421,18
1408,63
1468,898
1465,37
8,5214
1467,314
3280,1462
1461,152
1460,42
1463,37
1462,10
1317,243
1316,1183
1315,11
1314,768
1313,168
2139,2
1310,3
4529,28
1319,8
1318,356
5791,3
5751,207
5750,190
5757,38
4239,59
5754,155
4237,851
4236,139
4235,1305
4234,31
4233,252
4232,2314
4231,84
4230,10
5591,1671
5590,5264
5593,154
5595,1783
5594,1287
5597,4
5596,19
5599,30
5598,13
5807,24
861,267
4609,1506
4454,64
860,51
1404,2
3948,645
3949,543
319,1043
318,199
3403,14
3274,831
3940,534
3941,122
3942,59
3943,137
3944,679
316,38
3946,49
3947,17
4606,171
5168,18
867,486
2756,42
4129,1472
4128,6
3275,26
5342,2
4123,491
4122,569
4121,25
4120,1836
4127,437
4126,68
4125,712
1335,53
2027,22
5688,16
5684,38
5681,80
1337,266
5683,14
2753,45
4707,28
440,218
2750,28
2322,136
948,8
2751,60
4604,28
2321,342
4218,1
2320,122
2696,22
4703,1195
1997,19
4366,306
3404,340
2326,91
4057,1685
4056,72
4055,956
4054,230
4053,754
4052,793
4051,176
2028,1
4605,7
4700,2
2746,1031
4059,1311
4058,903
4930,41
5979,2
5978,920
5973,7
4358,125
5971,3
2759,117
5977,2020
5976,1
5975,16
5974,105
3610,59
3611,64
2299,1176
2298,24
3614,2
3615,87
3616,210
3618,56
2292,7
2297,507
2295,23
2294,469
4354,513
880,216
4709,652
5679,34
3406,3
2569,1963
2568,9
4357,14
2561,225
2560,1988
2563,1150
862,146
2565,699
2564,101
2567,40
2566,2539
3394,145
2368,3659
2366,292
5406,94
2362,10468
2361,31
2360,1222
5029,1954
5028,408
2585,9
2584,4
2583,245
2582,277
5190,91
2580,2
5021,408
5020,28
5022,7
5025,2
402,12
5027,1322
5026,979
4440,50
4441,25
1863,168
1862,348
4444,236
1864,82
1867,87
1866,24
1869,1520
1868,337
3726,590
3727,42
4490,362
3722,16
964,663
4931,65
4684,253
4685,5
4934,329
961,225
4936,231
963,191
4938,1239
4939,1082
5578,22
5063,31
3847,76
4688,175
4689,135
2109,431
2108,849
6059,1917
6058,17
5576,11
2102,27
2101,252
286,364
6051,634
6050,4485
6053,351
6052,55
5115,363
5114,1912
5117,15
5574,223
5111,1508
2638,133
5113,67
5112,591
2635,46
2634,1694
2637,356
2636,313
2631,403
2630,747
2633,41
2632,350
1717,51
35,4
34,7
3765,3
3438,81
641,130
2705,20
1611,32
1240,979
876,31
877,16
874,158
3433,21
872,161
643,2260
3436,285
3437,1162
2741,300
2036,4539
4590,323
2034,5427
4596,676
2744,291
2031,12
4595,12
9,528
645,1478
4846,1743
4847,7
4840,435
4841,13
2039,4433
2038,3883
890,10
891,3
892,132
893,135
894,232
895,3840
896,2300
897,3945
898,17
899,516
646,730
1715,23
5201,326
5203,6
5202,63
5205,14
5207,29
1248,91
5209,1
3236,1280
5907,128
1969,5730
3544,486
3545,18
3547,471
3540,648
3541,162
3542,1
3543,153
4369,330
3235,126
3548,48
3549,100
1964,376
422,248
1965,187
5258,75
1614,1800
5182,837
1788,57
1789,124
768,1
5196,20
2960,36
2962,251
1780,218
1612,162
1782,1804
761,504
1784,1532
2968,1025
1786,1847
1787,19
3049,325
3048,14
5193,145
3041,32
3040,54
3043,137
5192,526
3045,298
4569,294
3046,424
5379,2100
1078,272
1079,541
5375,64
5374,12
5377,2256
1075,31
1072,822
5370,654
1070,497
1071,119
1678,565
1679,158
3804,23
1675,589
1676,861
1094,310
1095,2
1096,260
1097,136
678,583
1091,484
1092,2511
642,754
674,289
4337,305
676,1471
4335,787
670,1916
1099,378
4330,2256
673,858
3135,314
3134,2205
3137,314
3136,374
3131,183
3130,464
3133,191
1916,3
3139,487
3138,34
3648,7
3396,6
1718,42
933,46
1915,21
3962,21
2557,3
1622,10
1418,37
4642,32
1410,937
1411,55
1412,69
1413,49
1414,9
1415,5
1416,20
1417,131
1322,63
1323,1008
1320,100
1321,959
1327,83
1324,205
1325,29
4646,144
1328,525
1621,241
4209,235
1480,2
4644,15
5768,459
5769,320
4202,72
5767,23
5764,992
4645,959
5762,56
5763,254
4204,40
1531,95
1917,3
5569,6
4445,4
5564,528
5565,381
5566,2007
5567,441
5560,341
5561,131
5562,2
5563,1694
1256,4
1525,328
1526,28
1527,1849
1252,62
1253,121
1250,761
1251,406
1528,1495
1529,3431
1258,172
1259,224
309,594
3959,108
3958,50
3953,956
3952,194
3951,1286
303,232
305,53
306,139
307,11
4116,5021
4117,8366
4114,8
4115,6823
4112,103
4113,422
4110,9
4111,1837
4118,331
4119,522
4634,265
2908,20
2978,244
3340,20
4448,234
5159,772
1966,805
5184,11
988,33
5013,25
3057,5
3341,109
4062,56
4063,253
4060,1074
4061,405
5942,319
5943,2683
5940,44
5941,1011
4069,321
5948,918
5949,177
5784,119
5018,139
5786,15
5787,55
2974,1
5782,251
5150,94
3346,17
5788,149
2772,56
3603,33
3602,20
3601,121
5152,297
3606,1214
3604,18
986,55
3609,1710
3608,632
1041,14
987,16
2698,1
5038,1
5361,31
2479,2006
2478,24
4435,2
5367,643
6118,741
5364,478
1489,1
6114,1005
6115,1043
6116,762
1044,27
6110,98
6111,420
6112,116
6113,270
2358,4391
2359,141
2352,16
2353,1057
2350,181
2351,43
2356,3071
471,102
5369,30
1488,2
2991,1
5447,33
4453,167
5491,15
4451,103
4450,44
1898,167
1899,188
4455,289
3738,41
3737,28
3736,1981
3735,117
1443,1048
1890,89
3732,320
1892,32
3730,413
2136,431
2137,16
2134,395
2135,173
4695,585
4694,1207
2130,1562
4924,434
953,54
952,365
955,496
954,138
2138,496
956,1008
6028,1
6020,79
6021,25
477,2
6025,17
6026,35
6027,31
2648,2945
5161,20
5163,724
5164,1810
5165,56
5166,1
2784,1165
2640,133
5169,569
2642,93
2643,175
2644,2
2645,40
2646,126
2647,14274
2786,1568
2781,17
2749,22
2780,20
3429,89
3428,399
5417,183
3422,229
3421,13
3420,3
3427,3233
3425,278
3424,38
2003,13
2000,2150
2001,1360
2006,13
4588,258
4859,1240
2005,1050
4857,926
4584,104
4587,981
4854,223
4581,52
4415,79
4851,174
4850,1589
1853,39
1493,48
1790,9
4771,145
1268,9
4411,322
3026,91
2100,4
1147,8
3686,21
3556,14
5765,32
3554,26
3553,56
3552,200
3550,456
4304,20
2170,51
3558,14
2500,13
667,87
6067,253
919,21
504,3
4309,9
918,85
2911,241
2912,615
1260,178
2914,2065
2174,1426
719,876
718,4
1793,409
1792,2263
715,145
2175,62
1797,138
1796,321
1795,1325
1794,1256
915,30
661,449
5186,1111
914,165
4079,91
1524,49
917,3
5308,731
1068,7
4964,108
5300,55
5301,76
5302,328
1062,17
1065,72
1064,562
5306,69
5307,371
1669,2
1668,14
1907,22
1662,526
1661,156
1660,1802
4329,1838
590,19
1085,257
592,13
595,693
1082,206
597,5
596,3404
599,3702
598,450
4324,88
1088,123
3140,4565
3141,24
3142,137
3143,1780
3144,458
3145,46
3146,126
3147,79
2824,341
2825,6
2826,10
2820,134
2821,203
2822,15
2823,1087
5414,2519
5415,738
3384,7
3385,1164
3382,861
5411,34
5412,51
3381,539
2032,57
5418,116
5795,11
3388,384
3389,3508
1409,90
3965,108
5410,5
1403,493
1402,88
1401,581
1400,2397
1407,14
1406,369
3963,13
5247,180
449,1301
448,344
1339,277
1338,321
1491,146
443,95
441,170
1336,390
1330,45
445,909
2609,85
5779,1178
5778,8
3129,14
4947,69
4623,42
1432,49
5771,74
5770,49
5773,166
5772,92
5775,118
5774,328
5777,2
697,633
5362,111
3261,13
39,17
1492,7
1540,50
1057,51
3260,227
33,9
32,799
31,5
30,262
37,927
3263,98
5571,49
5570,36
1241,326
640,565
1535,2167
1534,2270
1533,151
1532,1661
647,1111
1530,585
649,19
648,527
3098,722
5798,58
5346,1311
1539,81
1538,49
5179,4
339,94
338,1529
3571,107
335,1130
334,586
337,420
336,1338
331,531
330,1076
333,622
332,3334
4101,7852
4100,588
4102,384
4105,44
4107,4254
4106,2035
3204,87
1938,3
2127,15
1523,5
4626,8
3898,2
3899,4883
4907,2
3892,305
3893,164
3890,191
3891,6
3896,2
3894,1152
3895,1228
847,192
5024,2
3465,1
844,22
1635,19
1464,44
843,48
1496,2
2119,479
842,1147
5950,33
5952,27
5955,129
5954,17
5957,36
5956,89
5959,5
5958,21
1426,13
4071,291
4073,34
4072,4
3966,19
3967,58
3964,157
1636,1434
5793,1176
5792,70
3960,112
3961,484
3200,3
5081,13
3968,882
3969,152
4305,107
3435,2
3639,297
3636,34
3637,119
3634,3524
3635,67
3632,21
3630,4642
3631,1897
1454,3
3469,143
4610,84
3507,165
1351,277
236,76
2345,111
2344,8
2347,155
2346,1081
2341,154
2340,911
6109,940
2342,406
6107,134
6106,256
6105,2641
6103,79
6102,209
6101,591
6100,742
4504,44
4899,216
5785,358
1567,480
2594,3
2067,17
3708,18
2148,821
4468,1230
4469,469
3702,145
1886,110
4464,847
4465,399
4462,19
3707,645
4460,358
4461,508
2121,87
2120,1345
2123,934
2122,31
2125,40
2124,1295
4918,246
4919,17
4916,366
947,23
944,162
945,94
4912,339
4913,1100
4910,1635
4911,1008
6039,301
6038,65
6032,23
6031,39
6030,23
4370,370
6036,116
1594,70
6034,19
5173,349
5172,842
5171,759
2658,1048
5177,31
5176,81
5175,787
2653,6
2652,1998
2651,149
5178,938
2657,2173
2656,154
2348,23
133,108
132,6163
3414,1884
130,916
137,44
3413,472
135,34
134,2930
5185,91
4371,67
3418,93
5348,46
707,3
4868,965
2019,4334
2018,153
2015,276
2014,12
4860,1574
2016,253
4867,132
4864,32
4865,897
5349,5
5277,7
1937,43
4377,86
1591,139
2488,24
3562,17
3563,109
3561,3
3566,477
3567,981
3564,965
3565,3431
3568,121
2112,2936
511,48
4484,45
4485,136
4480,16
4481,1
4482,1473
4483,279
1466,4
4489,760
4243,137
2902,123
2900,62
708,143
2906,1
2904,550
704,159
705,34
510,28
700,88
701,37
703,121
88,43
89,5
82,138
80,1476
81,1195
84,477
85,2
5319,24
946,61
5313,1125
5312,155
5310,1810
3217,57
5314,250
1659,225
2487,73
1652,20
410,1
1656,9
1657,11
1654,51
1655,1
586,569
587,288
584,39
585,256
4890,15
411,5
1987,76
5273,11
1984,3097
588,12
589,39
3151,247
1985,2692
3157,16
3156,156
1385,1
1634,80
3159,75
2834,12
2833,4
2832,5
1348,342
2830,114
1436,2476
3390,45
5405,164
5404,354
5403,28
1433,311
5401,446
5400,820
3398,1072
3213,662
4333,17
5409,69
5408,174
1731,105
4506,63
1730,140
2308,60
1733,6
4260,1524
4261,750
4262,1152
4263,537
4264,33
1889,18
4266,1021
4267,289
450,6717
451,5585
452,8647
453,302
454,674
455,918
456,321
1347,2047
185,37
3824,2
1737,336
4467,72
1736,1322
3700,2157
766,6
5548,1173
5549,813
1887,6
5543,557
5540,148
5541,111
5546,241
5547,11
4463,3
1502,53
657,976
1500,98
1501,19
652,140
3088,125
1504,282
651,587
3085,277
3084,40
3087,2446
3705,82
3081,26
311,360
3083,137
516,87
310,49
833,1
5890,116
5891,246
5892,147
5893,94
5894,198
5895,98
5896,205
5897,56
5898,87
5899,21
314,2
3439,194
1885,249
3884,177
3887,8
3886,62
3881,3
3880,342
3882,69
949,343
2129,1480
4935,1409
4914,208
1884,3
4650,399
4915,5
613,25
942,562
943,773
4662,40
941,1183
1883,12
4008,232
4009,25
2873,95
4005,277
4006,367
4007,3
322,1044
3970,4577
3973,54
3972,2421
3975,576
327,25
324,1820
325,286
3979,25
3978,5
328,34
329,906
3629,2092
3628,377
3621,17
3620,17
3623,19
3622,903
3625,596
1340,1
3626,1
4281,219
4406,34
4714,2448
2331,1222
4710,69
4711,43
4712,42
4713,1343
2338,1086
6133,56
6130,14
4718,498
1597,67
6135,115
1880,22
3250,4
2958,343
2010,14
50,248
3715,240
3714,49
4289,5
3711,129
3710,16
1592,9
3719,70
4479,1316
4478,1528
5170,34
1278,156
3251,42
3079,77
4471,901
4470,1190
4473,193
4472,88
4475,97
4474,121
2717,61
4909,18
4908,72
6004,10
5422,24
6000,208
6001,2071
2486,627
4676,140
2484,12
2485,2638
2482,916
4672,277
2480,332
4670,310
1518,85
2248,8
2249,2828
2244,139
2245,45
2246,55
2247,1
2240,10
2241,95
2242,63
2243,987
2464,119
994,5652
997,1697
2467,223
2460,101
2461,304
2462,188
2463,675
5146,230
5147,23
5144,343
5145,4
5142,486
2469,94
5140,1044
5141,1159
3401,34
3400,261
122,19
5347,1280
3405,143
125,205
3407,998
127,58
3409,2538
3408,1018
1603,6
5341,4
3416,56
4871,16
1188,33
3417,243
4345,2
5343,227
131,405
5425,92
2798,495
3415,2
2874,164
1187,1845
2792,63
2061,182
2790,24
2063,188
2796,170
3375,118
2795,153
2570,2
1182,91
3411,57
2369,121
940,14
3372,26
3371,68
3370,10
139,1
5098,6234
5099,5047
3579,240
3578,2759
5455,19
5090,157
5091,154
3577,298
3576,813
5094,234
5095,86
3573,97
5097,1079
4497,18
4496,6
4495,30
2665,364
2662,315
2663,299
2660,68
2661,148
1748,633
4499,37
4498,11
2431,5
2938,317
2939,132
2936,1617
2937,311
4855,18
2932,63
2930,385
2931,427
5326,433
5327,5
5325,49
5322,261
5321,230
1836,1772
2903,217
231,4
5328,1376
5329,862
1645,54
1647,122
1646,220
1641,19
1640,99
1642,705
1396,78
1835,83
1649,980
3690,9
728,5
4881,816
4951,1
384,1
729,46
5251,50
3797,13
1732,17
3796,800
1270,9
4364,34
570,61
4367,165
574,16
2808,456
2809,284
4956,116
3169,1027
3166,12
601,33
2806,321
600,49
1421,816
5433,34
1423,378
1422,776
3368,417
1162,277
1427,20
4980,973
3364,47
1428,690
5438,42
5439,27
2404,341
3362,126
3363,1
731,6
730,63
2157,49
735,8520
734,7
737,75
2402,114
1727,6
2151,760
4273,216
4272,2725
4271,536
4270,476
4277,562
4987,201
4275,72
4274,65
1353,563
1352,762
4279,244
466,166
461,849
463,556
608,2512
5555,83
5554,2489
5556,355
5553,1380
5552,127
5559,95
2017,382
4224,17
5522,6
2159,858
2013,96
1515,637
1514,3
1516,83
1511,299
1510,90
5693,18
5525,108
4225,152
5755,10
791,9
5883,1026
5882,64
1894,2
5880,166
5887,787
5886,437
5885,565
5884,53
2004,70
5889,229
5888,121
1108,1
958,38
1798,17
778,93
3184,25
3185,2
3186,44
3187,117
3180,2462
3181,720
3182,670
1024,9
3188,386
4422,5
3397,1342
582,9
5972,14
3501,183
100,2
4018,18
4661,847
4013,4
4012,803
4011,2752
4010,274
1897,104
4016,782
4014,620
357,42
5797,20
355,510
353,791
3989,515
3984,189
3985,75
3986,711
3981,56
3982,58
3983,91
3612,155
5796,1
6125,198
6124,429
6127,1254
6126,766
6121,56
6120,4
6123,21
6122,203
2323,36
4706,2262
4705,540
4704,2130
2327,173
4702,412
5053,186
2324,282
5257,137
2329,170
2328,2
1113,354
484,490
4708,35
289,1509
288,298
1112,75
3619,2
281,61
280,375
283,151
282,134
285,176
284,79
287,269
1114,168
3760,52
3761,146
3763,178
3764,37
1441,4
3766,784
3767,57
3768,46
3769,97
1116,88
263,56
262,80
267,194
266,163
265,181
1561,506
269,1960
268,731
6011,240
982,110
1291,19
6015,238
6014,4
1215,19
6016,540
6019,1667
2490,1833
2493,6
2492,1499
2495,197
2497,2746
2496,1047
4424,54
259,116
1566,303
2259,261
2258,280
2257,1042
2256,364
2255,61
2254,32
2253,274
2252,2
2251,48
2250,366
2477,764
5158,24
2475,642
2474,63
2473,11
2472,2
2470,379
5151,149
983,11
5153,696
981,11
5155,3534
5154,211
5157,790
985,973
2198,829
117,38
4090,51
111,420
110,1314
113,170
112,994
119,112
118,92
2785,1412
4801,1579
4802,720
4803,2792
4804,451
4805,1517
4806,1610
4807,13
4809,5
2788,34
2177,34
2079,2653
2078,7662
2073,1129
2072,36
2071,10
4108,19
2076,9
2075,82
2074,589
2777,27
4098,9
4969,1265
4363,25
3687,45
1590,1
3508,43
3509,39
5089,302
3500,37
5082,47
3502,187
3503,107
3504,153
3505,84
3506,66
5084,207
2060,81
2675,15
2674,27
2677,62
2676,236
2678,72
52,20
2929,3182
2928,1460
2562,58
2921,1154
2920,1333
5608,37
2311,80
2924,130
2927,33
2926,121
5330,3
5333,2183
5332,1280
3685,164
5337,25
4906,51
1630,219
3215,3218
3216,218
1633,1019
3210,4810
3211,1370
3212,606
1637,2407
483,140
3218,11
3219,8
1988,48
1989,36
3222,83
3862,5
5345,30
2817,211
2816,819
2811,83
2810,46
2812,151
561,2
562,19
2819,147
2818,1483
567,246
5069,42
3178,1385
2037,1
5255,50
3171,77
3170,18
3173,787
3172,15
3175,182
3177,133
5086,15
4894,26
2364,6
5429,855
5428,76
3379,76
1189,827
3377,2508
5424,106
1184,103
3374,134
3373,177
1183,204
1180,803
1181,22
726,74
727,51
724,19
725,94
722,526
723,1658
720,62
721,352
1744,75
1745,34
1746,91
1747,298
1741,244
1742,109
1743,730
1164,7
2587,966
1166,105
4393,298
1160,164
4248,581
4249,200
4246,21
4247,1175
4244,329
4245,661
4242,7
1169,8069
4240,89
4241,28
5520,276
5521,790
6057,14
5523,399
5524,120
5799,199
5526,412
5527,1084
5528,53
5529,35
4397,8
5496,17
3659,3
1366,181
5497,16
48,449
49,1779
46,649
47,1170
45,9
5156,1
1364,173
40,24
41,10
1568,3275
1569,20
1298,3
1365,126
3300,19
3574,5
5493,40
1294,1194
1295,286
1713,406
1360,107
2026,25
796,1104
4693,112
591,87
3190,15
795,711
2425,6
4739,2
1245,4
794,203
2589,4380
2551,322
3092,52
793,108
2599,15
2915,500
1716,37
4398,144
1861,488
5639,1638
1860,10
4390,52
4391,230
4392,107
5637,510
5630,260
4395,3
5632,175
5633,48
3197,163
1367,284
470,227
3194,625
1362,435
1363,59
474,187
2787,78
1865,33
478,84
479,767
3699,39
3199,8
1369,128
