3253,1
5259,284
2511,1
4446,45
3923,6
1200,1886
1866,45
4026,170
4027,1710
4024,733
4025,2328
4022,16
4023,80
1868,494
3798,8
4028,25
4029,311
5988,194
5989,1990
5982,294
160,47
5981,179
5986,81
5984,650
340,239
341,21
342,294
343,67
2918,536
3996,1126
3995,207
3994,62
3993,332
3992,100
3991,77
3990,61
4686,373
4844,487
4687,11
5747,294
4416,65
4932,80
3573,95
4933,36
2919,21
3236,1573
4683,50
4732,456
4904,13
4736,2198
4737,73
4734,403
2319,2806
2316,5256
2317,277
4738,1679
4681,521
2312,210
2313,91
2310,1
2311,120
4831,25
5856,15
5857,5
5850,13
298,89
5853,2923
3237,3
294,135
292,562
293,163
290,38
291,94
3773,176
802,2
3771,43
3680,1037
3777,4
3776,275
3775,92
3774,109
4835,44
3779,4
3778,50
2782,2
3686,31
270,160
4654,856
272,1926
4656,1399
274,1019
275,130
4653,16
277,201
278,2
279,14
4520,8
4659,12
4658,393
3446,49
4782,25
2269,193
2188,994
2262,155
2263,143
2260,965
2261,363
2266,75
2264,184
6058,7
2446,680
2447,18084
2444,285
2445,1315
2448,366
2449,49
1136,19
108,1068
109,315
1135,23
2102,24
103,66
100,7
1134,1
106,88
107,1506
104,12
105,111
2046,2143
2047,408
2044,286
2045,193
4817,775
2043,11701
2040,5081
2041,926
2107,134
4819,2577
4818,878
2048,86
2049,1131
1373,21
2105,89
6052,45
820,4
2993,2
5116,48
4843,13
5484,121
2836,24
5111,2093
2835,12
2142,245
1001,98
3519,50
3518,57
5298,82
3513,109
3512,73
5299,345
1210,99
3516,107
3515,20
3514,984
5483,54
5297,30
2684,1454
2685,68
2686,88
2687,1014
2680,1157
2681,130
2682,878
2683,1227
3391,1
5406,129
5119,127
1211,37
3998,109
3393,651
5118,2
99,34
3997,208
5482,48
1435,20
2633,48
4937,12
91,32
5403,44
93,1
94,881
96,492
1623,651
3206,78
1993,258
1620,2905
5186,1519
1994,206
3201,457
5185,114
1999,142
1998,254
1629,775
1431,641
3209,3
3208,2264
1787,7
1293,2
349,31
3534,54
2863,716
2864,617
2865,260
2866,1233
2867,44
2868,533
2869,112
551,73
550,1065
553,162
552,21
5054,128
2744,295
5409,123
3538,544
5408,253
5458,303
1198,60
3348,1193
3349,3763
3342,1835
3343,68
5452,51
1192,45
1195,376
3347,153
3344,168
5457,359
1758,65
1756,1756
1755,508
1754,856
1753,1155
1752,365
1751,662
1750,792
4259,105
4258,2751
1175,1066
1174,246
1173,1450
1172,268
1171,4529
1170,6750
4251,1039
4250,187
4252,376
4255,2509
4254,163
1179,237
4256,229
5533,1509
1007,258
5531,651
5530,115
5537,1
5536,65
5535,72
5534,1563
5539,346
5538,53
513,291
644,173
1285,510
1284,7
1287,1124
1004,434
1281,93
1280,79
1283,1
1282,2292
1003,208
879,450
1108,1
3517,26
404,23
3756,19
1579,1359
1578,4772
689,40
2060,246
1872,5
3431,19
685,1926
684,316
1571,620
516,91
681,3
1576,4
683,154
682,919
662,270
1348,431
875,1
622,14
3434,33
1240,1153
873,34
3345,503
870,78
603,56
871,88
626,23
4592,48
4389,1
3325,5
5628,28
4383,172
5626,652
4381,214
4380,1630
4590,230
4385,69
4384,124
407,1937
1370,1015
405,65
1372,79
402,5
1377,1
400,193
1379,534
4596,899
6096,49
1342,165
409,1696
408,6832
3834,204
3835,841
3836,32
3837,487
3830,115
3831,3559
3832,2178
1242,857
454,790
2030,8070
3838,17
3839,4645
1345,34
4031,135
4030,725
5996,107
4035,176
5990,146
5993,2499
5992,1971
4038,186
1347,2452
5999,18
5998,154
977,40
2318,666
4735,16
3453,362
379,122
378,1383
5525,115
373,7
372,24
2314,92
377,1934
376,151
2343,22
2315,75
891,6
146,30
1987,66
5664,1586
3205,242
393,10
392,17
391,1
390,27
397,1357
396,8163
395,552
394,881
6007,25
398,2806
4345,4
2309,2978
1247,2392
5668,2159
4729,26
4728,515
5855,10
2301,637
2300,1211
4727,703
2302,3308
2305,484
2304,90
4723,90
2306,134
5847,65
5846,2
5845,2137
5844,451
5842,94
5841,606
5840,106
5849,220
5848,241
5852,34
3749,1
3746,1
3747,397
299,48
3742,289
3743,324
3740,2
3741,190
245,2916
4621,150
247,5316
246,6647
4624,1556
4625,1029
243,8
4627,77
226,8
249,57
248,1321
2275,842
2274,25
2277,8
2276,240
2271,740
2270,161
2273,197
2272,676
5858,12
2279,950
2278,2168
4981,1188
1846,248
2232,24
3454,2
125,52
2455,108
2454,1408
2456,2938
2451,46
2453,140
2452,10
3770,10
176,311
175,794
174,57
173,546
172,1168
170,1268
2051,17
2050,338
2053,15
1111,341
2055,40
2054,261
4828,6
2056,171
2059,152
4827,29
3692,127
3693,660
4822,500
3695,1841
4820,355
4533,244
2156,46
3596,170
652,213
3088,164
1110,439
650,2
2769,1
1505,51
3697,260
3526,31
3527,11
3095,5
3525,33
3522,57
3523,48
3520,5
3521,26
1508,148
3528,76
3529,2
1364,170
3086,145
271,65
5738,92
1978,10
4657,275
3080,111
3225,72
273,41
658,21
3224,616
4651,1031
2695,366
659,101
2693,28
2692,10
2690,856
1602,44
5497,21
276,35
3548,129
4652,4
1604,28
3223,255
4557,606
5832,210
1970,1798
1362,425
3232,656
3233,75
5490,72
2133,2
1968,1145
1969,6136
1618,826
1619,327
1616,11957
1617,832
1614,2108
1615,2883
1612,184
1613,1003
1610,1924
1963,2067
65,6
714,11
2873,104
2872,1332
2871,533
2870,144
2877,1015
2876,702
2875,131
2874,115
2153,47
2879,3915
2878,1833
4632,10
4534,151
3355,8
3354,125
1724,15
3351,1886
3350,1945
3353,29
3352,4941
3358,1
3781,76
5448,511
1181,15
5443,592
5442,35
5441,14
5440,264
5602,9
5446,530
5445,1
5444,484
1768,1707
1762,33
1763,24
1760,27
1761,15
1766,89
1767,708
1764,68
1765,77
1140,269
1147,5
1789,99
686,249
2966,13
2402,127
5509,23
5506,2
505,17
5505,7
5502,64
5503,67
5500,36
1547,1099
1544,167
691,233
696,582
697,896
694,152
1541,832
698,215
699,3
1548,703
1549,2325
762,2
546,71
1781,78
3784,143
548,562
549,11
1782,2015
5627,1
1783,66
4530,304
2969,63
1603,4
2968,1254
2760,23
2388,50
1256,5
5137,158
3880,396
2649,2
4531,284
3321,65
5612,1
5611,678
5474,44
5614,415
5615,17
415,806
416,3
417,74
1388,2252
1389,70
412,17
18,205
1384,93
5472,6
1386,81
1387,14
1380,1811
1381,3684
1382,812
1383,2065
5003,64
3825,967
4532,73
3326,2
5002,13
3582,48
3829,850
3828,365
3328,66
3089,107
2768,178
1177,15
1254,3
5007,63
5006,1
4282,1571
4280,1236
4281,309
4286,145
4284,47
4285,11
5461,8
4288,215
3587,54
2403,42
2099,14
3044,133
2207,18
368,124
2762,24
366,1070
367,13
364,11
365,1
362,20
363,54
3214,5
5274,30
5008,6
5275,769
1368,13
2098,475
1777,1
380,725
381,8
382,565
383,28
384,1
385,6
387,157
388,993
389,598
1770,32
4758,472
4759,446
5463,3
5272,16
4750,100
4751,23
4752,34
4753,220
4755,2
4757,13
5872,1917
5873,1711
5871,1617
5876,348
5877,2540
5874,18
5875,30
5878,50
5879,140
1074,12
3759,50
5376,4
4664,19
3751,327
1779,98
3753,2103
3755,83
3754,130
1073,73
2190,3
2191,54
258,2798
2193,57
2194,230
4636,1910
4635,47
2197,779
252,743
253,1090
250,724
4638,775
256,165
257,51
254,524
255,504
2200,888
2201,167
2202,3487
2203,541
2204,173
2205,5092
2206,331
901,60
2208,1
2209,32
476,1
2429,4055
4812,547
2420,654
1446,12
2422,3
2423,125
2424,113
4811,780
2426,1963
2641,139
2791,40
168,227
169,574
2042,226
167,225
5467,55
161,531
162,78
163,5
4839,593
4838,64
3688,91
3583,18
4528,37
3683,303
4526,22
4833,896
4832,82
3687,216
4522,365
4521,685
4836,200
1343,23
3212,495
2518,42
2519,137
1842,668
2514,14
2517,94
4420,621
2512,2
2513,335
2734,4
2735,119
2736,3
2730,76
2731,1381
2732,577
2733,2366
5296,691
1847,867
5294,18
5295,98
5292,11
5293,148
5290,244
5291,350
3531,465
3530,8
3533,209
3532,849
5058,880
5059,2046
3537,58
3536,29
3539,44
5055,704
5056,887
5057,1350
5050,243
5051,127
5052,1037
5053,221
1814,749
1815,32
1816,128
1810,356
4338,30
1812,7
1813,3104
4339,97
1818,1337
1819,13
1107,25
4959,2
4337,306
2169,427
4334,836
677,45
670,1801
1087,70
671,440
3042,45
672,253
4663,121
4135,152
673,976
2167,58
1608,840
1979,27
5518,559
1601,225
1976,2617
1975,681
1974,1605
1973,11804
1972,1791
1971,974
1606,627
5206,117
809,69
808,32
4884,48
2163,1
803,5
908,44
800,2
807,319
806,1
2849,7
2846,8
2844,93
2843,60
2840,3
2841,44
5477,141
3322,302
3323,1700
3324,37
5473,50
5470,18
3327,2
1624,2071
3329,1758
1775,653
1774,2383
5276,163
1776,215
5270,124
5271,540
1773,36
1772,165
5278,46
3973,55
3138,26
321,348
1990,50
326,827
1083,9
1159,294
1158,469
2999,36
5433,41
1157,561
3976,70
1150,1075
5519,630
914,159
3038,34
2618,418
5517,2
1554,667
118,142
1550,325
59,3748
58,252
3034,151
3035,100
57,982
56,4705
3030,280
3031,629
3032,1341
3033,1248
55,2
54,11
145,108
4662,54
2992,4
781,8
3571,123
3037,56
1908,217
200,1230
2771,9
2694,87
2995,1525
5605,460
5604,188
5607,16
5606,382
5601,68
2996,351
5603,77
5136,1073
2997,77
5609,171
5608,108
3724,18
4690,250
1905,196
2772,81
1902,40
3291,68
429,2882
428,1991
3292,1260
1399,1501
1398,171
1397,303
1396,82
1395,101
1901,38
425,8
424,25
1391,86
4693,147
3812,47
3813,163
3810,2
3811,78
3816,53
4608,2
3815,268
3818,309
3819,983
5124,138
3450,15
857,552
3456,187
4692,9
851,34
865,76
4299,37
4298,15
917,5
5369,51
4294,270
4297,85
853,64
4291,75
4290,132
4293,4
4292,115
1860,14
2775,1
3510,34
2298,27
1422,889
1426,22
1321,1095
2199,24
1165,111
4749,15
4748,241
1425,5
4743,861
4742,648
4741,2
4740,267
4747,515
4746,12
4745,342
4744,14
2970,2
5869,544
5868,281
4697,13
5865,4
5864,925
5867,279
5866,2
5861,1122
5860,287
5863,74
5862,195
2330,289
2331,1171
5350,877
2183,1040
2182,1091
2181,152
2180,3251
2186,6
229,10
2184,98
227,304
4607,537
225,281
224,679
4602,45
222,1
221,1
220,46
2213,49
2212,4
2211,77
2210,316
2217,62
2216,191
121,44
2214,192
2219,154
2218,435
3698,2
2339,12
5600,145
151,287
150,241
2439,394
2438,587
122,37
154,501
156,6
159,72
158,69
2977,43
2430,529
2437,314
2436,966
2435,202
976,31
1686,74
1429,14
5749,1
4518,3
4519,196
4512,140
4510,20
4511,57
4516,15
4517,362
4514,468
4515,1957
1359,11
1162,297
2507,17
2506,44
2505,14
2504,7
2502,19
2501,45
374,20
5289,8
2726,13
2723,798
2722,36
2721,51
2720,35
5280,1402
5283,880
5285,346
5284,450
2729,1099
5286,19
1712,107
1163,31
5049,44
5048,1767
5047,515
5046,631
5042,70
5041,424
5040,45
3782,325
3783,339
1805,385
1804,121
3786,304
3787,26
1801,223
1800,1816
3788,5385
3789,778
1809,9
1808,255
4997,8
4994,518
4995,11
4992,356
4993,979
4990,15
4991,28
2537,35
126,14
4998,791
4999,49
5567,353
90,107
3258,1
3259,337
1948,151
690,12
1257,198
1942,158
1943,957
1940,374
1941,1265
3254,234
3255,35
3256,319
810,22
811,1
812,210
813,158
814,409
815,296
816,37
817,454
1991,911
5183,168
2851,2
2850,5
1523,10
2855,2
5180,894
3192,53
1490,3229
5460,940
3331,146
3330,956
1494,68
3336,2969
3335,1026
3334,8511
5469,58
1499,235
3339,1090
3338,263
423,266
371,1
5187,910
1700,101
1701,85
1702,26
1703,1264
1704,675
1625,836
1706,573
4571,8
1709,133
5327,10
1996,2668
5269,596
5268,1160
4573,96
427,3
3658,113
1259,46
5188,34
3659,7
472,317
5189,944
2093,647
1121,9
1122,190
4577,65
1125,15
4578,2341
3655,602
313,100
5437,11
2988,180
1807,111
3029,81
3028,27
2983,465
3026,80
3025,145
2980,764
3023,6
2986,64
3021,67
3020,1038
1090,134
300,125
1018,397
1019,658
312,402
695,42
1016,27
1017,71
1010,316
1011,512
1013,557
3950,262
1230,5
1231,50
1232,431
1233,14
1238,3
5670,17
5671,9
5672,18
4269,21
5674,360
4359,9
5676,1
5678,124
4355,188
4356,96
3954,137
4350,23
4351,6351
4352,9
4353,91
4679,143
4901,349
1341,46
438,788
4676,176
436,1829
437,8535
434,204
435,966
432,197
433,276
2830,77
431,75
3809,78
3808,352
3805,14
4673,412
3807,141
3806,56
3800,517
3803,4
3802,1356
4671,183
473,178
559,35
6009,45
3078,37
5709,644
5704,662
5705,103
5707,496
5700,367
5702,54
5703,58
2742,1
3162,102
554,17
634,37
1960,51
315,107
4776,1
4777,240
4774,113
4775,61
4773,43
4770,637
4771,177
4778,6
4779,160
4174,894
4175,38
4176,643
4172,3
4173,131
1961,224
2700,21
5818,24
5819,102
3060,100
5810,555
2621,397
5815,75
5816,4
5817,52
2464,128
4296,5
2465,5
2466,2
3161,12
4618,236
919,80
238,13
239,197
234,253
235,2204
236,97
237,287
230,700
4614,74
2708,1267
5217,52
2944,34
993,54
2228,13
2226,97
2227,28
2224,52
992,633
2222,564
2223,351
2220,124
2221,32
5924,30
5925,565
5926,151
5927,78
5920,152
5921,24
5922,55
2704,1318
3079,24
5928,300
5929,180
4824,43
147,27
144,2735
2706,24
142,522
143,1056
140,739
141,63
2701,7
5355,24
148,86
998,537
1430,40
1053,385
4501,6
4500,625
4503,313
4509,201
5352,444
3401,49
2088,1622
2089,1851
1056,32
594,169
2082,59
2083,533
2080,186
2081,665
2087,5116
2084,438
2085,104
1537,8
1191,2712
2538,2178
2539,1457
1190,2076
2532,1194
2533,358
2530,964
2531,1391
2536,904
1193,363
2534,906
2535,477
2712,419
4321,372
2710,1197
2711,840
2716,503
2717,90
2714,239
2715,115
4238,83
3346,15
2719,55
1194,65
128,120
5079,1588
129,177
5072,249
5073,170
5070,850
5071,458
5077,185
5074,909
5075,1517
1832,17
1833,168
3799,2322
1837,694
1834,55
1835,92
3795,19
3794,253
1838,1595
3796,1005
3791,1033
3790,65
3793,160
3792,138
2154,1053
2155,1208
4983,158
4982,1489
2150,555
2151,889
2152,4003
2401,355
4989,52
4988,17
931,382
930,68
2159,962
935,72
934,213
5380,1
5381,8
5382,21
5384,12
5386,26
3091,1064
5388,85
5389,9
136,40
4642,18
4098,13
2476,3
1957,516
1956,946
4825,18
1952,84
1829,1
1959,1025
1958,26
3248,949
3242,270
53,63
3247,416
3246,1240
3245,35
3244,301
4404,183
228,30
828,351
1824,307
825,2
824,25
827,45
826,6
4406,40
1278,132
1536,57
1176,437
2409,1
1821,143
5629,27
1483,62
1482,39
1481,218
619,115
1487,1232
1486,1543
1485,61
1484,1852
3306,1184
5495,32
5496,87
3305,208
3302,461
3303,33
5492,1083
3301,568
5252,154
5253,439
5250,4111
794,188
793,220
792,162
5254,142
929,429
5258,42
1992,524
4394,43
799,607
612,155
2144,41
927,15
613,44
2143,37
2414,802
5946,37
1139,165
3051,9
4063,195
1995,1227
4395,3
1137,160
5944,331
6103,106
20,132
2419,722
5945,27
1276,299
921,18
4066,9
1178,219
2790,12
3018,1306
3019,926
4064,3
5532,713
3012,1268
3013,50
3010,126
3011,87
3016,264
3017,3678
3014,17
3015,1
519,985
518,59
4972,125
1009,144
511,83
1006,469
1005,591
4973,942
515,20
1002,125
517,945
1000,1839
623,168
1226,47
621,54
620,221
627,1477
1997,26
625,862
624,406
629,373
628,850
3309,264
1229,49
1228,40
5663,167
5662,359
5660,11
5667,58
5666,1
5665,305
4348,392
5669,1189
4344,2
4343,325
4342,41
4340,27
2882,17
2883,36
2880,449
2881,7
2886,132
2887,116
2884,28
2885,1799
348,401
23,58
2888,1
2889,106
2,118
3099,35
4257,1
3878,77
3879,503
3870,336
3871,512
3872,91
3873,482
3874,157
3875,873
3876,1262
3877,868
1893,1
1286,2
5434,4
4677,6
13,165
928,23
15,184
14,743
17,56
5718,100
5717,66
5716,120
5715,4422
5714,685
5713,3194
5712,2118
5711,233
5710,106
6021,60
3275,23
2959,2
3959,117
3272,109
3310,3
3273,315
3904,54
3905,2
3906,2621
3907,356
3900,963
3901,103
3602,16
3113,56
3027,66
3908,84
3909,5
4761,283
4760,276
1848,7
4765,200
4766,8
4769,1809
4768,1023
5372,1
4167,35
4166,9
4165,725
1105,41
4162,21
4160,125
3604,8
5235,27
1470,417
4168,46
5809,1735
5808,97
5803,90
5802,63
5801,138
5800,2822
5807,23
5806,120
5804,1914
201,239
3474,2353
202,212
205,181
204,442
207,856
206,44
209,4160
208,587
2745,165
3476,134
679,54
1573,28
5012,197
3477,293
1572,71
836,15
687,1672
3300,17
3471,16
2239,1344
2238,44
1570,521
834,21
2231,76
2230,395
2233,291
835,267
2234,16
2237,132
2236,133
5937,1594
3575,90
5933,14
5932,43
5931,178
5930,530
4731,13
1574,63
3577,141
5939,54
5938,1168
3576,945
712,12
3498,461
3499,217
3496,1217
3497,620
3494,241
3495,959
3492,242
3493,83
3490,163
3491,1789
4570,34
2094,2024
4572,69
2096,9066
2091,116
2090,1077
4576,5638
2092,1050
3654,2542
4579,758
3656,5
3572,128
3650,1275
2189,470
3652,1003
3653,221
2525,1377
2524,954
2527,71
2526,1713
2521,252
2520,1368
2523,77
2522,43
2529,9
2528,867
4494,21
1201,14
2663,344
5065,432
5064,314
5067,2215
5066,1743
2709,115
5060,670
5063,29
4880,610
4881,629
2707,662
4883,591
5069,39
1823,230
2703,557
2702,1085
2748,104
4408,331
2951,21
1825,295
4405,72
1827,229
1826,414
4400,1277
4401,909
4402,629
4403,279
2147,40
2146,1247
2413,330
2412,166
4978,267
4979,304
2417,2283
2416,3654
4974,995
2418,2672
922,2
4977,505
4970,3191
4971,1948
2149,1424
2148,803
5393,534
5392,19
5391,1264
5390,901
5397,44
5395,500
4155,123
5399,148
5398,397
4326,4
3277,9
1922,984
1923,428
1924,297
1925,1546
1926,1174
1927,1248
1928,2763
1929,319
3278,658
3279,231
832,16
3475,86
830,9
831,37
3470,383
837,360
3472,315
3473,472
490,107
838,189
839,1599
3478,221
3479,130
491,22
1365,236
3,57
1986,2446
4319,4
5586,2
2727,35
3332,167
3574,5
5584,3
3319,667
3318,1243
923,498
4930,24
5488,55
5487,913
5486,236
3313,550
3312,1184
3315,4464
3314,1058
3317,369
3316,106
784,2383
786,303
787,74
5249,65
5248,164
782,416
783,1883
5245,3479
5244,1014
5247,385
1725,95
788,11
1723,111
5243,891
1721,625
924,84
4382,48
3745,34
468,2
153,138
4386,527
60,666
3311,806
62,292
63,124
3001,904
3000,880
66,554
3002,3207
68,871
69,110
3009,826
5485,701
1371,668
1588,13
1589,1218
780,6
406,28
1582,90
1583,1260
1580,143
1581,43
1586,283
926,24
1584,47
1585,64
2433,38
1038,236
1039,1891
508,714
509,5
1032,104
1033,90
1030,107
1031,197
1036,2605
1037,1991
1034,279
501,130
1212,806
631,1274
632,401
633,129
1216,52
1217,70
636,2336
637,2470
638,2300
639,172
1219,822
3024,63
6043,3
4378,3495
4379,2580
989,3
5658,600
5656,83
4373,1
5654,255
5655,312
5652,912
5653,618
5650,442
5651,194
2899,323
1728,1390
2895,61
2894,1100
2897,344
2896,4
2891,83
2890,13
2893,314
2892,1596
1106,67
1726,293
1104,45
1980,43
1102,434
1103,103
1452,83
1453,192
1898,110
1458,876
1459,61
464,126
4830,119
4080,21
149,1
3869,1388
322,649
4084,111
3739,11
4087,1
3863,214
4089,3
3861,199
3860,1162
3867,864
1981,247
1720,18
1895,1222
1896,30
1455,4
323,82
5728,67
5729,91
3733,1
5720,173
3833,401
1718,31
5727,515
1891,76
4466,9
3731,4
3149,17
680,2
4903,12
3917,74
4923,842
3915,78
3912,434
3911,12
3910,2133
5631,10
4921,633
3919,60
3918,150
2135,152
4798,52
4799,477
1575,33
4797,27
4791,14
4792,511
2285,223
4152,349
5837,286
4150,1292
5835,1137
4156,306
4925,194
5830,1560
5831,2846
4158,116
4924,532
5839,666
5459,11
4834,37
4810,152
2754,76
215,393
213,2
210,123
218,15
1355,1
920,72
957,191
6088,1591
6089,82
6086,349
6087,1
6084,895
6082,390
6083,151
6080,842
6081,91
980,33
5903,30
5900,41
5901,31
5906,19
4,413
5904,65
5905,942
5908,35
5909,127
439,458
3489,101
3488,1001
981,14
2509,10
3481,53
3480,834
3284,151
3482,2
3485,214
3484,343
3487,37
3486,741
4567,148
4566,70
4565,316
4564,328
3647,299
3646,170
4569,304
3643,162
3641,12
3640,2292
2550,130
3005,230
2552,714
2553,88
2554,82
2555,36
2556,1020
61,224
3283,72
2559,67
3007,5
2396,2108
2397,782
2394,129
2395,1179
2392,232
2393,50
2391,277
64,4
6041,44
2500,31
2398,40
2399,91
5010,6
5011,38
4899,234
4898,67
5014,11
5015,159
3282,72
5017,29
2770,437
5019,40
4891,238
2773,705
4896,36
4895,422
2777,35
4081,1
2601,9
3307,4
984,49
1858,1400
1859,725
3281,23
5693,15
1850,526
1851,360
1852,378
1853,55
1854,1777
4412,39
1856,1031
1857,1658
6064,10
2173,52
6066,102
6067,307
6060,605
2177,47
4969,1589
2175,64
915,31
4966,2008
2178,36
2179,899
4963,1
6069,22
913,296
4960,21
5432,69
2606,253
2607,8
5694,358
2602,5
1420,39
1457,34
2608,10
1423,557
2645,44
1933,748
3260,457
3263,205
1930,1945
3265,125
1936,169
3267,541
1934,3302
3269,103
5125,18
1939,1095
2728,17
5120,34
5121,193
5122,181
3369,101
3467,7133
845,1432
3464,185
3463,2978
3462,1900
841,1497
840,3187
4277,797
5435,721
2975,5
849,43
848,39
3364,49
5770,73
241,147
459,49
5439,18
932,57
4276,41
4905,41
6046,95
240,30
2407,81
1739,397
1738,258
5230,383
5231,576
5232,245
5233,653
1735,507
1734,627
5236,193
1736,1445
499,304
732,6
5405,215
2052,19
5454,27
6042,6
753,1242
752,173
751,1
750,214
757,385
756,43
755,38
754,1368
759,14
758,263
3780,33
3070,6428
3071,1012
3072,618
3073,27
2958,314
3075,38
1593,13
3077,352
2954,35
5455,28
2956,793
2957,6
2950,38
1598,589
1802,380
5344,37
5345,99
5346,1253
5347,1451
1021,45
5341,8
1023,546
1022,1171
502,47
3785,124
1029,1670
1028,1632
503,97
500,219
936,4
605,112
4364,15
4367,254
4366,271
4361,128
4360,43
4363,25
1213,890
1205,152
1204,1004
1207,988
1206,1364
609,575
608,2472
1202,1
5649,637
5648,64
1358,130
1196,60
5640,1102
5642,1
4279,236
5644,59
5647,32
635,24
3696,78
1577,56
3109,63
2003,39
3105,4
3107,590
3100,1834
3101,1746
3102,75
3103,35
1447,534
1353,552
1113,345
1444,30
5,2308
1114,112
1117,2
1440,509
2006,23
1351,308
1449,62
1448,292
4093,1765
4092,102
996,55
466,186
2759,37
4096,1100
4094,985
461,777
4099,28
4858,27
791,6
5735,235
5737,310
5731,1
5730,116
3704,60
462,325
5739,1219
2008,262
480,58
5555,78
4586,14
4581,61
903,10
790,8
4725,41
6044,51
4583,3
3705,96
4724,75
2195,127
1061,9
4582,18
2303,15
3922,25
3420,3
3920,547
4726,650
3926,33
3924,2
4721,28
3929,478
124,126
4720,3
6045,341
4789,26
4788,360
4787,28
4786,684
4785,706
4784,47
4783,101
4370,266
4781,29
4780,76
5821,212
5820,28
5823,201
5822,255
4149,13
5824,128
5827,592
5826,400
5829,208
4144,661
4143,112
4377,103
3856,105
3854,461
3855,99
3852,467
3853,148
3850,95
3851,1952
1595,22
4957,11
4375,18
3858,2010
3859,1178
3003,2
6099,1569
6098,82
5303,39
6093,128
6095,316
6097,398
2898,57
4823,709
16,53
5918,77
5914,51
5917,4
5916,46
5911,4
5910,44
5913,28
5912,45
198,42
195,142
194,2
197,399
196,2
3234,97
193,73
192,8
19,3
3672,144
3673,2962
3670,3571
3671,1415
3676,1864
3677,2108
3674,552
2543,64
4821,42
2541,91
2540,461
2547,690
2546,41
2545,65
2544,1109
1274,6
2549,608
2548,260
1456,1288
2381,4
2380,52
2382,12
2385,155
2387,491
2386,248
2389,53
1450,96
1451,20
3580,36
3581,159
5001,256
5000,155
3584,539
3585,898
3586,352
5004,18
2763,29
3589,66
2761,56
421,58
2767,78
2766,170
2765,265
2764,224
999,1
1949,1
3290,17
2007,64
3552,255
902,148
4620,43
900,10
4429,369
906,60
904,54
905,34
1843,131
420,171
1841,2423
1840,3907
4426,275
4427,639
1845,199
1844,1170
6076,301
4958,131
6074,35
6073,236
2168,882
6071,129
6070,44
4952,2
4953,3022
4950,144
2161,204
2160,877
4954,6
2162,4
2617,113
2616,1098
2615,16
2614,1351
2613,673
2612,406
2611,22
2610,85
1946,18
242,214
4082,1195
2619,1
1947,249
4628,3
4083,15
1944,82
5139,4893
5138,634
1906,123
3295,581
5135,6307
3297,284
5133,79
5132,660
1900,672
3293,1834
3452,19
855,917
856,185
3451,212
850,150
3457,704
852,37
3455,273
4545,14
3458,12
3459,124
858,6597
859,58
4544,15
1186,368
4619,23
6,1366
4675,55
2463,803
3402,26
5082,111
4813,5
5229,36
5228,229
5223,134
5222,95
5220,69
5225,53
2609,90
3738,51
740,7
742,1256
743,2262
744,438
745,2360
746,308
747,249
748,53
749,166
2913,748
2949,346
2948,2031
2947,833
2946,957
2945,2013
4913,1210
2943,48
426,28
2941,1619
2940,949
5357,393
5356,1202
1052,1108
5354,890
5353,929
1055,172
5351,1483
5234,235
1058,40
1059,48
2225,93
5359,68
5358,13
1696,54
1697,160
1694,157
1695,142
1692,7
1693,2
1792,2435
5657,1
2595,579
715,143
4310,45
1279,111
618,102
4313,2550
4315,44
4316,42
4317,643
4318,275
713,35
610,200
611,2124
616,141
617,1125
614,136
615,956
4157,189
3008,67
711,92
710,22
5279,66
3333,650
1180,857
3119,223
3118,554
3117,981
3116,203
3115,343
3114,582
3734,632
3112,13
2469,163
3110,37
1472,325
1473,593
5402,1801
5462,82
1476,2
1474,91
1475,3
3337,497
1478,233
1479,10
1495,64
1304,1
1305,43
1306,599
1307,15
1300,992
1301,1197
1302,322
1303,6300
1497,253
1308,14
1309,25
5740,499
5741,752
5743,135
498,212
5745,239
5746,9
5468,129
494,366
495,391
4226,2
497,365
4220,34
4221,130
492,51
493,1678
24,310
5587,3
26,1000
5582,690
21,172
22,45
5581,252
3594,38
28,474
29,13
5589,219
4311,3
3187,121
5034,1251
5833,18
1069,1073
3938,270
5309,1
3935,64
3934,52
3937,1034
3936,193
3931,2986
3930,523
3932,409
5195,111
1516,77
1885,168
1705,30
4138,155
4139,901
5261,1071
4434,9
4131,610
4132,270
4133,361
4134,6
4437,16
5692,59
3840,1405
5690,1
5691,998
5696,192
3844,120
3847,111
3846,264
3849,472
3848,82
5698,166
5699,1479
4612,943
1063,10
1873,14
2136,586
4433,39
3916,47
3649,31
5306,44
4615,7
1066,9
4462,82
4044,444
4045,57
4046,443
4047,325
4040,47
4041,3
4042,9
3648,5
4048,140
5968,525
7,17
1656,10
5961,1585
5963,271
5964,121
5965,90
5966,249
5967,145
3665,1988
3664,174
3667,109
3666,199
3661,2883
3663,5
3699,55
2280,162
2281,139
2282,1208
2283,145
3669,183
3668,479
4549,195
4548,139
1910,51
4936,237
973,388
606,145
1605,14
4546,109
939,76
2057,34
2578,254
2579,67
2576,1
2577,253
2574,301
970,121
2572,37
2573,645
2570,2
2571,195
4826,72
2379,2
2374,318
2375,7
601,11
2377,31
2371,1
2372,1478
2373,3049
3593,524
3592,548
2596,2249
2597,21
2590,33
2591,9283
2592,4186
5039,602
5036,772
5037,351
3599,52
5035,939
5032,2809
5033,214
5030,945
5031,351
1876,231
1877,284
1874,692
1875,251
4431,118
4430,833
1870,491
1871,170
4926,1085
5373,56
4439,27
4438,106
1878,126
1879,112
4945,301
4944,1973
975,228
974,1177
4941,828
972,142
971,793
4942,601
1080,141
4949,6
4948,239
979,11
978,10
2118,592
183,1139
180,139
181,414
186,56
6047,56
184,16
598,507
2111,413
6048,291
189,44
2114,1672
2115,652
2116,1534
2117,344
2623,92
2620,34
1123,4
2626,847
2627,248
2624,86
2625,324
2628,152
2629,95
1919,7
5108,11500
4151,410
4368,13
3289,129
3288,57
1911,664
3286,323
5100,5328
5101,2529
5106,907
2112,3086
5104,2804
3280,1389
869,74
868,234
2113,323
3449,129
4154,153
3445,2762
3444,998
3447,12
862,123
3441,72
3440,606
867,665
3442,2895
2024,3933
2757,690
2026,29
2755,128
2020,4157
2021,141
2022,3895
2023,2726
2828,19
1243,372
2758,260
3145,80
883,437
882,672
881,47
4159,26
5197,238
886,4
884,964
3728,7
4017,72
888,13
5216,142
3148,9
5214,9
5215,2497
5212,10
5210,113
5211,421
657,529
5218,288
5219,1092
356,6
1707,24
3468,122
418,26
6065,7
5549,700
353,737
1727,23
5414,1976
777,3
771,103
773,1
3387,85
779,7
778,8
419,23
77,8
75,2973
5417,265
73,984
72,70
71,150
70,70
3056,526
2973,280
3054,916
3055,275
2976,20
3053,392
79,1852
3383,31
1043,2179
5363,315
5360,596
1040,1686
1047,105
1046,484
1045,706
5365,70
4597,50
5368,2157
3381,499
1681,122
1680,1059
1685,2
1687,1
5246,83
1689,6
1688,168
4928,32
4303,1597
4302,1200
1269,93
4300,143
4307,29
4306,83
669,2601
668,1327
1263,141
666,17
4309,5
664,629
1267,1838
1266,10
1265,1574
660,15
3287,185
1722,35
5103,2945
5196,33
2984,222
3285,198
3725,36
67,433
3129,24
4595,22
3123,622
3120,269
3121,96
3127,31
3124,1159
5107,213
1468,1509
1465,25
8,4983
1467,431
5105,2873
1461,75
1460,23
1463,27
1462,20
1317,333
1316,1718
1315,6
1314,793
1313,173
1311,1
1310,6
4529,21
1319,41
1318,449
5791,3
5752,2
5751,400
5750,205
5757,60
5755,61
5754,204
4237,884
4236,113
4235,1021
4234,26
4233,223
4232,2089
4231,174
4230,29
5591,1403
5590,3514
5593,242
5592,1
5595,1044
5594,2043
5596,17
5599,38
5598,10
861,331
4609,1748
860,76
3948,725
3949,851
319,1055
318,228
3274,845
3940,657
3941,203
3942,82
3943,166
3944,863
316,20
3946,33
4800,41
4606,271
3299,7
3443,72
5364,666
866,6
2756,59
4129,1777
4128,6
5342,1
4123,524
4122,744
4121,23
4120,2187
4127,440
4126,65
4125,683
443,89
2027,17
5688,7
2752,21
5681,74
1888,88
5683,6
2753,46
4707,42
1336,475
2750,40
2322,166
948,9
2751,106
4604,28
4705,829
6062,1462
4704,2799
2696,18
2327,206
4702,560
4057,1692
4056,102
4055,586
4054,341
4053,705
4052,824
4051,227
2028,4
4605,14
4700,3
2908,23
4059,1302
4058,985
630,203
1244,158
5978,951
5973,7
4358,104
5971,7
5970,31
5977,2363
5976,21
5975,27
5974,154
3610,195
3611,99
2299,1457
3613,35
3614,4
3615,168
3616,343
3618,49
3619,2
2297,896
2295,74
2294,629
4354,601
5301,59
880,271
4709,675
5679,56
2982,62
3406,5
2569,2312
2568,8
4357,36
2561,327
2560,2633
2563,1650
2562,61
2565,380
2564,106
2567,45
2566,2183
2369,57
2368,2750
2366,340
2364,3
2362,11184
2361,64
2360,1863
5029,1869
5028,297
2585,6
2584,29
2583,266
2582,321
5021,586
5020,37
5022,37
5024,15
2589,4973
5026,590
1861,574
281,43
4442,16
1862,247
1865,27
1864,55
1867,174
4447,1155
1869,1502
4449,1911
3726,890
3727,45
4490,398
3722,20
964,743
4931,53
4684,162
4685,8
4934,573
961,245
4680,411
963,189
4938,777
4939,1160
5578,19
968,65
4688,152
4689,231
1337,253
2109,288
2108,763
6059,1636
5251,86
5576,16
6054,39
2101,282
6056,627
6051,751
6050,5369
6053,439
2104,235
5115,279
5114,1101
5117,25
5574,239
2639,100
2638,198
5113,77
5112,761
2635,43
2634,1650
2637,374
2636,364
2631,369
2630,870
1245,22
2632,340
1717,43
35,2
34,1
3438,45
641,142
2705,33
1611,39
640,463
876,29
877,30
874,125
3433,21
872,111
3090,692
3436,249
3437,2484
2741,520
2036,3968
2035,10101
2034,5301
4848,3128
2032,70
2031,19
2746,999
9,461
3096,538
4846,2622
4847,10
4840,496
4841,9
2039,4697
2038,3695
890,18
1917,3
892,145
893,149
894,273
895,3858
896,2054
897,4505
898,25
899,518
1246,1742
3651,532
1715,7
5201,318
5203,16
5202,72
5205,25
5207,53
1248,113
5208,309
5193,177
5907,86
5198,76
3544,329
3545,23
3547,571
3540,668
3541,166
3542,1
3543,299
4369,500
3235,190
1711,259
3549,193
1964,369
422,312
430,26
5194,142
1966,970
5182,864
1788,20
2964,9
1967,34
2960,44
4440,69
2962,358
1780,165
5191,3591
760,277
761,582
1784,1103
1785,1494
1786,1680
5190,199
3049,468
3048,68
1962,126
3041,38
3040,142
3043,146
5192,540
3045,303
3645,1997
3046,543
5379,2019
1078,351
1079,773
5375,52
1535,2875
5377,2586
1075,75
1072,890
5370,860
1070,587
1071,141
1678,774
1679,147
3804,8
1675,753
1676,694
5394,11
1094,462
1095,1
1096,323
1097,153
678,679
1091,567
1092,2317
1093,184
674,345
675,31
676,2036
4335,754
1098,779
1099,493
4330,1767
4331,10
3135,402
3134,2632
3137,379
3136,511
3131,341
3130,574
3133,256
3132,4
3139,432
1534,2435
3396,1
1533,155
933,36
1915,34
3962,23
1622,13
1418,98
1419,91
1410,1099
1411,73
1412,51
1413,55
1414,24
1415,25
1416,10
1417,223
1322,62
1323,742
1320,119
1532,1293
1327,206
1324,195
1325,22
4646,137
1328,798
1621,210
1965,198
4209,353
5768,496
5769,384
4202,42
1600,458
5764,1119
4645,1300
5762,107
5763,484
4204,29
1531,64
5568,16
5569,27
4445,16
5564,670
5565,360
5566,1889
5181,1056
5560,419
5561,145
5562,1
5563,1298
1524,64
1525,358
1526,25
1527,1981
1252,61
1253,33
1250,1133
1251,492
1528,1464
1529,2312
1258,232
646,719
309,704
1916,3
3958,78
3953,802
3952,141
3951,1177
303,201
304,1
305,64
306,127
307,25
4116,4290
4117,9184
4114,7
4115,6621
4112,170
4113,433
4110,23
4111,2126
4118,226
4119,650
4634,334
2254,5
2978,243
74,423
3340,39
4448,339
5159,729
5184,21
2779,7
988,34
5013,68
3057,4
3341,128
4062,68
5947,411
4060,958
4061,443
5942,179
5943,3068
5940,10
5941,1206
4069,246
5948,689
5949,289
5784,144
5018,161
5786,23
5787,73
5780,13
2974,1
5782,308
5150,126
78,36
5788,230
5789,7
3603,24
5362,112
3601,115
3600,131
3607,4
3606,1655
1042,8
986,104
3609,1753
3608,629
1041,37
987,34
5038,1
5361,48
5157,648
2478,20
4435,2
5367,418
3891,1
6118,532
6119,3
1489,3
6114,897
6115,1150
6116,776
1044,45
6110,149
6111,427
6112,55
6113,429
2358,4723
2359,128
2352,106
2353,983
2350,166
2351,39
2356,4300
458,698
2355,9
1048,136
5447,19
4453,163
4451,109
4450,69
4457,333
1899,274
4455,421
4454,147
3737,51
3736,1753
3735,142
1443,1031
1890,96
3732,269
1892,64
3730,621
4691,336
4922,20
2134,677
4920,151
4695,509
4694,1236
2130,1396
2131,395
953,64
952,386
955,469
954,172
2138,522
956,972
6028,1
3203,616
6020,194
4946,76
477,3
6025,28
6026,35
6027,51
2648,1142
5161,43
5163,768
5164,1475
5165,55
2784,1619
2640,145
5169,723
2642,114
2643,260
2787,62
2646,161
2647,4312
2786,1707
1441,2
2781,8
2749,11
4527,18
3429,84
3428,284
2783,78
3422,191
3421,11
4418,9
3427,3361
3425,280
3424,39
4417,1
2000,1638
2001,1539
4589,47
4588,262
4859,1267
2005,989
4857,979
4584,170
4587,1372
4854,244
4853,770
4415,114
4851,241
4850,2113
4414,96
4413,25
2137,22
2852,4
1268,32
4411,362
2100,4
3556,10
3555,22
3554,51
3553,71
4305,151
3551,2
3550,548
2491,27
4304,54
2170,133
3558,7
667,69
2171,987
2176,35
1261,158
918,128
1909,51
2911,189
2912,540
1798,45
2914,2044
2915,576
719,1103
718,8
717,1521
663,1019
1791,102
4968,1695
1797,92
1796,420
1795,904
1794,1232
4967,90
661,298
716,110
2106,781
4079,46
5260,3
4965,45
5954,18
5308,1040
1068,4
4964,164
5300,36
1060,3
5302,359
1062,18
1065,36
1064,634
1067,64
5307,446
4390,27
1669,3
1668,11
1667,1
1907,41
1662,273
1661,160
1660,1836
4329,2011
590,38
1085,252
592,17
595,740
1082,192
596,3797
599,3842
4320,419
4324,113
1088,169
3140,4840
3141,32
3142,188
3143,1959
3144,643
2829,101
3146,218
3147,107
2824,358
2825,9
2826,9
2820,93
2821,103
2822,3
2823,1183
3386,1690
5415,523
3384,7
3385,804
3382,874
5411,55
5412,30
5413,1644
2603,20
5418,216
5795,13
3388,400
3389,3217
1409,84
1408,122
1403,448
1402,58
1401,669
1400,2563
1407,14
1406,538
1086,58
1025,24
449,1387
448,318
1339,360
1338,304
1491,150
1335,57
442,8
441,174
440,352
1330,36
445,1060
444,74
5779,963
5778,3
4947,93
4623,67
1432,24
4436,28
1542,535
5773,176
5772,104
5775,137
5774,340
5777,2
5776,24
4837,37
3261,17
39,37
1492,3
1540,101
1057,49
1932,995
33,7
32,949
31,17
30,284
37,858
5572,1137
5571,42
5570,19
1241,314
3093,2247
643,2247
642,626
645,1327
3097,583
647,714
1530,612
649,37
648,520
3098,107
1632,51
1027,984
1539,86
1538,56
1493,39
339,49
338,1653
4391,226
335,961
334,772
337,561
336,839
331,560
330,1009
333,633
332,3074
4101,8211
4100,563
4102,537
4105,34
4107,4042
4106,1817
3204,130
3125,763
5771,71
3967,104
1938,4
4626,61
3898,1
3899,5133
1634,57
3892,339
3893,205
3890,250
5123,34
3894,1214
3895,1164
847,193
3465,4
844,42
1635,18
1464,37
843,68
1496,5
2119,92
842,1169
5950,23
5952,133
5955,135
3461,1436
5957,24
5956,92
5959,5
5958,21
3460,91
4071,305
4073,40
4072,2
3966,18
2064,128
3964,116
3965,61
5793,1070
5792,64
3960,145
3961,598
5081,12
3968,698
3969,158
774,3
3639,395
3636,43
3637,97
3634,4108
3635,151
3632,22
3630,3197
3631,2267
5547,5
1454,2
5343,329
3469,102
5798,43
4610,167
1498,82
3507,239
152,33
4613,408
2345,91
2344,40
2347,204
2346,947
2341,139
2340,911
6109,1311
2342,467
6107,135
6106,198
6105,2920
2349,63
6102,189
6101,608
6100,797
1822,7
4504,37
5785,395
1350,52
2594,19
2067,26
3708,21
3709,85
4468,1315
4469,386
3702,111
1886,157
4464,856
4465,383
1883,16
3707,694
4460,352
4461,518
2121,54
2120,816
2123,965
2122,36
2125,39
2124,1519
4918,227
949,375
2129,1478
947,27
4914,206
945,165
942,907
4661,994
4910,2055
4911,862
6039,207
6038,96
2348,26
6032,42
6031,32
6030,25
6037,105
6036,138
1594,9
6034,36
5173,411
5172,701
5171,952
2658,904
5177,83
5176,199
5175,694
2653,9
2652,1818
2651,119
5178,850
2657,1748
2656,133
3039,21
133,88
132,3561
131,340
130,586
137,46
3413,483
135,62
134,2672
1931,1848
4371,21
138,1
1597,58
3418,169
4864,30
5348,49
707,1
4868,985
2019,4855
2018,197
2015,219
2014,11
4860,1576
2016,255
2010,25
2013,31
182,667
5349,9
5923,769
5277,7
1937,44
1591,58
324,1794
2488,35
3562,25
3563,111
3561,9
3566,625
3567,1077
3564,992
3565,1474
3568,159
3569,49
4484,27
4485,152
4480,28
4481,2
4482,1662
4483,308
1374,12
1466,10
4489,912
5334,6
2903,91
2902,101
2901,2
2900,98
708,85
3694,76
2904,532
704,128
705,39
510,23
700,89
701,37
703,126
88,66
89,31
4940,712
82,153
80,1312
81,1339
84,450
85,2
5319,24
946,67
5313,1212
5312,155
5310,2157
3217,62
5314,293
1659,206
2487,26
1652,34
410,5
4239,38
1657,11
1654,61
1655,9
586,549
587,295
584,45
585,279
4890,13
411,6
1631,70
5273,26
3216,212
588,15
3153,4
3151,266
1633,977
3157,25
3156,184
2838,1
2837,4
1982,1082
3159,72
2834,8
2831,8
1983,1072
1436,2587
1437,100
1434,761
5404,390
3395,201
1433,237
5401,403
5400,907
3399,1
3398,1055
4655,2
3213,632
4333,61
1438,1963
1439,132
1260,119
1731,108
4506,67
1730,127
2308,52
1349,232
1733,6
4260,1396
4261,732
4262,971
4263,525
4264,41
1889,24
4266,870
4267,187
450,6380
451,4743
452,9306
453,195
1344,1302
455,1065
456,487
457,914
185,70
3824,5
1737,315
5167,3
4467,34
5237,89
3700,3447
766,4
2157,61
5548,1014
3701,597
5543,555
5540,125
5541,84
5546,122
2483,5
4463,54
1502,43
1503,156
1500,78
1501,14
5168,34
1507,925
1504,311
651,572
3085,327
3084,35
3087,3434
1509,635
3081,83
311,515
3083,279
3082,299
310,35
1599,57
833,1
5890,195
5891,301
5892,109
5893,130
5894,172
5895,111
5896,180
5897,65
5898,127
5899,17
3947,27
3439,219
1543,171
3885,30
3884,246
3887,13
3886,85
3881,3
2127,64
3882,74
2481,37
4919,6
4916,422
4935,1706
944,289
1884,3
4650,583
4696,28
4912,396
943,887
5151,212
940,31
2942,13
4900,33
941,1431
4762,102
4008,256
4009,35
2017,407
5767,7
4005,215
4006,379
4007,6
3971,68
3970,2824
320,781
3972,2350
3975,541
327,114
3977,302
325,371
3979,7
3978,6
328,90
329,1119
1904,2
3629,1245
3628,286
3294,30
5684,59
3621,10
3620,27
3623,13
3622,1457
3625,905
3624,2
3627,7
3626,19
4714,2954
4715,511
4710,71
4711,81
4712,41
4713,1242
2338,1169
6133,45
6130,12
4718,777
4719,16
6134,1
6135,103
5765,24
1880,24
3250,9
3074,35
1914,2
50,338
3715,177
3714,47
4289,2
3711,183
3710,20
2713,1
1592,11
3719,71
4479,1546
4478,1858
5170,26
3251,107
2955,44
4471,910
4470,1330
4473,215
4472,100
4475,92
4474,103
4476,68
4909,10
4908,59
6004,7
6002,1
6000,522
6001,1871
2486,579
3175,168
2484,12
2485,2005
2482,1141
4672,243
2480,477
4670,394
2248,4
2249,2437
2244,72
2245,140
2246,46
52,52
2240,5
2241,133
2242,68
2243,724
995,120
994,5380
997,1649
2467,291
2460,16
2461,271
2462,225
5149,253
5146,250
5147,24
5144,431
5145,5
5142,615
5143,7579
5140,1077
5141,1068
120,640
3400,319
3403,31
123,81
3405,123
3404,329
3407,967
127,62
3409,2180
3408,471
2654,6
1020,168
3416,108
4871,24
1188,35
3417,234
3378,371
3414,2308
5425,122
2798,427
3415,3
5424,101
2792,56
2061,207
2062,56
2063,202
2796,210
1184,164
2795,133
1182,110
3411,93
3372,27
3371,103
5422,42
5098,6722
5099,4929
3579,301
3578,2878
5090,153
5091,163
5092,184
5093,3447
5094,313
5095,98
5096,951
5097,1485
4497,6
4496,2
4495,23
2665,339
2662,513
4492,184
2660,35
2661,214
1748,552
4499,10
4498,17
2938,373
2939,119
2936,2261
2937,323
4855,45
2932,148
2930,471
2931,500
5326,525
1744,79
5325,63
5322,349
5320,5
5321,369
1836,2001
231,1
5328,1579
5329,921
1645,53
1647,114
1646,239
1641,29
1640,139
1642,794
1649,1035
2598,21
3690,3
728,3
772,63
729,28
3797,4
1732,27
1839,1239
1270,11
604,28
570,80
4229,3781
607,180
574,22
2808,499
2809,288
4956,132
3169,1232
3166,7
2803,39
2801,1
2806,346
600,43
1421,617
2406,144
5430,1092
5431,1692
3368,411
1424,259
1427,12
4980,1040
3448,119
1428,607
5438,42
3367,19
2404,456
3362,83
3363,1
731,2
730,56
733,4
2405,93
735,8629
734,7
737,84
4985,15
3390,83
1084,4
4984,748
4273,202
4272,2428
4271,559
4270,550
469,147
4987,132
4275,78
4274,62
465,184
1352,842
467,3208
4986,426
1357,56
463,516
4243,81
4660,129
5554,2149
5556,448
5553,1130
5552,143
5559,97
5558,2506
4224,31
5374,72
2542,14
4867,103
1518,126
1515,552
1514,14
4865,955
1511,614
1510,75
1513,5
1512,64
4225,180
4886,42
5883,1387
5882,78
1894,8
5880,163
5887,916
5886,518
5885,628
5884,70
2004,124
5889,289
5888,208
1390,1
958,57
280,332
5645,45
3184,10
3185,5
3186,62
3394,152
3180,2334
3181,363
3182,478
1024,9
5508,3
3188,392
3189,3
4227,524
3397,1279
1277,194
5972,32
6078,3
4018,27
2688,2
4013,16
4012,902
4011,3290
4010,258
1897,63
4016,514
4014,705
357,24
5797,4
355,511
3988,1016
3989,531
3984,166
3985,97
3986,666
3981,68
3982,54
3983,116
3612,296
5796,2
6125,245
6124,448
6127,1226
6126,969
6121,128
6120,5
6123,1
6122,274
41,33
2323,39
4706,1991
2321,432
2320,152
4703,1878
2326,34
2325,156
2324,310
2329,181
2328,1
1445,442
484,697
4708,36
289,1469
288,217
1112,24
2292,8
1793,616
1115,179
283,170
282,139
285,158
284,121
287,311
1442,634
3760,81
3761,108
3763,147
3764,29
3765,11
3766,521
3767,86
3768,44
3769,147
1116,98
263,62
262,103
261,1
267,173
266,161
265,186
264,111
286,339
269,2270
268,838
6011,179
6010,6
6013,136
1291,24
6015,174
6014,3
1215,15
6016,400
6019,2040
2490,1710
2493,7
2492,2025
2495,209
2494,5
2497,2966
2496,1027
4424,41
259,113
1566,315
2259,206
2258,194
2257,1148
2256,446
2255,75
1295,335
2253,231
2252,6
2251,19
2250,297
2477,937
5158,27
2475,701
2474,102
2473,9
2472,5
2470,462
982,130
983,30
5153,552
5152,339
5155,3395
5154,91
2479,2460
985,829
5179,19
2198,1027
117,62
4090,20
111,284
110,1035
113,112
112,819
119,160
3681,153
165,405
3432,39
2785,1692
4801,1647
4802,693
4803,1990
4804,367
4805,969
4806,1725
4807,12
4809,2
2788,29
2079,2392
2078,6951
1716,16
2073,1228
2072,101
2071,3
4108,14
2076,8
2075,113
2074,737
4829,1049
2174,1778
1590,2
3508,60
3509,46
5089,262
1026,1490
3500,19
3501,129
3502,290
3503,89
3504,180
3505,96
3506,101
5084,296
2675,24
2674,38
2677,118
2676,283
2678,87
3220,105
2929,3076
2928,1283
2921,968
2920,1087
2924,151
2927,8
2926,18
5330,15
5333,3075
5332,1030
3685,162
5337,29
5336,2
5339,2
4906,38
2906,7
1630,252
3215,4143
1984,3209
1985,2171
3210,3448
3211,1123
1636,1337
1637,2373
483,129
3218,17
3219,34
1988,13
1989,46
3222,56
2740,53
3862,2
2817,242
2816,944
2811,99
2810,56
2812,148
560,6
561,3
562,16
2819,47
2818,1838
567,365
3179,21
3178,1607
5255,19
3171,94
3170,14
3173,659
3172,26
5131,863
3177,136
5086,6
4894,48
5429,798
5428,80
3379,104
1189,702
3377,2107
1187,1972
3375,230
3374,224
3373,244
1183,226
5068,85
3370,8
726,80
727,42
724,78
725,181
722,470
723,1576
720,72
721,310
5995,1102
1745,11
1746,47
1747,233
1741,254
1742,119
1743,590
1164,17
2587,1085
1166,110
4393,395
1160,173
4248,585
4249,323
4246,33
4247,1745
4244,342
4245,858
4242,25
1169,5897
4240,272
4241,31
5520,239
5521,974
5522,10
5523,453
5524,120
5799,208
5526,472
5527,1359
5528,36
5529,22
4397,1
3304,78
1366,191
1488,1
48,654
49,2963
46,739
47,1783
43,180
40,45
5491,10
1568,3528
1569,34
1298,10
471,285
1587,12
3198,1
4021,68
1561,497
5493,23
1296,1
1294,1531
1567,510
1713,292
1360,89
796,982
591,116
795,508
2425,14
1710,222
5027,794
2551,341
3092,8
5256,316
2599,14
5257,169
4398,55
4399,31
5639,1666
4441,37
5634,193
5635,148
4392,64
5637,776
5630,373
1863,105
5632,86
5633,72
3197,185
1367,394
470,367
3194,567
3193,44
1363,55
474,194
3190,33
4444,395
478,88
479,994
1719,11
3199,2
1369,207
