1718,46
4446,22
2719,18
3734,589
1866,57
5745,259
965,2
4026,166
4027,1782
4024,744
4025,2274
4022,17
4023,76
4020,1
4449,2085
3798,24
4028,46
4029,309
5988,208
5989,2079
5982,388
160,64
5981,45
5986,72
966,35
5984,589
3570,1
340,223
341,18
342,266
3998,109
3997,196
3996,1219
3995,193
3994,61
348,359
349,22
3991,112
3990,93
4686,476
4844,744
4931,112
5747,265
1343,18
4932,171
3573,86
4685,6
5373,69
2919,26
3236,1175
3325,12
961,316
4732,530
4731,22
4736,2474
4680,636
4734,508
2319,2975
2316,6239
2317,382
4738,1582
2315,50
2312,162
2313,53
2311,86
5854,7
5855,28
2184,96
5857,13
5850,13
5852,38
5853,2899
3237,3
294,71
1655,10
292,759
3681,161
290,36
291,106
3773,453
802,1
3771,26
4832,40
3776,371
3775,159
3774,207
4835,52
4021,47
4522,389
270,126
4654,844
272,1989
4656,1280
274,1071
4650,734
276,43
277,212
279,30
4520,7
4659,11
4658,423
3446,44
4782,50
642,681
2269,199
2262,162
2263,164
2260,762
2261,350
2266,108
2264,198
5789,5
4518,1
2446,568
2447,17148
2444,221
2445,1235
1137,106
2448,390
2449,60
1136,17
108,911
109,220
6054,69
103,74
100,6
106,125
107,1307
104,4
105,135
2046,1457
4812,448
2044,150
2045,137
4817,910
2043,12200
2040,4931
2041,834
2107,118
4819,2912
4818,1041
2048,94
2049,1107
2105,89
6052,61
820,2
2993,35
4031,100
5116,23
4843,46
2836,37
5111,1418
2835,18
2142,203
3519,37
3518,63
5298,139
3513,107
3512,78
3510,26
1210,123
3516,88
3515,14
3514,962
5783,3
2831,6
5297,57
2684,1367
2685,58
2686,90
2687,1144
2680,1315
2681,106
2682,844
2683,1302
3391,1
3694,69
5119,244
343,105
1434,700
5118,2
99,33
3019,989
4937,8
91,39
90,141
5291,360
94,1084
5402,2167
1991,1314
5183,205
1621,159
3204,163
1995,1339
5187,1075
3201,685
1996,2892
1999,92
1998,255
1629,696
5189,1143
3209,5
3208,2445
3012,1862
3013,52
3534,63
2861,5
2862,10
2863,694
559,44
2865,286
2866,1208
2867,39
2868,538
2869,161
551,44
550,1091
553,229
552,12
5054,82
5409,102
5055,827
1439,167
5458,369
1198,86
3348,1116
3349,3480
3342,2069
1190,1479
1193,545
1192,154
1195,390
3347,127
3344,109
3345,429
1450,160
1756,2069
1755,522
1754,1183
1753,1144
1752,392
1751,607
1750,1008
4259,63
4258,3142
1175,964
1174,256
1173,1564
1172,273
1171,4763
1170,6276
4251,1230
4250,220
4253,4
4252,390
4255,2126
4254,123
1179,222
4256,330
5533,1751
5532,794
5531,758
5530,165
5537,3
5536,121
5535,101
5534,1592
5539,362
5538,58
513,320
644,90
1811,8
1285,635
1287,1264
1286,59
1281,147
1280,137
5572,1218
1282,2394
515,58
879,597
404,50
3430,5
1579,1099
1578,4383
689,92
1001,108
1872,1
877,36
685,1408
684,411
1571,831
686,253
1577,65
3432,63
683,116
682,981
662,65
1348,475
875,6
459,100
3434,14
1225,1
873,73
3436,178
871,170
626,19
2741,516
4389,5
5629,56
5628,25
4383,192
5626,547
4381,96
4380,1861
4918,321
4386,485
4385,15
4384,163
407,1670
1370,1104
405,69
1372,76
1374,15
1377,1
451,3946
1379,428
4848,3627
1342,131
409,1595
408,6476
3834,208
3835,1028
3836,31
453,262
3387,108
3831,4610
3832,1838
3833,434
454,676
2746,965
3839,5270
1345,43
5995,1173
4030,975
5996,130
4035,20
5990,117
5993,2520
5992,1372
4038,177
457,1087
5999,67
5998,226
4737,155
2318,662
4735,19
379,177
378,1684
371,7
373,7
372,60
374,71
377,2316
376,209
2343,33
1244,141
5107,203
4348,331
3205,258
393,19
392,8
390,22
397,1215
396,8112
395,460
394,758
6007,16
398,2641
4345,5
5796,8
895,3722
2309,2002
2308,28
4344,9
4729,24
4728,622
2301,785
2300,1326
4727,993
2302,4281
2305,571
5856,38
4723,190
2306,219
5847,68
5846,1
5845,2392
5844,665
1917,3
2995,1364
5841,558
5840,162
5849,121
5848,221
2196,1
298,41
3749,4
3747,421
3745,24
3742,332
3743,692
3740,4
3741,338
245,3427
4621,98
247,4134
246,6875
4624,1733
4625,986
243,3
4627,76
226,15
3591,1
249,76
248,1270
2275,1025
2274,5
2277,4
2276,294
2271,823
2270,141
2273,243
2272,627
5858,15
2279,1003
2278,2067
293,112
4980,955
2705,20
2232,16
125,44
2454,1714
646,587
2456,3063
2451,85
2453,107
2452,12
3770,8
2155,1079
176,363
175,872
174,80
173,636
172,1078
170,1408
2051,21
2050,263
2053,17
1111,493
2055,40
2054,403
4828,21
2056,197
2059,147
4827,37
3692,161
3693,603
4530,502
4823,765
4820,636
3697,214
2156,48
3596,192
3089,4
3088,145
1879,68
3778,45
3545,33
5495,6
1505,83
4402,602
3526,13
3527,17
5149,242
3501,125
3522,47
3523,46
3521,26
4916,504
1508,182
3528,46
3529,11
1509,783
4073,44
271,73
5738,40
4657,299
3080,131
3594,11
3225,75
273,69
658,25
3224,703
4651,1269
2695,505
659,74
2693,39
1603,29
2691,4
275,149
2405,90
1602,26
4653,15
3557,2
1605,34
4652,12
3220,113
3223,251
3673,4356
1970,2087
1362,511
3232,445
3233,107
5490,118
4555,1
1968,1097
1969,6376
1618,943
1619,561
1616,12324
1617,623
1614,2105
1615,2471
1612,254
1961,114
1610,2225
1963,2321
4310,19
2063,228
1114,140
1363,75
714,32
2873,123
2872,1404
2871,533
2870,164
2877,1084
2876,758
2875,180
2874,204
2153,74
2879,4334
2878,1810
4632,3
3355,8
3354,186
3357,2
3351,1928
3350,2077
3353,3
3352,4776
3781,56
5448,541
65,4
4989,65
5443,607
5442,29
5441,13
5440,364
5602,13
5446,506
5445,10
5444,548
1768,2152
1762,36
1763,69
1760,55
1761,27
1766,218
1767,785
1764,107
1765,179
1140,214
1147,7
1789,52
2692,11
2966,7
2402,122
5509,49
505,6
5505,18
5502,58
5503,38
5500,74
1547,1268
690,13
691,184
1542,401
1543,144
1540,48
1541,746
698,167
699,2
1548,850
1549,2517
1220,1
546,49
547,4
1781,97
3784,120
548,652
549,9
1864,76
760,250
3885,15
1783,66
400,202
1784,1028
2968,1446
1627,1
1787,24
5137,216
4531,487
3321,93
5612,7
5611,837
5474,54
5614,351
5615,4
415,1044
416,4
417,148
1388,2283
1389,127
412,17
18,195
1384,133
5472,17
1386,69
1387,26
1380,1831
1381,3738
1382,824
1383,1866
5003,51
3825,811
4532,57
3326,4
3821,1
5002,37
2769,12
3829,568
3828,221
5000,256
1177,8
3582,11
1254,4
5007,110
3585,1321
4282,1812
4283,14
4280,1085
4281,302
4286,156
4284,68
4285,5
5461,9
4288,166
5004,14
2403,69
2099,8
3044,140
3303,33
368,73
2762,18
366,1235
367,12
364,17
365,1
362,20
363,81
3214,17
5274,46
2760,28
1774,2627
3202,1
1777,2
380,924
382,631
383,45
385,16
387,178
388,1025
389,596
1770,15
4758,638
4759,447
5463,4
5272,28
4750,130
4751,58
4752,61
4753,286
4754,7
4755,7
4756,1
4757,18
5872,2362
5873,1789
5871,1893
5876,301
5877,2416
5874,61
5875,14
5878,42
5879,93
1074,39
3759,59
5462,78
5376,5
3751,367
1779,61
3753,2101
3755,344
3754,249
3756,15
2191,53
258,2537
2193,58
2194,198
4636,2266
4635,55
2197,905
2198,1120
253,1219
250,671
4638,833
256,135
257,54
254,536
255,515
2200,1061
2201,118
2202,3937
2203,711
2204,259
2205,5203
2206,496
2207,6
2209,52
96,502
680,2
2429,4591
2400,6
2304,112
2047,206
2420,554
1446,19
2422,2
2423,69
2424,109
4811,529
2426,1308
2641,152
901,76
168,271
169,720
165,404
166,95
167,307
5467,87
161,420
162,21
163,10
4839,562
4838,64
3688,91
3583,4
4528,53
3683,345
4526,22
4833,819
3680,1308
3687,198
3686,48
4521,626
4836,251
4422,24
3212,370
2518,58
2519,191
2514,9
2516,3
2517,134
4420,539
2513,240
2734,32
2735,179
2736,6
4421,2
2730,70
2731,1372
2732,576
2733,1914
5296,577
4426,324
5294,20
5295,125
5292,89
5293,269
5290,301
4427,662
3531,546
3530,5
3533,290
3532,960
5058,825
5059,1694
3537,24
3536,96
3539,45
3538,311
5056,900
5057,1489
5050,126
5051,148
5052,1341
679,85
1814,826
1815,71
1816,141
1810,448
4338,27
1812,11
1813,3577
4339,111
1818,1359
1819,9
1107,11
3179,30
6074,49
5468,183
4337,465
6073,239
402,9
676,2270
4167,29
677,34
1098,771
1087,78
1099,449
3042,44
672,298
4663,188
4135,156
4331,17
2167,42
1608,846
1979,32
1978,10
1601,352
1976,3094
1975,659
1974,1491
1973,10170
1972,1525
1971,1037
1606,805
809,89
808,33
803,2
908,37
6078,2
807,395
806,2
805,40
5842,71
2848,20
2846,18
2844,40
2843,57
2840,8
2841,61
3039,32
5477,163
3322,303
3323,2158
3324,60
5473,50
5470,22
3327,11
3328,77
3329,1751
1309,8
1775,830
5275,811
5276,171
1776,265
5270,99
5271,490
1773,30
1772,192
4720,2
4855,68
5278,93
5809,1724
321,333
1990,70
326,976
5516,3
1159,210
1158,445
2999,29
5433,46
1157,823
325,403
862,89
1150,1093
2162,2
5519,651
5518,750
3038,33
3277,18
5801,162
5517,22
58,289
1550,629
1101,10
59,3450
1554,700
3034,164
3035,130
57,957
56,4635
3030,334
3031,666
2996,438
2997,67
55,2
533,2
532,4
54,6
4662,55
2992,36
781,1
3571,101
3037,65
5139,4853
2994,1
2694,84
50,394
5605,688
5604,183
5607,8
5606,376
5601,107
3032,1515
5603,77
5136,1761
3033,1274
5609,196
5608,131
3724,15
1905,242
2772,88
3290,9
3291,45
429,2204
428,1501
5131,873
1399,1562
1398,187
1397,240
1396,47
1395,120
422,297
425,5
424,13
1391,86
426,14
3812,54
3813,180
3810,4
3811,54
3816,64
3815,242
3818,293
3819,1044
5124,189
3450,18
3451,300
3627,6
850,101
4692,7
3457,830
4299,58
917,15
5369,67
4294,380
4297,90
3455,342
4291,95
4290,157
4293,10
4292,125
1860,33
977,48
2298,15
2199,40
1165,119
4749,17
4748,264
4743,934
4742,647
4741,9
4740,316
4747,511
4746,15
4745,374
4744,9
5869,657
5868,231
4243,132
5864,1206
5867,282
5866,8
5861,2062
5860,218
5863,108
5862,197
2330,189
2331,1639
5350,895
2183,1174
2182,1203
2181,173
2180,3312
2186,5
229,4
4609,1989
4606,280
4607,563
2189,547
2188,976
4602,46
222,12
221,14
220,50
2213,30
2212,4
2211,77
2210,302
2217,16
2216,95
2214,152
2219,160
2218,431
2339,14
5600,141
151,237
150,262
2439,428
2438,566
3971,44
154,571
156,6
159,65
4718,642
1293,6
2430,538
2437,189
2436,1098
2435,153
590,34
4922,25
976,22
6135,141
123,84
4519,264
4988,13
4512,158
4510,79
4511,78
4516,14
4517,342
4514,418
4515,2167
1359,14
2509,8
2507,29
2506,31
2505,17
2504,2
2502,27
2501,41
2500,29
5289,3
2726,8
2723,657
2722,22
2721,58
2720,12
239,237
5280,1289
5283,1000
5285,348
5284,365
2729,1137
5286,29
1712,155
1163,31
5049,73
5048,1753
5047,875
5046,564
5042,114
5041,229
5040,19
1807,106
3783,416
1805,358
1804,193
3786,360
1802,368
1801,350
1800,2098
3788,5141
3789,733
1809,9
1808,263
4994,870
4995,39
4992,487
4993,2030
4990,25
4991,23
4998,1076
4999,91
5567,427
5340,2
3710,16
3259,356
1948,171
1544,152
1257,185
1942,61
1943,663
1940,463
1941,1351
3254,254
1947,332
1944,71
1255,1
810,17
1520,8
812,240
813,130
814,309
815,287
816,53
817,456
5182,878
3206,121
2850,56
1358,306
1251,593
2855,1
5180,1070
1490,3202
3332,151
3331,175
3330,1090
5465,13
3336,2202
3335,857
3334,7573
5469,66
3203,920
3339,638
3338,207
423,280
4189,6
1994,325
1700,163
1701,10
1702,5
1703,1106
1704,760
1625,1103
1706,656
1707,17
1709,70
5185,103
5269,554
5268,1232
4573,144
427,1
3658,103
2975,8
4188,1
697,1003
3659,2
1128,7
472,448
2093,619
1121,1
1122,170
4577,26
1125,16
1127,11
4578,2030
4826,64
3655,506
313,186
4722,2
5437,20
2988,220
497,494
3029,96
3028,62
2983,679
2982,81
3025,144
3024,41
3023,12
2986,91
3021,48
2098,422
300,86
1018,381
1019,584
3952,209
312,346
695,22
1016,24
1017,88
1010,319
1011,562
1013,562
303,171
1230,9
1231,45
1232,488
1233,14
4197,1
4194,1
5671,2
5672,4
2526,1763
5674,357
4359,2
4354,853
4355,230
4356,119
307,16
4350,45
4351,5585
4352,9
4353,88
6000,563
4901,453
438,626
439,611
436,1725
437,7685
434,241
435,970
432,234
4903,16
430,21
431,59
5836,1
740,6
3809,91
3808,381
3805,51
2482,1157
3807,167
3806,57
3800,471
3803,1
3802,1796
4671,255
3312,1691
473,214
2864,667
2481,31
2285,198
5708,1
5709,820
5704,1085
5705,114
5706,3
5707,664
5700,553
5702,45
5703,62
2706,24
3162,155
554,29
1437,161
634,43
2173,37
1960,52
315,102
4777,363
4774,23
4775,50
4772,3
4773,67
4770,424
4771,127
4778,9
4779,269
4174,1006
4175,69
4176,696
2247,2
4172,5
4173,158
2700,40
2241,125
5818,37
5819,112
5718,105
1435,40
5810,654
5815,142
5816,1
5817,75
2464,146
4296,4
4683,79
2717,88
4619,37
4618,371
919,25
238,12
1432,27
234,312
235,2153
4613,506
237,356
230,643
4614,75
5060,577
2462,225
5976,3
2226,89
2227,11
2224,67
2463,738
2222,578
2223,380
2220,211
2221,18
5924,17
5925,637
5926,160
5927,43
5920,173
5921,73
5922,25
5923,519
3058,24
4837,5
5928,271
5929,269
146,4
147,17
144,2953
145,88
142,503
143,1217
140,965
141,102
2701,15
5355,23
148,68
998,419
1430,25
1196,68
1053,587
4501,4
4500,655
4503,236
4502,5
4509,289
1055,186
3401,49
2088,1682
2089,1771
1056,23
121,53
2082,75
2083,642
2080,232
2081,740
2087,5442
2084,523
2085,115
1537,6
1191,3357
2538,2624
2539,1456
3343,40
2532,1470
2533,384
2530,1178
2531,1913
2536,718
3340,20
2534,834
2535,715
2712,422
2713,18
2710,1204
2711,960
2716,518
126,21
2714,318
2715,105
4238,49
3346,12
3093,2208
1194,52
128,94
5079,1134
129,151
5072,277
5073,227
5070,1165
5071,668
5077,235
5074,948
5075,1826
1832,24
1833,183
3799,2334
1837,821
1834,86
1835,104
3795,40
3794,226
1838,1759
3796,979
3791,1020
3790,68
3793,192
3792,185
4981,1383
2407,50
4983,286
4982,1643
2150,426
2151,873
2152,4177
4986,421
933,42
932,66
931,329
930,206
2159,833
935,58
934,443
2829,739
5381,28
5382,30
5384,18
5386,29
3091,1054
5388,87
5389,26
1758,71
136,26
4642,12
1587,13
2476,1
1957,765
1956,995
1950,3
4825,12
2918,365
1829,3
1959,1195
1958,30
3248,1047
5246,93
3370,3
3242,460
53,58
3247,658
3246,1196
3245,20
3244,361
1825,581
228,27
829,9
828,371
1824,177
825,21
824,34
827,42
826,8
4406,115
1423,583
4925,265
3097,338
1536,56
1176,419
1821,179
3053,325
1993,307
1820,2
227,223
1482,35
1481,227
619,83
1487,1050
1486,1272
1485,85
3309,301
3306,1297
3307,5
3304,55
3305,146
3302,494
5491,10
5492,1208
3301,533
5252,134
796,1160
5250,4953
1710,191
5256,381
792,72
5254,186
929,529
5258,33
5259,272
4394,69
799,827
4318,260
2144,6
613,23
2143,17
2414,768
4362,5
5946,9
1139,223
3051,8
4063,268
1274,4
225,222
5944,333
1135,5
1134,1
2792,63
4061,426
1276,348
921,48
4066,6
1178,441
2062,47
3018,1576
923,583
4064,9
3311,1702
2796,268
3010,101
3011,69
3016,163
3017,4193
3014,2
519,1150
518,53
4972,96
1009,149
1007,69
1006,518
1005,554
1004,495
1003,196
1002,135
517,1140
1000,2151
623,183
1226,41
621,35
620,123
627,1251
1997,40
625,780
624,396
629,323
628,496
4681,593
1229,24
1228,36
5663,184
5662,416
5660,5
5667,48
5665,328
5664,1715
4347,1
5669,1340
5668,2388
4343,350
4342,36
4341,16
4340,20
2882,44
2883,50
2880,543
2881,6
2886,146
2887,123
2884,42
2885,2302
23,83
2888,4
2889,62
2,107
3099,44
1073,45
3878,76
3879,615
3870,447
3871,550
3872,169
3873,508
3874,82
3875,711
3876,1179
3877,730
5434,5
4677,1
4358,143
13,119
15,190
14,849
17,66
16,64
5717,65
5716,166
5715,4764
5714,892
5713,2864
5712,2244
5711,235
5710,136
2740,50
3275,12
3272,96
3310,1
3273,285
3904,93
3905,2
3906,2674
3907,372
3900,1116
3901,112
928,58
3027,83
3908,34
3909,7
3112,23
4761,241
4760,345
4762,54
4765,234
4766,2
4769,1548
4768,864
3161,14
4165,660
1105,50
4162,11
4160,150
5235,34
4168,41
678,689
1534,2388
5808,105
5803,71
5802,19
4321,415
5800,1732
5807,38
5806,85
5804,2212
201,222
200,1280
202,189
205,190
204,590
207,786
206,30
209,2860
208,828
3060,89
830,20
1352,1021
2954,26
1573,27
831,86
1572,38
836,27
2314,34
687,1789
3471,41
2239,1235
2238,80
1570,583
834,12
2231,58
2230,339
2233,253
3473,415
2234,9
2237,163
2236,122
5937,1526
3575,69
5933,23
5932,35
5931,115
5930,559
1574,63
1711,297
3577,200
5939,39
5938,1214
1631,42
3576,852
476,3
3498,527
3499,147
3496,2395
3497,1115
3494,216
3495,1237
3492,202
3493,117
3490,226
3491,2631
4570,34
2094,1933
4572,87
2096,4526
2091,128
2090,1001
4576,6016
2092,1078
3654,2480
4579,852
3656,26
3572,91
3650,1531
3651,649
3652,946
3653,212
2525,969
2524,914
2527,57
224,729
2521,215
2520,1603
2523,87
2522,32
1303,6536
2529,6
2528,1168
4494,53
1201,22
4492,174
5065,391
5064,415
5067,2333
5066,2212
2709,135
2708,1389
5063,56
4880,496
2704,1014
2707,622
4883,569
4884,73
5068,84
2703,588
2702,995
4719,7
2748,120
4408,444
2951,34
4404,216
4405,151
1827,290
1826,596
4400,1309
4401,829
1823,235
4403,331
2147,39
2146,1528
2413,328
2412,175
4978,358
4979,338
2417,2018
2416,3232
4974,624
2418,2338
4977,540
4970,3830
4971,1876
2149,1271
2148,929
5393,395
5392,15
5391,1585
5390,672
5397,35
5395,483
5394,12
5399,153
5398,418
4326,35
4564,462
1920,3
4224,27
1922,1050
1923,417
1924,203
1925,1957
1926,1052
1927,1416
1928,2402
1929,345
3278,718
3279,288
3474,2417
3475,97
3476,93
3477,362
3470,525
837,323
3472,262
835,200
794,209
838,193
839,449
3478,221
3479,193
491,26
1365,261
3,16
4248,525
671,584
1986,2626
4319,4
5586,20
3199,22
3574,4
688,19
3319,778
3318,1682
2594,16
4930,63
5488,62
5487,942
5486,305
5485,764
5484,92
5483,43
3314,1018
3317,314
3316,95
784,2887
786,324
787,81
5249,32
5248,220
782,473
783,2253
5245,4659
5244,1027
5247,614
1725,122
1722,12
1723,60
5243,693
1721,575
5627,5
4382,64
4159,28
2415,2
1454,6
1042,3
153,165
3005,174
61,172
62,323
152,37
3001,1431
3000,1297
66,510
67,379
68,814
69,134
3009,740
3313,1732
3337,368
1371,1055
1588,8
1589,1403
406,57
1582,62
3315,3849
1580,167
1581,43
1586,319
1373,14
1584,76
5482,68
2433,19
1038,382
1039,1699
5481,1
508,679
158,66
1032,123
1033,120
1030,153
1031,263
1036,2018
503,161
500,234
501,71
630,153
631,1394
632,496
633,126
1216,52
635,71
636,2109
637,2095
638,2195
639,177
1219,799
4378,3233
4379,2572
5658,588
5656,95
780,2
5654,292
5655,327
5652,1306
4377,102
5650,404
5651,146
4831,39
987,22
2899,363
1728,1365
2895,111
2894,1115
2897,271
2896,10
2891,56
2890,27
2893,370
2892,1699
1106,82
1726,299
1456,1358
1457,29
1102,405
1103,119
1452,58
1453,250
2419,643
1458,785
1724,42
464,135
4830,154
4080,19
149,1
3869,1502
4083,4
4084,55
3739,2
4087,7
3863,246
3862,6
3861,436
3860,1101
3867,977
800,3
3864,2
1357,89
1894,3
3837,343
1720,21
1895,1320
3830,71
3148,16
3735,177
1455,11
323,87
5728,104
5729,92
5720,144
5727,360
1891,52
4466,1
1892,32
3149,2
1576,29
320,821
3917,63
4923,1136
3915,70
1123,1
3912,319
3911,2
3910,2725
4921,872
2013,41
3918,116
2135,393
4798,45
4799,502
4794,20
1575,44
4973,997
4797,26
4790,3
4791,26
4792,554
4694,1065
4152,568
5837,222
4150,1573
5835,1267
5832,154
4157,264
5830,1558
5831,2926
4158,64
4924,689
5839,808
5459,11
4834,19
4810,191
2754,63
215,442
212,2
210,126
983,4
3286,306
920,93
957,235
6088,1918
6089,84
6086,289
6084,970
2139,2
6082,412
6083,159
6080,501
6081,73
3190,21
420,94
681,2
5903,27
5900,31
5901,29
5906,8
4,364
5904,104
5905,900
2752,44
5909,127
3489,195
3488,1130
981,13
3481,38
3480,916
3485,304
3484,205
3487,24
3486,837
1270,5
4567,224
4566,73
4565,294
3648,3
3647,408
3646,77
3645,2174
4568,1
3643,125
4697,12
3640,2163
2550,123
2551,217
2552,855
2553,179
2554,74
2555,45
2556,1048
3283,25
2559,31
3007,1
2396,2019
2397,664
2394,142
2395,1107
2392,343
2393,53
2391,228
3022,8
64,3
6041,21
5206,119
2398,43
2399,139
5010,5
5011,46
5012,110
4898,74
5014,3
5015,173
3282,26
5161,62
2770,555
2771,15
4891,163
3002,3834
4896,18
4895,449
2777,39
2802,1
2601,19
667,132
2072,77
984,39
1858,1443
1859,729
3281,21
4418,28
1850,567
4416,104
1852,382
1853,50
1854,1735
4412,75
1856,1254
1857,2093
2602,5
2640,155
6066,95
2171,1175
6060,605
2177,24
6062,1837
2175,70
915,62
914,175
2178,24
2179,1093
1355,4
6069,19
913,279
4960,18
5017,31
5432,47
2606,272
2607,53
2950,31
5694,186
516,185
1420,40
2608,26
2609,132
1933,895
1932,1051
1931,1542
5431,1657
1937,85
1936,225
3267,419
1934,3560
3269,113
1425,25
1939,1288
1938,2
5120,34
5121,198
458,753
1424,234
3467,7217
845,1139
3464,237
3463,3770
842,1222
3461,1781
840,1811
1426,61
849,68
848,31
1632,31
1429,26
433,419
241,162
1583,1335
5452,46
5439,26
4276,47
4905,63
4626,4
1585,54
1739,452
1738,257
1731,100
5231,642
5232,271
5233,818
5234,275
1734,688
5236,225
1736,1477
499,271
2404,408
5405,191
4442,4
2052,22
5454,20
753,1481
3782,409
751,1
750,297
757,350
756,39
755,17
754,1834
759,6
758,296
3780,24
3070,6366
3071,892
3072,580
3073,18
3074,43
3075,59
3076,23
3077,171
3078,30
3079,25
2956,900
2957,2
1599,46
1598,457
3787,24
5344,58
5345,89
1027,1055
5347,1529
1021,10
1020,15
1023,564
1022,1298
4906,84
3785,98
1029,1620
1028,1675
1037,1799
1034,327
4045,57
4153,21
936,17
3701,501
605,118
1212,883
4367,269
4366,394
4361,156
4360,64
603,49
1213,978
1205,391
1204,881
1207,1606
1206,1730
609,447
1200,1733
1202,1
5649,460
5648,59
1211,65
5457,298
5640,929
5642,5
5645,75
5644,83
5647,26
1217,80
3696,124
3109,83
3105,2
1215,20
3100,1894
3101,1511
3102,65
3103,18
1447,646
1110,766
1113,349
1444,29
1115,201
1442,748
1117,5
1440,537
2006,20
2478,30
4279,272
1449,70
1448,320
4093,2348
4092,99
996,12
4090,56
4859,933
4094,1184
2401,455
4099,34
2005,1005
791,10
5735,416
5737,387
5731,2
5730,164
622,18
3704,64
462,372
5739,1226
4587,1108
480,56
4586,6
4581,157
903,7
790,1
4852,1
4725,38
184,2
4583,3
3705,106
4724,85
1061,13
4582,21
2303,21
3922,14
3923,7
3920,503
4726,715
3926,31
822,9
4721,20
3929,429
3993,318
6045,493
4789,66
4788,415
4787,65
4786,757
4785,808
4784,93
4783,177
4370,395
4781,32
4780,106
5821,321
5820,23
5823,262
5822,341
4149,31
5824,149
5827,784
5826,504
5829,269
4144,737
3992,106
4143,147
5653,696
3856,57
3854,429
3855,118
3852,460
3853,130
3850,112
3851,1950
1595,8
4957,4
4375,9
3858,1853
3859,1072
4822,509
3003,1
6099,1441
6098,137
5303,25
6093,134
6095,280
6097,563
6096,85
924,34
5919,18
5918,47
5914,45
5917,46
5916,44
5911,3
5910,32
5913,18
5912,33
198,47
2465,12
195,139
197,360
196,5
3234,103
193,66
192,10
3678,15
3679,7
3672,180
4557,706
3670,3633
3671,1451
3676,1471
3677,2194
3674,795
2543,48
4821,38
2541,31
2540,460
2547,653
2546,39
2545,44
2544,1021
2549,471
2548,322
1104,43
2381,2
2380,68
2382,34
2385,160
2387,449
2386,264
2389,53
2388,117
1451,36
3580,39
3581,160
5001,217
2768,110
3584,674
5006,5
3586,617
3587,57
2763,61
3589,83
2761,72
5008,9
2767,58
2766,145
2765,206
2764,250
999,7
2007,95
3552,155
902,160
4620,95
900,14
4429,330
906,72
907,3
904,55
905,22
1843,91
1842,662
1841,2255
1840,4571
1847,937
1846,213
1845,232
1844,1338
6077,1
6076,310
4958,107
4623,17
2169,433
2168,1127
6071,144
6070,42
4953,3847
4950,124
4951,7
2161,122
2160,928
4954,31
240,52
2617,64
2616,986
2615,21
2614,1430
2613,609
2612,408
2611,12
2610,191
1946,8
242,181
4082,1308
2618,524
4628,6
3292,1003
3256,269
1908,119
5138,774
1906,130
3295,559
5135,7937
3297,273
5133,69
5132,590
1900,611
3293,1590
3452,18
3453,357
856,28
857,75
3456,207
851,6
852,47
853,64
4545,14
3458,9
3459,183
858,5730
859,75
5425,125
6,1292
4546,92
4156,318
3402,53
811,3
4571,19
5229,33
5228,212
5223,121
5222,101
5220,45
5225,46
3738,22
975,154
469,133
742,1094
743,2356
744,351
745,2099
746,340
747,276
748,56
749,220
5884,40
2913,1000
926,4
2949,351
2948,2227
2947,838
2946,994
2945,1774
2944,50
2943,69
2942,45
2941,1762
2940,1012
5357,383
5356,1271
1052,1497
5354,756
5353,924
5352,660
5351,2315
1057,47
1058,39
1059,52
718,5
2225,79
5359,36
5358,6
1696,84
1697,137
1694,172
1695,88
1692,3
1693,3
1792,2511
6009,20
5657,2
715,107
1278,181
1279,133
618,63
4313,2520
2042,213
4316,22
4317,547
612,167
1797,132
610,167
611,2421
616,127
617,983
614,139
615,1048
3008,47
711,83
3378,343
2325,279
1794,1149
5279,53
3333,847
3119,357
5460,411
3117,1231
3116,138
3115,325
3114,448
3113,54
604,26
2469,148
3110,52
1472,385
1473,657
1470,398
1493,89
1476,27
1307,39
1474,62
1494,34
3260,389
1479,14
2747,3
1495,91
1305,54
1306,737
1181,25
1300,1164
1301,1388
1302,293
2595,825
1497,390
1308,9
5945,11
5740,718
5741,689
5743,183
498,262
4229,2829
5746,11
1499,307
494,342
4225,186
496,6
4227,720
490,116
4221,130
492,88
493,1941
24,291
5587,22
26,1101
5585,6
20,134
21,188
22,35
5581,278
927,27
28,454
29,22
5588,1
5589,263
3187,117
3599,33
5833,10
1069,1066
4467,20
5507,13
3938,240
3935,46
3934,25
3937,905
3936,202
3931,3173
3930,286
3932,467
3265,115
5031,344
1885,178
1705,14
4138,154
4139,1038
5261,1463
4434,27
4131,633
4132,181
4133,416
4134,14
4437,15
5692,69
3840,1813
5691,1024
5696,179
3844,140
3847,173
3846,262
3849,624
3848,182
5698,179
5699,1555
4612,1052
1063,15
1600,438
6057,24
4433,45
1604,34
3916,53
3649,25
1067,101
4615,7
1066,22
4044,481
2137,43
4046,655
4047,328
4040,40
4042,9
4315,15
4048,186
4049,4
5968,687
1513,11
7,6
1656,10
5961,1867
5963,265
5964,80
5965,75
5966,203
5967,146
3665,1910
3664,177
3667,159
3666,248
3661,3210
3660,2
3699,56
2280,208
2281,164
2282,1513
2283,162
3669,164
3668,517
5582,461
4549,191
4548,195
4946,62
3919,26
4941,807
606,148
4544,14
4940,688
2057,25
2578,312
2579,34
2577,206
2574,287
4829,837
2572,50
2573,378
2570,10
2571,174
4534,156
2379,19
4535,2
2374,385
2375,7
601,19
2377,92
4824,36
2372,1516
2373,2875
3593,690
3592,558
2596,2801
2597,23
2590,48
2591,10015
2592,4754
5039,644
5036,761
5037,355
5034,1224
5035,786
5032,2379
5033,215
5030,1045
3695,2047
1876,261
1877,240
1874,1182
1875,337
4431,142
4430,893
1870,785
1871,191
1083,14
4533,238
4439,6
4438,90
1878,193
594,160
4945,404
4944,2174
4947,121
974,1126
973,386
972,165
971,1062
970,146
1080,61
4949,5
4948,228
979,5
978,21
2118,627
183,1286
180,225
181,414
6046,115
6047,54
6044,58
598,492
2111,459
2112,2902
2113,298
2114,1673
2115,723
2116,1826
2117,386
2622,1
2623,86
2620,35
2621,359
2626,768
2627,292
2624,95
2625,354
2628,180
2629,96
60,538
1919,9
1918,4
5108,11871
4151,410
4368,10
3289,91
3288,63
1911,524
5103,3432
5100,5416
5101,3195
5106,900
6048,259
5104,2604
5105,2873
869,162
868,249
189,14
3449,127
3448,132
3445,4068
3444,1256
3447,9
4155,180
3441,177
3440,660
867,892
3442,3030
2024,3693
2757,639
2026,31
2027,30
2020,3115
2021,135
2022,3097
2023,2860
2828,9
3641,3
2758,338
2759,41
883,606
882,788
881,56
880,312
5197,204
886,2
884,998
3728,1
2371,8
888,22
4590,266
5216,157
5217,76
5214,8
5215,2901
5212,16
5213,1
5210,115
5211,446
832,3
1503,202
5218,278
5219,869
356,5
63,88
3468,101
4154,257
418,35
6065,9
3988,1231
1727,15
3386,1799
777,29
771,143
772,24
4596,1117
779,12
778,56
419,16
77,5
75,3481
74,579
73,1051
72,66
71,211
70,66
3056,789
2973,287
3054,1469
3055,314
2976,30
2977,98
79,1658
3383,31
1043,2162
5363,216
5360,567
1040,1552
1047,121
5367,370
1045,637
5365,80
4597,61
5368,2452
3381,635
1681,162
1680,1041
3525,37
1685,1
1686,54
1689,11
1688,178
4303,1700
4302,1262
1269,104
2980,622
4307,18
4306,63
4305,158
668,1610
1263,134
666,25
1261,190
664,671
1267,1874
1266,23
661,185
660,36
3287,72
1910,63
5196,6
2984,202
3285,121
3725,22
3128,3
3284,122
4595,34
3122,14
3123,652
3120,268
3121,70
3127,14
3124,1209
3125,757
421,48
1468,1593
1465,61
8,4583
1467,428
3280,1533
1461,76
1460,23
1463,31
1462,17
1317,278
1316,1395
1315,8
1314,847
1313,195
1311,1
1310,33
4529,4
1319,6
1318,516
5791,6
5751,311
5750,260
5757,80
218,17
5755,38
5754,169
4237,844
4236,121
4235,1028
4234,30
4233,190
4232,2567
4231,140
4230,22
5591,2155
5590,4327
5593,156
5595,1384
5594,2066
5597,5
5596,14
5599,32
5598,16
861,309
860,51
4598,1
3948,909
3949,747
319,1142
318,204
3403,9
3274,1123
3940,596
3941,140
3942,74
3943,325
3944,674
316,23
3946,66
3947,52
3299,31
3443,126
866,12
2756,19
4129,1926
4128,13
5342,4
2025,2
4969,1074
4122,940
4121,65
4120,1840
4127,500
4126,61
4125,739
1335,52
2755,58
5688,13
5684,60
5681,49
1337,245
5683,7
2753,27
3405,173
2323,59
440,355
2750,62
2322,139
948,12
2751,59
4604,40
2321,403
1330,68
2320,197
2696,5
2327,221
2326,68
4057,1763
4056,133
4055,628
4054,342
4053,769
4052,853
4051,181
2028,8
4605,10
4700,1
2908,23
4059,1671
4058,1140
5194,135
5978,940
5973,8
5972,25
5971,3
2690,418
5977,2014
2136,1009
5975,24
5974,194
3610,121
3611,59
3612,338
3613,111
5299,455
3615,160
3616,417
3618,65
2292,3
2297,779
2295,27
2294,579
5678,127
5679,25
887,2
3406,1
2569,2271
2568,16
4357,16
2561,344
2560,2704
2563,1536
2562,83
2565,370
2564,118
2567,57
2566,2411
2369,43
2368,2456
2366,373
2364,12
2362,10317
2361,45
2360,1437
2587,664
5028,236
2585,2
2584,14
2583,277
2582,329
5190,127
2580,1
5021,387
865,100
5023,6
5022,30
5024,14
5027,842
5026,530
1861,559
281,149
1863,212
1862,479
4444,624
4445,32
1867,229
4447,1381
1869,2829
1868,651
3726,1018
3727,16
4490,502
3722,19
964,633
4687,15
4684,439
4933,100
4934,586
4935,1792
4936,246
963,211
4938,854
4939,1197
968,74
4688,190
4689,281
2109,270
2108,846
6059,1623
6058,17
5576,13
2102,30
2101,244
6056,574
6051,689
6050,5170
6053,459
2104,248
5115,285
5114,921
5117,12
30,245
2639,81
2638,153
5113,89
5112,421
2635,61
2634,2014
2637,386
2636,342
2631,266
2630,961
2633,81
2632,379
4672,379
1717,65
5403,63
34,3
3438,417
3439,218
5192,646
1240,926
876,36
3431,30
874,290
3433,38
872,124
3090,761
870,70
3437,3475
4592,71
2036,4852
2035,10658
2034,4854
2745,245
2744,341
2031,12
2030,7361
9,320
3096,478
4846,2635
4847,12
4840,527
4841,10
2039,4089
2038,3705
890,14
891,7
892,213
893,184
894,297
1531,93
896,2252
897,4375
898,50
899,598
1530,648
1715,17
5201,259
5203,17
5202,66
5205,27
5207,50
1248,186
5209,1
5208,276
5193,177
5907,74
5198,89
3544,284
1478,372
3547,544
3540,805
3541,171
3543,195
3235,142
3548,118
3549,293
4213,2
5400,1029
5195,194
1965,222
1964,468
1966,1198
1788,13
2964,37
768,1
1967,67
2960,52
4440,46
2962,326
1780,265
5191,3933
1782,1913
761,461
2969,113
1785,2030
1786,1831
1613,1249
3049,568
3048,54
1962,101
3041,91
3040,151
3043,201
1611,43
3045,322
4569,378
3046,555
5379,2447
1078,299
1079,745
5375,67
643,2494
5377,2982
1075,153
1072,838
5370,859
1070,388
1071,86
1678,733
1679,169
3804,22
1675,537
1676,613
1094,409
1096,340
1097,163
1090,140
1091,485
1092,2343
1093,210
674,392
675,35
4334,1217
4335,1075
670,1869
4333,23
4330,2469
673,1359
3135,335
3134,2948
3137,362
3136,529
3131,252
3130,587
3133,212
1916,10
3139,521
3138,34
1533,164
1915,37
3962,47
855,619
1622,8
1418,142
1419,101
1410,905
1411,98
1412,53
1413,113
1414,2
1415,28
1416,13
1417,191
1322,58
1323,936
1320,155
1321,1500
1327,284
1324,237
1325,39
2495,264
1328,1053
4209,444
4644,10
5768,544
5769,436
4202,58
5767,16
5764,1176
5,2838
5762,111
5763,370
4204,37
647,517
5568,35
5569,32
3118,730
5564,573
5565,332
5566,2017
1620,3077
5560,565
5561,163
5562,7
5563,962
1256,9
1525,377
1526,34
1527,1792
1252,62
1253,85
1250,1060
1523,15
1528,1428
1529,1736
1258,360
1259,112
309,729
3959,144
3958,53
3953,758
5186,1585
3951,836
3950,207
304,2
305,45
306,133
3954,132
4116,3897
4117,9498
4114,14
4115,5455
4112,163
4113,617
4110,6
4111,1743
4118,346
4119,542
4634,454
2254,4
2858,10
5020,41
2978,294
2250,216
4448,272
2477,946
5184,17
2779,3
1484,1546
4899,293
2972,2
5013,26
2970,2
4062,67
5947,481
4060,1145
1624,2503
5942,224
5943,3384
5940,21
5941,1054
4261,629
4069,269
732,4
5948,1126
5949,482
5784,132
5785,405
5786,20
5787,52
5780,8
2974,6
5782,286
5019,13
78,44
5788,156
980,47
3603,36
3602,60
3601,186
3600,133
3607,3
3606,1773
3604,7
986,97
3609,2038
3608,533
1041,22
2775,6
2106,682
5038,5
5361,26
2479,2739
5366,4
4894,49
4435,2
1046,387
1897,42
3891,7
6118,687
5364,770
1489,1
6114,714
6115,1221
6116,720
1044,32
6110,156
6111,455
6112,83
6113,447
2358,5857
2359,124
2352,48
2353,855
2350,379
2351,77
2356,3656
5188,49
2355,8
1048,82
1024,1
2991,2
5447,5
4453,198
4451,97
4450,84
4457,318
1899,198
4455,387
4454,149
3737,31
3736,1664
1896,37
1443,1077
1890,91
3732,335
3731,3
3730,396
4691,331
4690,192
4693,157
4920,204
4695,681
4926,1540
2130,1777
2131,500
953,89
4928,54
955,658
954,172
2138,771
956,1461
6020,189
6021,79
477,9
6025,15
6026,49
6027,35
2648,1013
4800,35
5163,797
5164,2102
5165,105
2784,1787
5168,40
5169,784
2642,110
2643,247
2644,2
2645,36
2646,179
2647,3087
4803,1376
1441,5
2781,10
2749,5
2780,11
3429,116
3428,333
4806,1784
3422,183
3421,15
3420,1
3427,3468
3425,325
3424,34
2002,1
2003,31
2000,1274
2001,1495
4589,106
4588,639
2004,111
1851,510
4857,1072
4584,171
2008,359
4854,231
4853,751
4415,220
4851,211
4850,2731
4414,145
4413,54
4300,88
4411,372
3026,82
2100,3
5417,260
3556,13
3555,46
3554,32
3553,91
669,3000
3551,1
3550,522
2491,14
4304,2
2170,50
3558,20
4942,559
6067,304
2176,32
4309,4
918,145
1909,17
2911,266
2912,790
1798,45
2914,2087
2915,658
719,1346
2898,66
717,1416
663,710
1791,116
4968,1709
713,45
1796,330
1795,902
710,21
4967,100
1265,1798
716,74
4966,1724
5955,119
1524,40
4965,38
5954,14
5308,907
1068,16
4964,161
5300,73
5301,91
5302,330
1062,51
1065,33
1064,698
5306,46
5307,389
4390,69
1669,2
1668,14
1667,3
1907,38
1662,310
1661,152
1660,1605
4329,2443
1086,58
1085,273
592,13
595,717
1082,177
597,4
596,3265
599,2844
4320,365
4324,124
1088,140
3140,4856
3141,10
3142,199
3143,2237
3144,717
3145,55
3146,206
3147,156
2824,447
2825,8
2826,36
2820,49
2821,120
2822,12
2823,1176
5414,1855
5415,848
3384,5
3385,902
3382,1073
5411,41
5412,73
5413,1985
2032,52
2603,14
5418,199
5795,9
3388,436
3389,2922
1409,97
1408,99
1403,419
1402,108
1401,860
1400,2737
1407,10
1406,505
1404,1
1025,18
449,1438
448,397
1339,357
1338,451
1491,125
443,95
442,2
441,249
1336,429
3020,1062
445,1154
444,56
5779,969
5778,9
3129,38
1902,10
4436,41
696,590
5773,121
5772,112
5775,37
5774,310
5777,3
5776,31
5362,93
3261,15
39,29
1492,5
694,193
5578,20
33,12
32,821
31,6
5574,299
37,747
3263,127
5571,27
5570,18
1241,370
640,697
1243,336
1242,880
645,1121
1532,1381
1247,2342
1246,1856
649,17
648,392
3098,90
2496,1091
5346,851
1539,103
1538,84
5799,194
339,60
338,1844
335,1019
334,781
337,561
336,877
331,577
330,1112
333,725
332,3783
4101,8354
4100,449
4102,452
4105,71
4107,4184
4106,1644
1633,994
5771,34
1901,33
3898,2
3899,4733
5122,204
1634,79
3892,335
3893,207
3890,240
5123,25
3896,1
3894,1188
3895,1246
847,237
3465,1
844,34
1635,10
1464,52
843,73
1496,5
2119,92
3462,2503
1353,828
5950,25
5952,134
4079,95
841,1520
5957,75
5956,177
5959,2
5958,47
3460,82
4071,409
3375,302
2406,196
4072,1
3966,18
3967,99
3964,145
1636,1102
5793,1419
5792,68
3960,181
3961,787
3200,2
5081,18
3968,922
3969,205
2854,8
3435,1
774,2
3639,360
3636,52
3637,112
3634,4046
3635,99
3632,27
3630,3408
3631,1929
1637,1761
3469,85
5798,44
4610,184
1498,33
3507,239
1351,379
236,135
2345,80
4524,8
2347,196
2346,921
2341,111
2340,785
6109,1357
2342,468
6107,194
6106,397
6105,2865
2349,100
2348,45
6101,558
6100,818
1822,20
4504,24
1350,52
4616,1
502,59
2344,27
2067,24
3708,26
3709,47
1889,15
1888,85
3702,119
1886,109
4464,925
4465,459
4462,12
3707,748
4460,359
4461,525
2121,93
2120,790
2123,882
2122,49
2125,38
2124,1399
2127,79
949,445
4664,54
947,106
944,372
945,277
4660,166
4913,1185
4910,1934
4911,918
6039,326
6038,99
6032,27
6031,42
6030,22
6037,205
6036,313
1594,13
6034,18
5173,332
5172,726
5171,872
5170,30
5177,48
5176,136
5175,668
2653,6
2652,2236
2651,242
5178,1095
2657,1940
2656,196
6102,242
133,51
132,1428
131,447
130,864
137,47
3413,635
135,71
134,1465
4371,41
3418,118
5348,37
707,4
4868,1068
2019,4254
2018,198
1930,1944
2015,206
2014,8
4860,1315
2016,247
2010,17
4864,41
182,664
5349,7
3965,44
5277,5
1591,44
324,1861
2488,33
3562,24
3563,126
3561,5
3566,651
3567,1147
3564,982
3565,507
3568,254
3569,77
511,43
4484,34
4485,137
4374,4
4481,3
4482,1526
4483,244
1466,3
4489,1278
2903,142
2902,130
2901,8
2900,179
708,161
2906,11
2904,575
704,162
705,27
510,39
700,168
701,37
703,115
88,73
89,9
1593,8
82,305
80,1402
81,1290
84,384
85,4
5319,53
5313,927
5312,166
5310,1869
5314,247
1659,174
2487,51
186,71
1652,24
410,5
4239,52
1657,20
1654,69
411,12
586,658
587,375
584,33
585,347
4890,11
1987,70
5273,20
1984,2689
588,11
589,3
3153,1
3152,1
3151,245
3217,94
3157,11
3156,144
2837,3
1982,855
3159,63
2834,9
2833,3
2832,4
988,33
3211,1267
1436,2889
5406,133
3393,636
5404,395
3395,220
1433,297
5401,538
1431,650
3398,1111
1981,324
1438,1765
5408,259
1260,210
5230,429
4506,38
1730,100
299,35
4260,1210
1349,277
4262,543
4263,414
4264,48
4468,1292
4266,914
4267,89
450,5510
4269,32
452,9068
4469,424
1344,505
455,1188
456,459
1347,2457
185,85
3824,6
1737,395
1459,91
5237,101
3700,3375
766,4
2157,22
5548,1050
5549,723
1887,1
5543,704
5540,157
5541,117
5546,77
5547,4
4463,10
1502,75
657,420
1500,78
1501,32
652,104
1507,1009
1504,280
651,604
3085,322
3084,32
3087,2687
3086,173
3081,69
311,746
3083,202
3082,325
310,78
833,1
5890,181
5891,376
5892,74
5893,131
5894,194
5895,81
5896,199
5897,86
5898,121
5899,12
314,6
1992,825
3884,321
3887,14
3886,97
3881,2
3880,421
3882,60
1264,1
4919,80
2129,1786
2484,18
765,2
4914,216
1884,4
4963,1
4915,2
495,492
752,355
4912,378
4661,1204
5151,199
940,31
4900,83
941,1601
1883,27
4008,170
4009,41
2017,525
4005,256
4006,272
4007,12
322,577
3970,1404
3973,62
3972,1295
3975,848
327,79
3977,365
3976,96
3979,9
328,45
329,1101
1904,1
3629,1211
3628,368
3294,5
3621,10
3620,26
3623,32
3622,1509
3625,525
484,797
3626,1
4714,2667
4715,783
4527,10
4710,80
4711,42
4712,58
4713,1280
2338,1315
6133,55
6130,14
1341,152
1597,44
6134,1
2537,25
4123,646
5765,20
1880,32
3250,7
2958,400
1914,3
2959,2
3715,191
3714,70
4289,3
3711,159
946,156
4959,1
1592,11
3719,57
4479,1478
4478,1811
2658,1317
3251,119
2955,32
4471,1010
4470,1481
4473,204
4472,144
4475,112
4474,129
4476,73
4909,31
4908,33
6004,13
4679,198
6001,2133
2486,763
4676,177
4675,124
2485,2646
4673,396
2483,4
2480,466
4670,392
2248,9
2249,2569
2244,115
2245,29
2246,84
52,37
2240,15
5179,7
2242,71
2243,754
995,111
994,5881
997,2015
2467,280
2461,287
993,83
992,898
5146,255
5147,32
5144,393
5145,3
5142,451
5143,3911
5140,1048
5141,1068
120,755
3400,274
122,38
1026,1431
124,155
3404,328
3407,1157
127,60
3409,2082
3408,477
2654,7
5341,9
3416,58
520,2
4871,9
1188,29
3417,248
2773,728
5018,124
5343,237
3414,2372
3377,1923
2798,418
3415,2
5424,106
2060,201
2061,196
2790,25
2791,45
2064,103
942,793
2795,146
3373,369
3411,79
3255,13
3372,20
3371,112
943,857
5098,6525
5099,4426
3579,335
3578,3056
5455,30
5090,144
5091,191
5092,194
5093,2770
5094,144
5095,51
5096,592
5097,1411
4497,2
4496,4
4495,13
2665,304
2662,526
2663,307
2660,54
2661,200
1748,638
2164,1
4499,19
4498,7
5797,6
2431,1
2938,603
2939,181
2936,2356
2937,437
721,434
2932,93
2930,388
2931,336
5326,466
5327,11
5325,56
5322,387
5320,2
5321,346
1836,1796
231,12
5328,1593
5329,1136
1645,81
1647,109
1646,172
1641,34
1640,162
1642,766
1649,941
2598,19
3690,18
728,1
4881,654
1743,664
3797,18
1535,2353
1732,6
1839,1126
4696,13
4364,40
571,1
570,60
607,145
574,21
2808,452
2809,256
4956,187
3169,1301
3166,16
2803,81
1898,233
2801,1
2806,329
600,42
1421,784
2154,1101
5430,1074
1422,934
3368,573
3369,139
1427,5
5435,470
3364,87
1428,989
5438,28
3367,30
939,124
3362,174
3363,3
730,24
733,1
938,6
735,9348
734,4
737,138
4985,38
2728,4
3390,81
1084,19
4244,383
4984,661
4273,274
4272,2587
4271,670
4270,369
4277,901
4987,186
4275,89
4274,103
465,203
4369,677
467,3292
466,194
461,929
463,610
608,2686
5555,55
5554,2183
5556,275
5553,1587
5552,173
5559,160
5558,2620
6064,16
5374,15
2542,5
4867,110
1519,1
1518,178
1515,639
1514,23
1517,1
4865,955
1511,499
1510,102
5693,23
1512,96
5380,2
959,1
5526,511
4886,63
5883,1376
5882,92
5880,227
5887,1022
5886,534
5885,684
1735,472
5889,269
5888,278
1390,1
958,99
5770,23
3184,18
3185,6
3186,49
3394,139
3180,2175
3181,497
3182,562
4858,19
5646,2
3188,462
3189,4
3397,1634
1277,261
4220,25
5970,59
4013,15
4012,874
4011,3325
4010,345
4017,48
4016,689
4014,754
357,62
4904,16
355,617
353,840
3989,640
788,18
3984,221
3985,120
3986,899
3981,71
3982,71
3983,25
3107,578
1952,105
2299,1136
43,204
6125,257
6124,442
6127,1350
6126,927
6121,195
6120,1
6123,2
6122,228
3614,9
6128,1
4707,48
4706,1858
4705,819
4704,2895
4703,1705
4702,503
5053,240
2324,327
5257,213
2329,71
1445,466
4709,779
4708,32
289,1721
288,270
1112,55
2830,71
3619,2
1793,475
280,357
283,256
282,229
285,206
284,81
287,280
286,392
3760,70
3761,92
3763,135
3764,21
3765,7
3766,413
3767,73
3768,39
3769,77
1116,96
483,156
263,61
262,121
261,1
267,206
266,187
265,208
264,123
269,2286
268,878
6011,210
6013,189
1291,14
6015,325
6108,1
6016,491
6019,1972
2490,2167
2493,4
2492,1769
4646,235
4647,1
2497,2641
4645,1669
4424,93
259,105
1566,386
2259,242
2258,201
2257,868
2256,465
2255,83
1567,602
2253,219
2252,1
2251,11
2195,180
5159,694
5158,30
2475,693
2474,106
2473,52
2472,5
2470,514
982,144
5150,121
5153,707
5152,328
5155,3551
5154,77
5157,679
985,930
252,869
117,64
111,387
110,837
113,108
112,884
3198,24
119,256
118,148
4096,1142
2785,1901
4801,1460
4802,673
2786,1482
4804,333
4805,1063
2783,93
4807,15
4809,3
2788,36
2079,3970
2078,8361
2073,1212
4480,27
2071,6
4108,5
2076,12
2075,101
2074,700
4098,6
4018,18
952,437
2174,1797
4363,25
1590,3
3508,50
3509,40
5089,245
3500,22
5082,67
3502,341
3503,109
3504,197
3505,108
3506,100
5084,674
641,137
2675,6
2674,13
2677,111
2676,304
2678,102
6103,59
2929,2941
2928,1786
2921,984
2920,1198
2924,161
2927,5
2926,8
5330,15
5333,2520
5332,1497
3685,176
5337,24
5336,2
5339,2
1630,285
3215,4139
3216,226
1985,2570
3210,3217
1983,912
1980,93
3213,854
2134,763
3218,33
3219,21
1988,51
1989,88
3222,28
2817,215
2816,998
2811,75
2810,29
2812,149
561,2
562,16
2819,46
2818,1637
567,487
5069,100
3178,1478
5255,40
3171,73
3170,24
3173,603
3172,24
3175,182
3177,151
5086,20
1483,81
5429,885
5428,64
3379,162
1189,844
1186,347
1187,2092
1184,167
3374,281
1182,79
1183,190
1180,685
5422,13
726,66
727,48
724,4
725,198
722,605
723,1881
720,82
5635,147
1744,90
1745,22
1746,56
1747,225
1741,269
1742,123
729,32
1164,26
5029,2514
1166,162
4393,329
1160,278
1162,414
4249,274
4246,19
4247,1277
1623,772
4245,770
4242,21
1169,5712
4240,131
4241,26
5520,201
5521,1050
5522,17
5523,587
5524,141
5525,186
5181,1026
5527,1337
5528,56
5529,53
4397,17
5496,33
1366,196
5497,38
48,580
49,2974
46,596
47,1917
44,2
42,2
1364,194
40,51
41,103
1568,3841
1569,27
1298,11
471,183
3300,20
1516,63
1561,593
3341,123
5493,50
1296,1
1294,1717
1295,524
1713,432
474,159
5253,439
591,133
2033,83
795,825
2425,29
1245,15
5251,43
2589,4975
3092,19
793,175
2599,43
5125,34
1716,44
4398,114
4399,17
5639,1872
4441,49
5634,186
4391,408
4392,124
5637,737
5630,205
5631,9
5632,181
5633,66
3197,201
1367,433
470,435
3194,1006
3193,55
3192,64
1360,191
2787,108
1865,52
478,117
479,1099
1719,16
1368,9
1369,198
