1718,5
1867,7
2719,2
1866,9
5745,15
4026,46
4027,155
4024,85
4025,380
4022,1
4023,4
4449,233
3798,2
4436,2
4028,7
4029,38
3383,14
5988,26
5989,338
5982,32
5981,10
5986,18
5984,100
340,42
341,7
342,36
343,24
3997,24
3996,233
3995,16
3994,5
348,60
349,5
3991,9
3990,9
4686,52
4416,21
4932,36
3573,17
4685,1
3325,1
961,57
4732,46
4904,4
4736,233
4936,7
4734,59
2319,445
2316,884
2317,37
4738,361
4681,84
2312,9
2313,3
2311,8
4527,2
2184,14
5857,3
298,16
5853,345
3237,1
294,11
4977,103
292,51
4833,132
291,5
3773,37
3771,5
4832,5
5749,3
3776,17
3775,17
3774,11
4835,8
3778,4
3686,6
270,56
4654,165
272,131
273,10
274,97
4650,85
276,7
277,33
4658,97
4782,5
642,126
2269,12
2262,12
2263,31
2260,104
2261,42
2266,8
2267,4
2264,14
3968,84
2446,91
2447,2180
2444,33
2445,147
1137,15
2448,37
1136,2
108,232
109,74
6054,2
103,6
5486,23
106,6
107,209
104,1
105,9
2046,47
4812,105
4811,96
2045,12
4817,119
2043,1081
2040,227
2041,111
2107,13
4819,328
4818,144
2048,12
6050,776
6053,66
6052,10
1783,5
2993,1
3692,10
4031,10
4843,1
2836,3
2639,13
2142,42
3519,4
3518,6
5298,10
3513,18
3512,15
3511,6
5299,20
3516,15
3515,1
3514,126
5483,2
5297,14
2684,142
2685,6
2686,3
2687,115
2680,43
2681,6
2682,20
1000,212
3850,8
3694,21
3441,19
3998,19
5405,20
99,13
5482,7
1435,1
91,2
90,22
5291,26
94,204
96,72
1623,83
3206,17
3205,37
5181,76
1995,196
1994,14
1625,139
1624,382
1216,2
3993,35
1629,180
5189,218
3208,446
3013,3
3534,11
2861,4
2863,19
2864,31
2865,4
2866,168
2867,2
2868,83
2869,13
551,15
550,190
553,4
552,1
3539,1
1438,469
3538,34
1439,56
5458,24
1198,13
3348,166
3349,638
3342,282
1190,211
5452,5
3341,18
5454,8
3347,28
3344,25
5457,36
1758,12
1756,154
1755,68
5053,75
1753,123
1752,22
1751,52
1750,76
4259,29
4258,488
1175,127
1174,66
1173,225
1172,66
1171,581
1170,670
4251,113
4250,18
4252,27
4255,131
4254,11
1179,12
4256,59
5533,107
5532,33
5531,31
5530,41
5537,2
5536,8
5535,17
5534,158
5539,38
5538,3
513,8
644,18
1285,159
1284,3
1287,186
1281,15
1280,18
5572,152
1282,236
515,6
879,90
404,3
1579,157
1578,651
689,3
1001,12
3431,1
685,224
684,11
687,170
1570,81
1577,3
1754,64
683,3
682,40
1348,53
4261,37
3434,1
873,6
3345,12
870,29
871,19
626,1
4592,10
5629,12
2036,353
4383,30
4382,13
4381,6
4380,146
4386,56
4385,5
4384,15
407,226
1370,55
405,13
1372,10
1374,1
1377,1
4269,3
1379,94
2745,31
1342,7
409,274
408,1005
3834,7
3835,81
3837,19
3830,8
3831,426
3832,315
3833,27
454,8
2746,72
3839,248
1345,4
5995,201
4030,113
5996,28
4035,7
5990,9
5993,317
5992,232
4038,40
1347,149
5999,8
5998,29
4737,17
2318,94
4735,1
379,29
378,174
3620,6
373,21
2038,128
2314,19
377,167
376,22
2315,3
4348,97
393,12
397,93
396,501
395,22
394,118
398,169
2309,118
2308,20
4344,4
4729,7
4728,122
5855,1
2301,77
2300,80
4727,106
2302,506
2305,96
2304,6
4723,17
2306,45
5847,4
5845,155
5844,63
4676,13
5841,45
5840,47
5849,18
5848,23
5852,1
3749,1
3747,67
2537,1
299,1
3742,29
3743,48
3741,27
245,73
4621,12
247,243
246,162
4624,267
240,8
4626,4
242,29
249,8
248,167
2275,168
2277,1
2276,55
2271,196
2270,22
2273,48
2272,140
2279,204
2278,335
293,6
2154,73
1248,12
2705,2
125,16
2454,198
2456,385
2451,2
2453,9
4980,115
176,55
175,116
174,8
173,64
172,131
170,120
2051,2
3699,5
2053,1
2055,7
2054,42
2057,5
2056,36
2059,33
4827,3
4824,5
3693,50
4822,62
3695,169
4820,75
3697,31
970,10
3596,40
853,11
1507,94
1879,3
1110,77
1367,5
1505,11
3526,1
2157,5
3525,4
3522,7
3523,3
3521,1
4916,44
1508,19
3528,2
1364,31
3086,32
4657,24
1601,63
4656,159
3083,40
1976,402
4651,180
2695,12
3082,52
2693,6
1603,2
275,24
1602,15
4653,5
1605,7
4652,1
4984,97
3220,11
3223,21
4557,97
5832,2
1606,138
1362,59
3232,46
3233,39
5490,23
3236,91
1969,1107
1618,124
1619,32
1964,178
1965,99
1966,370
1967,12
5191,669
1613,83
1610,392
1611,6
1114,11
1363,2
2873,14
2872,253
2871,86
2870,9
2877,53
2876,32
2875,34
2874,8
2153,2
2879,642
2878,141
4632,1
4534,2
3355,4
3354,22
3357,1
3351,270
3350,305
3353,17
3352,364
5448,93
4989,7
5443,93
5442,2
5441,1
5440,9
5602,1
5446,42
5444,72
1768,387
1762,1
1763,6
1761,2
1766,31
1767,125
1764,27
1765,22
1140,34
1147,1
1148,1
2966,1
5505,2
5502,8
5500,1
2960,6
1547,127
1544,26
691,35
1542,107
1543,27
694,2
1541,126
698,43
699,1
1548,103
1549,264
2382,1
546,9
1781,15
3784,19
548,108
1864,8
760,63
761,70
400,22
4530,60
1784,74
2968,108
5137,11
4531,38
3321,14
5611,80
5474,5
5614,25
415,172
417,20
1388,232
1389,6
412,3
18,16
1384,14
5472,1
1386,12
1387,3
1380,217
1381,472
1382,97
1383,183
2442,1
3825,68
4532,11
3582,13
3829,34
3828,15
5000,44
5007,14
5710,4
4282,236
4533,21
4280,136
3042,10
4286,24
4284,6
4288,24
1944,3
2099,3
1447,53
366,231
364,1
365,1
362,3
3574,1
3214,4
5274,2
5008,1
5460,34
5275,80
2098,97
380,76
382,69
383,7
387,23
388,172
389,127
2764,12
4758,76
4759,99
4750,1
4751,2
4752,2
4753,60
5872,315
5873,71
5871,201
5876,31
5877,378
1822,11
2792,9
5878,4
5879,3
3759,10
5376,1
4664,3
3751,43
3753,167
3755,19
3754,9
3756,4
182,75
2191,10
258,459
2193,10
2194,51
4636,223
4635,11
2197,60
252,93
253,176
250,93
4638,151
256,31
100,1
254,51
255,90
2200,206
2201,10
2202,699
2203,156
2204,32
2205,123
2206,2
2209,17
1301,195
5004,7
2429,711
503,13
2047,10
2420,49
1446,2
2422,1
2423,11
2424,3
2044,7
2426,115
901,13
168,11
169,52
1725,23
165,40
167,21
160,1
161,59
162,4
4839,137
4838,3
3688,12
3583,5
4528,6
3683,36
6009,2
3681,24
3680,213
3687,25
4522,60
4521,138
4836,24
3212,38
2518,4
2519,31
1980,7
2517,11
4420,115
2513,3
2735,24
1676,10
2730,10
2731,280
2732,144
2733,110
5296,67
1847,140
5294,1
5295,11
5292,2
5293,18
5290,16
4427,62
3531,127
3213,68
3533,50
3532,200
5058,51
5059,151
3537,17
3536,6
5054,88
5055,294
5056,43
5057,292
5050,24
5051,23
5052,69
1091,40
1814,123
1815,4
1816,27
1810,55
4338,4
1813,382
4339,8
1818,121
1107,2
6074,7
975,11
675,1
6073,31
4334,113
677,1
670,196
1087,6
671,47
4330,78
4663,19
1608,137
1979,2
3225,16
1600,81
1975,141
1974,63
1973,1632
1972,127
1971,53
1970,364
809,12
808,12
908,12
807,40
5842,4
1426,1
2846,1
2843,5
2841,2
3039,2
5477,26
3322,64
3323,261
3324,5
5473,8
5470,2
3327,1
3328,30
3329,163
1775,82
1774,320
5276,24
1776,91
5270,25
5271,73
1773,5
1772,19
5278,2
5279,31
3138,11
321,80
1990,2
3975,56
5516,1
1159,26
1158,92
2999,4
5433,4
1157,158
3976,7
862,13
1150,166
5519,38
5518,17
1178,18
3038,6
58,46
1550,57
59,420
1554,54
3034,20
3035,21
57,125
56,888
3030,51
3031,153
3032,269
3033,169
2991,1
4662,11
2992,2
3571,1
3037,7
1908,45
2994,2
5138,32
2995,282
5605,102
5604,23
5607,1
5606,32
5601,15
2996,37
5603,10
5136,76
2997,6
5609,24
1904,1
4690,8
3297,39
5133,6
429,229
428,122
1900,129
1399,246
1398,25
1397,11
1396,11
423,19
1901,17
1391,15
426,4
3812,5
3813,23
3816,3
3453,39
3818,40
3819,131
4957,1
857,2
4299,3
5369,7
4294,30
4297,4
1423,115
4291,8
4292,12
977,3
4691,4
3510,6
1422,102
2199,1
4749,2
4748,26
4743,135
4742,77
4741,1
4740,31
4747,43
4746,1
4745,40
5869,53
5868,17
4243,17
5864,54
5867,17
5861,23
5860,31
5863,1
5862,29
4714,394
1424,62
4715,90
5350,136
2183,43
2182,68
2181,7
2180,296
4696,1
229,2
4609,345
4606,35
4607,109
2189,69
2188,234
4602,2
220,11
2213,3
2211,15
2210,48
2217,4
2216,9
2214,32
2219,13
2218,98
2683,27
5600,11
151,120
150,55
2439,94
2438,95
154,58
2433,3
158,7
2430,128
2437,16
2436,196
2435,11
4922,1
976,1
5123,5
123,8
4519,31
4988,1
4512,10
4511,8
4516,6
4517,55
4514,47
4515,397
1359,2
2507,2
2506,1
2505,1
2503,2
2502,2
2501,19
2500,1
2726,1
2723,112
2721,19
2720,14
5280,241
5283,38
5285,36
5284,52
2729,103
5286,3
1712,16
5049,4
5048,27
5047,72
5046,88
5042,10
5041,96
5040,7
1807,5
3783,47
1805,34
1804,30
3786,60
3787,3
1801,55
1800,209
3788,761
3789,91
1808,38
4994,46
4995,14
4992,26
4993,49
4990,10
4991,1
4491,2
4998,177
4999,6
5340,1
5561,27
3258,8
1524,9
1948,20
1525,44
1942,22
1943,117
1940,56
1941,249
3254,34
1947,29
3256,34
3942,20
812,38
813,19
814,48
815,33
816,3
817,43
5182,55
5183,12
1358,79
1523,1
5180,63
1490,451
3332,30
3331,26
5462,18
1267,360
3336,304
3335,99
3334,909
1498,7
5186,189
3339,143
3338,54
1395,5
5187,235
1700,15
1703,25
1704,99
3201,32
5261,278
1707,7
1709,15
1996,391
5269,92
5268,82
1999,11
4573,25
1998,25
3217,5
1259,15
237,49
5188,1
2093,55
1121,4
1122,13
4577,4
1125,1
4578,272
4826,2
3655,95
313,27
2988,44
497,45
3029,19
3028,6
2983,51
2982,10
3025,18
2980,138
3023,2
2986,22
3020,145
1090,34
300,2
1018,89
1019,156
312,55
695,1
1016,2
1017,4
1010,58
1011,56
1013,75
303,23
1232,2
5671,1
2526,151
5674,42
306,30
5678,7
5679,4
4356,10
307,4
4350,3
4351,423
4352,1
4353,11
2488,2
1266,2
4901,46
1341,2
438,118
4900,6
436,84
437,592
434,22
435,50
432,19
433,28
430,3
431,11
3809,13
3808,36
3805,12
4673,23
3807,10
3806,2
3800,103
3802,173
89,5
4671,38
3312,23
559,2
2481,16
3078,2
5709,15
5704,102
5705,16
185,2
5707,46
5700,27
5702,1
5703,11
554,2
1437,21
1851,53
1960,2
315,18
2701,2
1697,24
4775,13
4773,5
4770,50
4771,10
1434,88
4779,19
4174,142
4175,4
4176,24
4399,6
4173,19
1961,9
2700,10
5818,1
5819,5
5718,20
5810,105
5815,11
5817,11
995,9
4296,1
4683,5
927,3
4619,1
4618,28
996,7
238,8
239,51
234,36
235,331
4613,42
4612,127
230,118
4614,10
2708,227
993,7
2226,4
2227,2
2224,3
2463,26
2222,13
2223,6
2220,19
2221,1
5924,6
5925,109
5926,17
5927,28
5920,43
5921,1
5922,20
5923,62
5928,16
5929,120
147,16
144,349
2706,3
142,48
143,111
140,60
141,6
5069,15
148,12
5143,448
4504,11
4506,14
4501,1
4500,68
4503,22
1054,5
4509,47
5352,84
3401,9
2088,251
2089,231
1056,6
121,1
2082,11
2083,91
2080,1
2081,47
2087,652
2084,72
2085,24
1191,157
2538,367
2539,346
3343,13
2532,107
2533,39
2530,173
2531,130
2536,17
1193,77
2534,113
2535,41
2712,76
4321,77
2710,238
2711,185
2716,42
2717,12
2714,29
2715,3
4238,1
1195,79
3406,1
1194,6
128,5
5079,40
129,2
5072,13
5073,10
5070,161
5071,35
5077,26
5074,143
5075,197
1833,10
3799,376
1837,65
1834,3
1835,44
3795,10
3794,16
1838,226
1839,70
3791,61
3790,23
3793,14
3792,42
2406,41
2155,120
4983,50
4982,267
2150,104
2403,28
2152,864
4986,83
933,4
932,15
931,73
930,18
2159,115
935,4
934,52
3091,100
5388,4
5389,2
136,2
1991,150
1957,60
1956,112
1950,1
1952,18
1959,21
3248,87
3096,39
3370,1
3242,98
53,11
3247,24
3246,52
3245,1
3244,33
1825,23
228,5
828,72
1824,12
825,22
824,1
827,4
4406,12
4062,2
1177,1
3097,54
1536,5
1176,53
2409,1
1821,7
1993,9
1820,1
227,9
1482,22
1481,27
619,5
1487,105
1486,205
1485,16
1484,166
3306,249
5495,1
3304,11
3305,27
3302,71
3303,4
5492,141
3301,94
5252,34
796,151
5250,861
1710,25
793,32
792,22
5254,19
5255,8
5258,14
5259,38
799,68
1270,1
4319,1
2143,2
1182,4
4979,69
5946,3
1139,30
4063,50
4329,158
225,9
4060,135
1135,2
2419,119
4061,45
614,22
921,6
5942,3
615,126
2062,5
3018,211
3019,130
4064,2
3012,37
2796,33
3010,8
3011,2
3016,23
3017,678
519,26
518,1
4972,18
1009,38
1007,39
1006,79
1005,100
1004,49
1003,27
1002,11
517,156
516,21
623,13
1226,1
620,14
627,185
1997,2
625,164
624,51
629,12
628,86
1229,2
1228,1
5663,34
5662,65
5667,19
5665,61
5664,311
5669,238
5668,400
4343,71
4342,3
4341,7
2882,2
2883,9
2880,104
2886,49
2887,17
2884,5
2885,267
23,9
2889,96
2,5
419,3
4392,8
3878,3
3879,37
5398,37
3870,24
3871,83
3872,30
3873,48
3874,16
3875,82
3876,186
3877,83
13,43
928,9
15,30
14,64
17,13
16,36
5717,14
5716,17
5715,916
5714,70
5713,414
5712,441
5711,31
5789,1
3275,4
3272,14
1925,215
3904,13
3905,3
3906,333
3907,36
3900,123
3113,10
3908,17
3909,1
4761,12
4760,64
3600,18
4765,22
4769,278
4768,86
4167,4
4165,156
929,104
4168,3
5809,279
5808,17
5803,13
5802,10
5801,35
5800,186
3090,125
5806,14
5804,294
201,38
200,228
202,21
205,15
204,52
207,60
206,3
209,251
208,113
830,2
831,26
1572,1
836,2
2250,24
1571,49
2239,201
2238,1
686,139
834,1
2231,7
2230,40
2233,4
3473,29
2234,2
2237,8
2236,12
5937,259
5090,11
5933,3
5932,16
5931,41
5930,91
1574,3
1711,40
5092,22
5939,11
5938,80
1631,1
3576,94
2049,92
476,1
3498,59
3499,10
3496,184
3497,43
3494,58
3495,136
3492,135
3493,21
3490,9
3491,90
4570,6
2094,184
4572,17
2096,471
2091,27
2090,109
4576,640
2092,113
3654,356
4579,96
3656,2
3572,6
3650,214
3651,59
3652,143
3653,29
2525,101
2524,119
2527,5
224,67
2521,27
2520,527
2523,3
2522,2
1051,9
2528,70
4494,5
2791,5
2663,17
5065,40
5064,57
5067,118
5066,82
2709,22
5060,55
5063,5
4880,10
2704,54
2707,94
4883,250
4884,21
5068,17
2703,105
2702,110
6119,1
2748,10
4408,60
2951,3
4404,51
4405,24
1827,39
1826,57
4400,174
4401,83
4402,99
4403,32
2411,1
2146,244
2413,49
2412,13
4978,31
2414,148
2417,448
2416,532
4974,48
2418,399
923,74
4970,340
4971,177
2149,179
4973,156
5393,36
5392,2
5391,209
5390,57
5397,21
5395,30
4155,22
5399,22
5747,51
3277,2
1922,203
1923,115
1924,26
3273,62
1926,195
1927,233
1928,382
1929,44
3278,113
3279,61
3474,364
3475,8
3476,3
3477,21
3470,32
837,105
3472,44
835,50
4220,1
838,34
839,35
3478,12
3479,43
4821,1
491,3
3,24
4248,78
5586,2
3319,91
3318,169
2594,6
4930,13
5488,20
5487,224
20,26
3313,53
5484,6
3315,209
3314,244
3317,61
3316,12
784,136
786,51
787,8
5249,15
5248,43
1728,197
783,119
5245,547
5244,50
5247,121
5628,4
1722,3
5243,101
1721,75
924,7
5626,33
153,20
29,1
60,89
61,22
62,32
63,18
3001,178
65,1
66,109
67,66
68,149
69,14
3009,50
5485,102
1371,182
1588,3
1589,178
406,6
1582,11
1583,195
1580,14
1581,2
1586,23
926,3
1584,2
1585,8
159,9
1038,48
1039,267
508,157
1032,4
1033,8
1030,8
1031,33
1036,179
1037,145
1034,14
501,12
1212,167
1213,120
1210,15
1211,5
634,4
635,4
636,150
637,120
638,172
639,7
1219,110
4245,120
4378,104
4379,239
5658,72
5656,6
4370,18
5655,21
5652,119
5653,40
5650,34
5651,13
4831,3
2899,42
782,51
2895,12
2894,103
2897,7
2896,3
2890,1
2893,41
2892,190
1106,6
1726,40
1456,223
1457,1
1102,102
1103,12
1452,1
1453,56
1898,3
1458,40
1459,1
464,8
4830,9
4080,4
4082,239
5246,15
4087,1
3863,20
4089,4
3861,48
3860,137
3867,100
3218,1
1357,7
1720,6
1895,236
3148,5
1896,2
323,30
5728,22
5729,16
5720,10
5727,15
1891,9
1892,1
680,1
3917,10
2136,60
3915,34
3912,22
3910,246
5631,1
2134,87
3919,2
3918,17
4920,24
4798,19
4799,67
5945,2
4797,1
4791,2
4792,58
4694,44
4152,67
5837,32
4150,152
4151,128
4156,41
4925,47
5830,233
5831,245
4158,13
4924,37
5839,79
5459,2
5568,7
4810,34
4928,2
210,13
3286,53
920,13
957,54
6088,48
6089,15
6086,11
6084,80
6082,62
6083,6
6080,31
6081,9
980,3
5902,5
5903,4
462,39
939,37
5906,1
4,25
5904,10
5905,96
5909,16
439,11
3489,7
3488,207
3481,4
3480,94
3284,53
3485,39
3484,47
3486,156
938,3
4567,36
4566,8
4565,34
4564,98
3647,20
3646,1
3645,222
3643,22
3641,2
3640,363
2550,15
3005,24
2552,122
2553,40
2554,13
2555,10
2556,202
3283,13
2559,12
2396,91
2397,76
2394,13
2395,101
2392,21
2393,4
2391,15
64,1
6041,6
2398,4
3000,100
5011,1
5012,69
5013,26
5014,1
5015,17
3282,4
5017,4
5018,25
5019,11
4891,25
3002,731
4896,3
4895,67
4894,11
2601,1
3307,1
2803,14
1858,278
1859,102
3281,6
5693,4
1850,118
2806,30
1852,62
1853,3
1854,154
4412,12
1856,126
1857,333
6064,1
2173,6
6066,7
2171,174
919,11
918,17
6062,225
4968,185
4967,12
4966,122
2178,1
4964,13
4963,2
913,38
4960,1
5432,6
2606,19
2950,4
5694,33
1420,3
2608,6
2609,19
1933,94
1932,171
3263,13
1930,179
3265,7
1936,9
3267,61
1934,323
5124,15
5125,1
1939,221
5120,5
5121,32
5122,26
5437,5
3467,239
5630,62
845,66
3464,19
3463,173
3462,177
841,185
840,108
4277,31
5435,22
374,26
241,25
4160,10
459,6
4276,8
4905,6
6046,7
1192,15
1739,40
1738,35
5230,93
5231,138
5232,49
5233,257
1735,53
1734,151
1737,49
1736,390
499,40
753,152
3782,29
750,63
757,27
755,3
754,220
759,1
758,3
3780,3
3070,606
3071,62
3072,32
3781,9
2958,35
3075,7
1593,1
3077,47
2954,6
2955,3
2956,91
1599,6
1598,122
1802,14
5344,6
1450,12
5346,84
1026,311
1021,8
1020,5
1023,55
1022,109
4906,4
3785,13
1029,132
1028,158
2402,16
500,9
3701,100
605,9
630,16
4367,28
4366,83
601,4
4360,9
603,3
631,201
1205,7
1204,24
1207,75
1206,47
4369,36
1200,138
5649,31
5648,17
633,7
5640,73
4279,14
5644,4
5647,4
1217,13
3696,3
3109,5
3107,120
3100,156
3101,156
3102,1
1111,89
1353,55
1445,56
1444,1
5,267
1442,74
1117,1
1440,65
4589,11
1351,45
1449,5
1448,34
4093,142
4092,19
4090,33
2759,1
4096,222
4094,102
2401,17
4099,6
791,2
5735,82
5737,54
5730,22
622,3
3704,19
484,57
483,14
5738,6
480,8
4854,37
4581,15
903,2
790,3
4725,4
4724,12
5300,9
2303,1
3922,4
3420,1
3920,68
4726,45
3926,4
4721,3
3929,52
4720,7
4789,2
4788,55
4787,3
4786,61
4785,73
4784,10
4783,16
5654,32
4781,12
4780,20
5821,13
5823,30
5822,19
4149,1
5824,8
5827,136
5826,64
5829,48
4144,25
3992,5
4143,22
4377,16
3856,38
3854,42
3855,10
3852,70
3853,14
3971,4
3851,153
3311,73
3858,289
3859,160
6099,132
6098,8
6093,16
6095,39
6097,43
6096,9
1575,4
4823,62
6048,31
5918,1
5914,4
5916,11
5910,10
5913,2
5912,2
198,7
195,12
197,23
3234,20
193,9
4559,1
3672,18
3673,510
3670,512
3671,223
3676,254
3677,208
3674,70
2543,8
2542,3
2541,3
2540,87
2547,165
2546,5
2545,8
2544,153
2549,85
2548,94
1104,3
2380,4
1105,4
2385,8
2387,20
2386,18
2389,7
2388,3
5003,4
3580,4
3581,16
5001,24
2768,16
3584,164
3585,48
3586,28
3587,5
2763,1
3589,17
2761,5
2760,4
2767,7
2766,20
2765,43
2285,29
2007,10
4260,58
3552,82
902,11
4620,12
900,2
4429,17
906,14
904,3
905,5
1843,13
1842,115
1841,239
1840,488
4426,28
1846,56
1845,43
1844,202
6076,42
4958,25
1620,140
2169,25
2168,83
6071,22
6070,2
4953,392
4950,28
2166,2
2161,7
2160,81
4954,1
4625,241
2617,6
2616,93
2615,3
2614,275
2613,59
2612,72
2611,2
2610,15
2147,1
4627,5
3869,248
2618,30
3299,5
5139,577
1909,13
1906,19
3295,101
5135,380
1905,16
1902,15
5132,93
3292,63
3293,197
855,31
3450,2
3451,90
3456,14
3457,115
852,3
3455,23
372,68
4545,3
3458,1
3459,43
858,398
859,8
5425,2
6,110
4546,18
2042,20
3402,16
5082,8
3555,3
5229,4
5228,18
5223,14
5222,7
5220,10
5225,6
3738,5
4679,19
740,1
742,101
743,220
744,46
745,155
746,44
747,44
748,15
749,39
3060,22
2949,78
2948,166
2947,47
2946,66
2945,176
2944,5
2943,9
2942,3
2941,240
2940,101
5357,51
5356,272
1052,170
5354,28
5353,67
1055,16
5351,143
5234,31
1059,1
2225,3
5359,20
5358,2
1696,11
2918,56
1694,66
1695,12
716,18
2595,127
1791,5
1278,18
1279,14
618,2
4313,264
4315,4
4317,40
612,11
713,1
610,35
611,339
616,6
617,119
1276,70
1277,27
4157,6
711,2
710,4
3333,41
3119,24
3118,50
3117,119
3116,8
3115,35
3114,39
3734,48
2469,18
3110,4
1472,58
1473,88
1470,98
3330,147
3337,13
1478,81
1479,1
1495,9
1305,5
1306,66
1307,3
1300,132
5467,7
1302,44
1303,1119
1497,70
1308,2
1309,15
5740,47
5741,39
5743,10
498,32
4229,308
5468,5
494,59
4225,20
4227,79
490,6
4221,25
492,12
493,212
24,50
26,236
5585,1
5582,133
21,17
22,3
5581,35
3594,1
28,56
5235,5
5588,1
5589,31
3599,2
1069,184
3938,50
3935,13
3934,8
3937,107
3936,22
3931,402
3930,49
3932,71
5195,17
1885,48
1705,3
4138,36
4139,129
1706,60
4434,1
4131,34
4132,11
4133,46
4134,2
4135,9
5692,9
3840,76
5691,122
5696,25
3844,24
3847,23
3846,44
3849,37
3848,16
5698,30
5699,515
1063,6
1062,1
4433,2
1604,4
3916,10
5306,5
667,2
4044,61
4045,11
4046,124
4047,38
4040,8
4042,3
4048,43
5968,77
1656,5
5961,192
5963,25
5964,11
5965,11
5966,19
5967,16
3665,305
3664,11
3667,8
3666,39
3661,533
2050,40
2280,37
2281,6
2282,65
2283,3
3669,7
3668,66
4549,30
4548,30
4946,6
973,22
606,11
4544,1
972,12
420,2
2578,34
2577,27
2574,43
4829,110
2572,11
2573,57
2571,46
3690,21
2379,2
2374,52
2375,1
2377,2
1073,21
2372,102
2373,153
3593,83
3592,95
2596,304
2590,12
2591,893
2592,152
5039,100
5036,127
5037,39
5034,113
5035,38
5032,389
5033,34
5030,178
5031,70
1876,46
1877,29
1874,198
1875,57
4431,12
4430,60
1870,36
1871,50
1083,1
1070,29
4438,5
1878,18
594,13
4945,49
4944,195
4947,4
974,132
4941,61
4940,27
971,89
183,196
596,494
4948,31
2118,40
2119,11
180,7
181,80
186,7
6047,12
6044,6
4320,85
2111,86
2112,267
2113,47
2114,177
2115,69
2116,683
2117,68
2623,10
2620,12
2621,22
2626,142
2627,24
2624,12
2625,44
2628,36
6045,34
5108,998
5835,210
3289,6
3288,5
1911,104
1910,8
5100,201
5101,221
5106,127
5107,14
5104,90
5105,172
869,15
868,27
189,6
3449,15
3448,18
3445,271
3444,55
3447,1
3446,9
865,7
3440,86
867,90
3442,443
2024,216
2757,84
2754,3
2755,18
2020,123
2021,1
2022,94
2023,30
2828,3
2758,11
2829,12
883,33
882,41
881,11
880,22
884,146
4590,38
5216,17
5217,5
5214,2
5215,449
5210,26
5211,69
832,11
1503,9
5218,59
5219,157
1968,55
2820,8
4154,26
418,10
3988,118
1727,3
3613,4
3973,12
5414,31
2629,18
771,9
773,1
3387,1
4596,67
779,10
4675,2
75,394
3385,169
73,142
72,10
71,21
70,14
3056,50
2973,12
3054,43
3055,48
3053,28
79,260
78,8
1043,262
5363,27
5360,163
1040,313
1047,16
5367,51
5364,85
5365,8
4597,2
5368,258
3381,95
1681,33
1680,232
1682,1
1686,15
1689,1
1688,16
4303,240
4302,96
1269,5
4300,26
4307,5
4306,9
669,393
668,195
1263,4
666,9
1261,26
664,96
663,162
662,21
661,40
3022,2
3287,23
215,83
5103,101
5196,1
2984,24
3285,16
3725,1
3129,3
4595,1
3122,2
3123,52
3120,27
3121,6
3124,212
3125,167
1468,141
3977,27
1465,3
8,331
1467,96
3280,219
1461,2
1823,43
1463,1
5361,3
1317,31
1316,224
1314,127
1313,26
4529,2
1318,78
5791,1
5751,48
5750,16
5757,7
218,11
5755,5
5754,12
4237,145
4235,106
4234,5
4233,57
4232,253
4231,11
4230,6
5591,59
5590,748
5593,16
5595,199
5594,425
5597,2
5598,4
5807,3
861,18
860,4
3948,173
3949,205
319,204
318,38
3403,6
3274,135
3940,95
3941,30
311,166
3943,36
3944,69
316,2
3946,7
3947,4
5168,5
3443,1
1433,38
4364,8
2756,9
4129,273
1531,11
4123,57
4122,34
4120,15
4127,75
2026,6
4125,56
443,9
2027,2
5684,2
5681,8
441,2
3658,13
3405,13
4707,9
440,31
2750,7
2322,21
1509,52
2751,13
4604,2
2321,75
2320,42
2696,5
4703,188
4702,70
4057,317
4056,26
4055,79
4054,58
4053,103
4052,160
4051,43
4605,1
2908,2
4059,127
4058,61
5194,20
5978,107
4358,26
2690,34
5977,285
5975,1
5974,15
3610,28
3611,13
3612,32
2298,3
3614,1
3615,35
3616,40
3618,5
2297,106
2295,6
1614,171
4354,115
4355,27
2569,273
2568,2
4357,9
2561,57
2560,405
2563,221
2562,12
632,31
2564,11
2567,6
2566,220
3845,1
2369,9
2368,249
2366,58
5776,6
2362,838
2361,9
2360,28
5029,215
5028,30
2584,1
2583,20
2582,20
4697,2
5021,54
5020,7
402,5
5027,151
5026,106
1861,87
1860,27
1863,3
1862,72
3728,2
4445,5
4446,13
4447,188
1869,101
1868,23
3726,140
3727,5
4490,64
964,142
4931,13
4684,64
4933,6
4934,74
4935,369
4680,66
963,28
4938,102
4939,96
968,11
4688,20
2109,51
2108,123
6059,265
6058,1
2102,5
2101,35
6056,30
6051,99
2106,55
2105,10
2104,32
5115,27
5114,106
5574,35
5111,25
2638,21
5113,6
5112,18
2635,4
2634,249
2637,27
2636,36
2631,25
2630,133
2633,10
2632,38
1717,8
5403,6
5570,2
3527,4
3438,3
641,13
5192,153
1240,95
876,3
877,6
874,47
3433,9
872,16
1243,91
3436,33
3437,31
2741,66
2740,6
2035,455
2034,392
4848,202
2744,29
2031,1
2030,597
4844,109
1533,23
4846,411
4847,3
4840,93
4841,4
2039,152
1244,7
890,5
891,1
892,17
893,20
894,35
895,136
896,238
897,461
898,6
899,70
1530,61
1715,2
5201,45
5401,39
5203,2
5202,9
5205,7
5207,3
5206,11
5208,40
5193,24
5907,11
5198,6
3544,37
3545,10
3547,79
3540,124
3541,22
3543,48
3235,16
3548,6
3549,67
5400,137
1616,1368
422,21
1617,62
5197,6
1788,2
1789,14
1615,237
4569,59
3649,8
2962,44
1780,4
1612,53
1782,276
640,63
2969,9
1785,96
1786,132
5190,23
3049,55
3048,3
1962,21
3041,6
3040,18
3043,30
1963,151
3045,37
3044,39
3046,61
268,89
5379,248
1078,44
1079,73
5375,10
5374,6
5377,71
1075,18
1072,321
5370,117
5373,8
1071,40
1678,253
1679,40
3804,1
1675,30
5149,22
1094,69
1095,1
1096,61
1097,27
678,92
679,11
1092,417
1093,40
674,20
4337,41
676,520
4335,116
1098,149
1099,102
672,30
673,184
3135,61
3134,545
3137,64
3136,94
3131,31
3130,99
3133,29
1916,1
3139,110
1534,169
3396,1
3962,4
1622,1
1418,14
1419,17
1410,140
1411,21
1412,20
1413,13
1414,9
1415,6
1416,1
1417,27
1322,10
1323,117
1320,24
1321,60
1327,38
1324,18
774,1
4646,36
1328,72
1621,12
4209,22
5768,85
5769,50
4202,3
5767,1
5764,145
4645,201
5762,20
5763,67
647,19
1917,2
5569,2
5564,42
5565,9
5566,222
5567,82
5560,48
1053,58
5563,98
1256,1
1257,18
1526,2
1527,187
1252,2
1253,1
1250,112
1251,48
1528,136
1529,285
1258,16
646,25
308,1
309,98
3959,9
3953,154
3952,32
3951,67
3950,64
304,1
305,13
4864,6
3954,18
4116,181
4117,499
4115,446
4112,14
4113,9
4111,164
4118,7
4119,8
4634,84
2254,6
2858,3
2253,30
2978,43
74,101
2399,4
4249,16
3340,9
4448,53
5159,45
5184,2
4899,45
3815,28
4898,8
3204,3
5947,116
5944,58
5185,18
4066,1
5943,606
5940,4
5941,142
4069,55
5948,44
5949,14
5784,20
5785,60
5786,2
5787,8
5782,53
3346,5
5788,29
2772,16
5856,8
3603,1
5362,21
3601,15
2773,120
3606,228
3604,2
3609,239
3608,72
1041,2
5469,5
982,14
5157,68
2478,3
1046,33
1897,1
6118,61
1045,53
6114,51
6115,162
6116,87
6110,6
6111,67
6112,15
6113,33
2358,218
2359,8
2352,22
2353,139
2350,40
2351,7
2356,213
1049,5
1048,51
4453,29
4451,30
4450,3
4457,36
1899,47
4455,44
4454,34
3737,1
3736,212
3735,21
1443,133
1890,11
3732,43
3731,2
3730,77
4923,148
2137,4
4921,72
2135,15
4695,123
4926,120
2130,131
2131,42
953,18
952,96
955,45
954,51
2138,41
956,151
3969,14
3203,12
6020,9
6021,18
477,3
6025,4
6026,8
6027,7
2648,137
5161,4
5163,90
5164,156
5165,10
2784,233
2640,17
2641,45
2642,20
2643,35
2644,3
2645,4
2646,17
2647,480
2786,217
2781,3
2749,1
3429,14
3428,96
2783,5
4777,66
3422,23
4418,7
3427,424
3425,48
3424,3
2003,2
2000,34
2001,54
2006,2
4588,36
4859,61
2005,89
4857,83
4584,7
4587,178
4586,1
4853,176
4415,36
4851,67
4850,449
4414,7
1493,1
4413,11
1268,1
4411,78
3026,21
2100,2
3556,2
5765,2
3554,4
3553,11
4305,12
3550,92
4304,4
2170,7
3558,2
4942,40
6067,32
717,171
6060,103
2177,4
2911,22
2912,126
2913,88
2914,231
2174,264
719,113
2898,3
1793,74
1792,316
715,25
2175,14
1797,20
1796,15
1795,93
1794,76
915,4
1265,264
914,30
4079,10
660,3
4965,10
5954,1
5308,203
2179,53
1061,1
5301,9
5302,79
5303,6
1065,3
1064,88
1067,2
5307,71
4390,6
4526,6
1669,1
1668,6
1907,5
1662,64
1661,22
1660,245
591,13
590,2
1085,48
592,2
595,97
1082,27
1080,17
599,311
598,71
4324,12
1088,23
3140,549
3141,5
3142,36
3143,406
3144,118
3145,27
3146,24
3147,18
2824,54
2008,27
2821,15
2822,3
2823,148
3386,300
5415,19
5417,63
3382,188
5411,12
5412,2
5413,200
2032,2
5418,11
5795,3
3388,31
3389,223
1409,17
1408,29
1403,63
1402,8
1401,95
1400,393
1407,4
1406,141
1630,52
1025,3
449,250
448,23
1339,43
1338,47
1491,8
1335,6
442,1
1337,56
1336,51
1330,5
445,168
444,5
5779,85
1432,2
5771,10
696,108
5772,77
5775,27
5774,25
697,103
3261,1
39,3
1540,9
1057,8
3260,50
33,1
32,149
31,2
30,28
37,139
1931,135
5571,2
34,1
1241,105
3093,149
643,364
1242,150
645,58
1532,109
1247,405
1246,368
649,8
648,56
3098,11
3099,7
1027,109
1539,20
1538,15
5179,1
339,25
338,302
335,186
334,120
337,95
336,174
331,64
330,145
333,84
332,472
4101,513
4100,104
4102,15
4105,16
4107,646
4106,189
4108,1
1494,1
772,11
2127,2
3899,604
3892,32
3893,13
3890,33
3891,3
3894,212
3895,163
847,5
3465,2
5900,5
1464,7
843,1
842,157
5950,4
5952,21
5955,11
3461,121
5957,2
5956,18
3460,4
4071,53
4073,4
3966,11
3967,10
3964,21
3965,9
5793,98
5792,6
3960,34
3961,47
5799,29
5798,38
2854,5
3639,48
3636,6
3637,8
3634,483
3635,9
3632,8
3630,638
3631,237
5343,5
4610,17
5084,27
152,4
236,14
2345,11
2347,28
2346,104
2341,18
2340,113
6109,156
2342,70
6107,22
6106,49
6105,414
2349,9
6102,34
6101,53
6100,105
1499,29
2067,1
3708,1
2148,57
4468,289
4469,53
3702,26
1886,34
4464,92
4465,37
4462,5
3707,66
4460,59
4461,171
2121,4
2120,37
2123,81
2122,3
2125,3
2124,171
4918,26
949,69
2129,164
947,18
4914,34
945,106
942,89
4661,44
4910,338
4911,172
6039,21
6038,16
2348,2
1865,9
6032,12
6031,6
6030,7
6037,27
6036,33
6034,10
5173,61
5172,123
5171,38
2658,64
5177,14
5176,15
5175,106
2653,3
2652,218
2651,10
5178,167
2657,45
2656,18
2654,6
3416,8
132,238
3414,170
130,80
3413,65
135,20
134,149
4371,2
1597,2
3418,8
2694,6
4868,74
2019,84
2018,28
2015,8
4860,213
2016,27
2010,2
2013,1
4865,65
5277,3
1937,1
3562,5
3563,24
3566,71
3567,81
3564,124
3565,122
3568,22
3569,5
4484,10
4485,68
4480,1
4482,95
5131,107
4488,2
4489,156
2903,47
2902,6
2900,40
708,13
2906,3
2904,99
704,9
705,2
510,6
700,7
701,2
703,16
88,7
145,6
82,21
80,182
81,131
84,21
85,2
5319,1
2770,139
5313,79
5312,5
5310,368
5316,1
5314,76
1659,31
410,1
4239,6
1657,1
1654,10
1655,7
586,66
587,52
585,41
411,6
1987,16
5645,2
1984,169
588,2
3151,29
1985,94
3156,12
1385,1
3210,399
3159,8
988,2
1983,78
1436,336
5406,26
3393,51
5404,38
3395,13
5402,226
3397,136
1431,79
3398,273
1637,234
5409,11
5408,53
1260,7
1731,4
3709,14
1730,5
458,44
1349,25
4262,23
4263,60
4264,10
4266,116
4267,27
450,443
451,187
452,499
1888,12
1344,92
455,20
456,6
457,71
4466,6
5236,57
4467,5
5237,4
3700,498
5548,112
5549,67
3259,25
5542,2
5543,83
5540,4
5541,25
5546,28
4463,5
1502,4
657,37
1500,9
1501,8
652,15
3088,39
1504,53
651,84
3085,35
3084,5
3087,450
3705,27
3081,4
3080,23
658,1
659,3
310,5
5890,51
5891,24
5169,31
5893,16
5894,19
5895,9
5896,32
5897,6
5898,21
5899,1
3439,29
1992,71
3884,23
3887,2
3886,20
3880,66
3882,7
4919,11
946,29
2484,1
944,59
4915,1
495,68
752,17
4912,35
4913,211
940,16
941,238
4008,13
4009,8
2017,97
4005,29
4006,17
322,102
3970,202
320,100
3972,158
326,72
324,337
325,56
329,71
3629,240
3628,66
948,10
3623,3
3622,80
3625,28
3627,2
4281,186
2565,40
2330,24
2331,306
9,24
4710,8
4711,10
4712,7
4713,195
2338,96
6133,4
4718,208
4719,11
6134,1
6135,11
3073,3
1880,5
3074,6
609,87
50,55
3715,25
3711,19
3710,2
4959,1
1592,1
3719,3
4126,6
4479,227
4478,259
3251,13
3079,2
4471,90
4470,138
4473,33
4472,12
4475,16
4474,5
4476,4
6007,1
6004,1
6000,39
6001,199
2486,26
2487,7
4903,1
2485,356
2482,171
4672,39
2480,83
4670,47
2249,398
2244,12
2245,1
2246,9
52,7
2240,5
2241,29
2242,8
2243,138
2464,21
994,608
997,220
2467,30
2461,45
2462,35
992,60
5146,31
5147,6
5144,105
5145,1
5142,50
998,43
5140,127
5141,110
120,53
3400,46
122,2
5347,106
124,26
3404,46
126,7
127,17
3409,176
3408,56
133,4
3379,4
3417,49
3378,48
131,41
363,7
3377,339
2798,27
5424,5
2060,48
2061,13
2790,2
2063,32
2064,18
1184,7
2795,24
5348,7
3411,6
3372,2
3371,11
943,156
5098,198
5099,373
3579,57
3578,643
3575,20
5091,33
3577,4
5093,43
5094,8
5096,33
5097,20
4497,4
2665,20
2662,160
4492,21
2660,7
2661,52
722,51
4499,3
2938,76
2939,35
2936,263
2937,83
721,39
2932,14
2930,38
2931,33
5326,45
5327,1
5325,12
5322,47
5320,1
5321,45
1836,114
231,2
5328,222
5329,45
1645,8
1647,7
4018,1
1641,6
1640,20
1642,42
1649,91
4881,17
729,3
1535,200
3796,81
1165,22
570,3
607,9
2808,59
2809,30
4956,2
3169,124
3166,1
4361,28
3162,10
600,4
1421,54
4981,138
5430,38
5431,154
3368,86
3369,24
1427,1
2407,13
3364,8
1428,126
5438,2
3367,1
2404,97
3362,7
3363,1
2405,18
735,995
737,5
4985,52
3390,3
2151,148
4273,38
4272,263
4271,80
4270,71
469,42
4987,29
4275,2
4274,14
465,23
1352,100
467,512
466,22
461,76
463,68
608,344
4660,18
5554,154
5556,34
5553,132
5552,31
5559,34
5558,348
4224,4
3224,61
4867,1
1518,23
1515,66
1516,25
1511,74
1510,18
1513,1
1512,8
4886,6
5883,140
5882,14
5880,21
5887,181
5886,62
5885,130
5884,15
2004,4
5889,98
5888,5
958,15
1798,10
280,30
5770,8
3185,7
3186,7
3187,56
3180,407
3181,27
3182,148
1024,3
3188,82
5875,2
5972,3
1430,2
5970,4
4013,2
4012,121
4011,69
4010,50
4017,14
4016,51
4014,91
357,3
5797,2
355,68
353,83
3989,67
3984,14
3985,8
3986,72
3981,6
3982,15
3983,9
2299,108
6125,23
6124,55
6127,203
6126,178
6121,5
6123,6
6122,33
5119,22
2323,4
4706,180
4705,69
4704,425
2327,31
2326,14
2325,19
2324,51
2329,28
1113,45
4709,91
4708,14
289,156
288,6
1112,12
2830,9
1115,19
283,18
282,5
285,10
284,16
287,20
286,24
3760,10
3761,13
4359,4
3763,19
3764,7
3765,1
3766,71
3767,20
3768,12
3769,17
263,4
262,1
267,24
266,16
265,31
264,3
269,355
2294,65
6011,29
2190,1
6013,15
6015,21
3407,160
6016,77
6019,165
2490,306
2493,2
2492,344
2495,28
2497,187
2496,93
4424,7
259,3
1294,300
2259,37
2258,28
2257,118
2256,76
2255,6
1295,67
5892,5
2252,1
2251,6
2195,36
2477,123
5158,1
2475,129
2474,15
2472,1
2470,61
5151,22
5150,22
5153,95
5152,24
5155,333
5154,22
2479,331
985,68
2198,186
2176,5
111,76
110,61
113,14
112,138
119,16
118,11
3432,14
2785,275
4801,165
4802,66
4803,197
4804,48
4805,99
4806,142
3269,8
4809,1
2788,6
257,1
2079,97
2078,478
1716,6
2073,162
2075,18
2074,92
2777,2
4483,14
4969,78
4363,2
3508,3
3509,2
5089,15
3501,28
3502,58
3503,19
3504,21
3505,12
3506,18
3507,39
2675,5
2674,10
2677,2
2676,11
2678,4
6103,14
2929,233
2928,122
2921,104
2920,120
5608,11
2924,32
5330,1
5333,454
5332,167
3394,16
3685,39
5337,7
5339,1
2907,13
1986,130
3215,693
3216,32
1633,74
1982,58
3211,131
1636,78
1981,53
5739,91
604,4
3219,10
1988,1
1989,6
3222,6
3862,2
5345,3
2817,48
2816,143
2811,7
2810,3
2812,24
562,1
2819,20
2818,394
567,30
3179,2
3178,522
3171,8
3173,54
3172,1
3175,27
3177,29
5086,1
1483,7
2364,1
5429,17
5428,4
1188,1
1189,107
1186,64
1187,291
3375,32
3374,33
3373,23
1183,9
1180,53
5422,9
726,8
727,3
724,6
725,16
1748,101
723,290
720,7
5635,25
1744,13
1745,17
1746,4
1747,30
1741,23
1742,27
1743,116
1164,1
2587,51
1166,38
4393,82
1160,44
1162,74
1163,4
4246,4
4247,200
4244,52
3309,47
4242,2
1169,600
4240,18
4241,4
5520,1
5521,129
5522,3
5523,103
5524,7
5525,19
5526,90
5527,247
5528,3
5529,1
4397,1
5496,5
472,47
5497,1
48,54
49,444
46,113
47,196
43,33
40,7
41,2
1568,396
1569,1
3194,93
3300,3
3198,1
4021,2
1561,133
5493,5
1566,56
1567,84
1713,61
1360,13
5253,71
4693,4
3190,2
795,37
613,3
794,11
2589,364
2551,21
5256,59
2915,70
5257,13
4398,15
1366,7
5639,145
5634,39
4391,82
1201,2
5637,60
4394,18
4395,1
5632,12
5633,8
3197,40
473,20
470,30
471,9
3193,6
3192,8
474,15
2787,6
4444,49
478,24
479,139
1719,2
1369,13
