1869,1553
5259,272
4446,22
2719,66
1866,33
5745,236
965,7
4026,347
4027,1268
4024,499
4025,3064
4022,7
4023,54
4021,51
3798,38
1727,32
1868,521
4029,215
5988,213
5989,2023
981,4
5982,296
160,39
5981,58
5986,39
966,20
5984,461
344,1
3570,1
340,327
341,20
342,276
3998,101
3997,207
3996,1129
3995,583
3994,173
3993,398
349,16
3991,62
3990,52
4686,344
4844,466
457,800
1343,9
4932,127
3573,91
3346,17
4685,5
4935,2330
4732,567
5970,36
4731,28
4736,2292
4737,103
4734,434
2319,2679
2316,5035
2317,318
4738,1569
4937,11
2312,131
2313,69
2311,91
5854,29
4831,52
2184,113
5857,23
5850,4
298,52
5853,2377
3237,5
294,93
292,551
293,127
290,25
291,49
3773,336
802,2
3771,49
4832,55
5749,2
3776,368
3775,141
3774,159
4835,61
1006,452
1325,33
2782,3
4834,18
270,190
4654,911
272,1587
4656,1268
274,887
275,104
276,28
277,155
278,2
279,2
4520,1
4659,3
4658,329
4660,159
581,1
3446,184
4782,25
2269,133
4028,26
2262,104
2263,111
2260,603
2261,280
2266,77
2267,2
2264,188
6058,16
2442,4
2443,1
2446,847
2447,20943
2444,362
2445,1602
2448,414
2449,62
2189,584
3690,10
108,1020
109,270
4830,161
6054,54
103,64
100,5
106,92
107,1348
104,6
105,118
2046,600
2047,131
4811,946
2045,57
4817,817
2043,7930
2040,4452
2041,771
6051,848
4819,2286
4818,962
2048,45
2049,713
2105,156
4645,1211
820,3
2993,29
1086,50
1372,67
1060,4
5116,18
5484,97
2836,31
2639,83
4456,6
2835,17
2142,190
3519,29
3518,68
1901,89
2732,563
3513,108
3512,73
3511,5
2733,1079
1210,97
3516,85
3515,13
3514,716
5297,47
2684,1791
2685,52
2686,61
2687,857
2680,651
2681,200
2682,482
2683,488
5675,1
5406,139
5119,148
1211,24
343,91
1434,704
5118,1
99,63
5482,57
1435,32
4605,7
6010,2
91,28
90,118
94,835
3394,172
1991,1101
3206,74
3205,225
1620,2255
1995,1325
1994,226
3201,470
1996,2360
1999,112
1998,299
1629,815
5400,810
3209,4
3208,2460
3535,3
3534,84
2861,11
2862,11
2863,663
2864,776
2865,99
2866,1138
2867,31
2868,690
2869,110
551,55
550,1092
553,81
552,13
5054,213
5409,94
5055,975
1439,134
5458,249
3697,362
3348,1320
3349,3293
1191,1779
1190,1786
1193,229
1192,61
5454,24
1194,62
3344,219
5457,266
1758,77
1756,1198
1755,345
1754,837
1753,1053
1752,295
1751,515
1750,748
4259,148
4258,2709
1175,911
1174,346
1173,943
1172,264
1171,4135
1170,5053
4251,767
4250,189
4253,1
4252,280
4255,1735
4254,96
1179,84
4256,209
5533,1220
511,24
5531,511
5530,160
5536,156
5535,89
5534,1726
1875,232
5539,416
5538,60
1005,489
1811,1
1285,697
1284,1
1287,1387
1286,8
1281,114
1280,107
1282,2106
515,11
879,451
5439,20
3756,14
3430,31
1579,1358
1578,4710
689,101
1001,89
1872,1
3431,24
685,1998
684,338
687,1807
516,121
1577,118
1576,22
1623,917
682,854
1348,380
875,3
1349,217
3434,11
873,38
3345,257
889,11
870,87
3437,202
1888,120
4592,84
4389,3
3325,10
5628,29
4383,173
4382,61
4381,139
4380,1819
2191,52
4386,563
4385,25
4384,122
1371,767
406,42
405,69
404,196
1374,9
400,149
1379,480
4596,957
1342,167
409,1444
408,6571
3834,125
3835,957
3836,13
3837,196
3830,84
3831,4675
3832,2424
1242,986
454,946
2030,9291
3838,12
3839,1965
455,963
5995,897
4030,877
5997,2
5996,107
4035,49
5990,121
5993,2093
5992,1367
4038,214
1347,2122
5999,24
5998,340
977,41
2318,601
4735,15
379,145
378,1441
3620,10
371,8
373,9
4843,123
374,50
377,1803
376,166
2343,22
1244,144
5107,138
891,7
4348,455
393,27
391,1
390,5
397,628
396,5231
395,220
394,734
398,1539
4345,18
2309,872
2308,46
4344,34
2195,108
4728,618
5855,16
2301,622
2300,882
4727,731
2302,3237
2305,507
5856,19
4723,98
2306,186
5847,140
5846,2
5845,2124
5844,646
5842,94
5841,255
5840,137
3592,540
5849,117
5848,305
5852,37
3203,285
299,39
3742,318
3743,478
3740,4
3741,260
245,1783
4621,114
247,3086
246,2785
4624,1717
4625,875
243,15
242,167
226,10
249,55
248,981
2275,559
2274,18
2276,191
2271,950
2270,122
2273,237
2272,815
5858,11
2279,907
2278,1932
4981,828
1015,5
1846,105
2232,10
125,58
2455,12
2454,1631
2456,2929
2451,47
2453,120
2452,8
3770,12
2155,1186
5208,222
176,306
175,802
174,94
173,591
172,1512
170,1214
2051,13
2050,258
2053,10
1111,515
2055,32
2054,248
4828,21
4829,1128
2059,123
4827,50
3692,202
3693,605
4822,486
3695,1672
4532,102
4533,242
4983,319
3596,114
853,57
3089,3
3088,207
1879,53
1110,536
1367,259
2769,11
1505,61
3526,6
2157,43
3525,24
3522,53
3523,23
3520,2
3521,12
1508,181
3528,35
3541,169
1364,166
3086,264
271,68
4657,296
3080,102
3594,40
3225,45
273,49
658,8
3224,685
4651,929
2695,437
2694,53
2693,34
1603,25
2691,4
4650,700
1974,1552
5497,27
4653,86
1973,11079
4652,6
1972,2204
5837,179
499,410
4557,493
1606,567
4554,2
3232,339
3233,114
5490,61
2133,1
1968,1218
1969,6400
1618,994
1619,336
1616,11489
1617,657
1614,1520
5196,15
1612,268
1613,631
1610,2380
1963,3434
4310,38
1114,121
1363,39
714,22
2873,38
2872,1703
2871,555
2870,221
2877,748
2876,542
2875,160
2874,111
2153,45
2879,4836
2878,1311
3355,15
3354,159
3357,6
3351,1813
3350,2072
3353,8
3352,2694
3358,3
3781,109
5448,474
65,6
3745,7
1366,172
5443,755
5442,43
5441,3
5440,355
2692,11
5446,353
5445,1
5444,475
1768,2504
1762,44
1763,39
1760,10
1761,19
1766,156
1767,995
1764,89
1765,150
1140,270
4988,24
1789,80
2966,16
5509,1
5505,17
5502,27
5503,89
5500,41
1547,1223
1544,140
691,208
696,438
697,664
694,90
1541,1146
698,120
699,5
1548,846
1549,2032
1220,1
2382,26
546,45
547,1
1781,42
548,597
549,5
1864,51
1782,1360
5627,8
3885,4
1783,87
4530,410
2969,127
2064,57
1785,1221
1627,14
2388,102
1787,32
3682,2
5137,31
3880,455
2649,5
4531,437
2044,92
5477,153
5612,8
5611,502
3322,294
5614,277
5615,3
415,833
416,3
417,68
609,347
1389,76
412,5
5716,134
1384,122
5472,18
1386,122
1387,123
1380,4592
1381,3925
1382,1220
1383,1829
3827,1
5003,57
3825,513
5714,627
3326,10
5002,28
3582,52
3829,522
3828,155
3328,31
5000,162
1177,2
1254,17
5007,116
5006,6
4282,1804
4283,1
4280,1427
4281,325
4286,138
4284,85
781,2
5461,4
4288,102
5004,18
2403,115
2099,17
368,62
2762,20
366,1115
367,28
364,22
365,8
362,23
3574,7
3214,11
5274,32
5008,3
5275,689
2098,501
1777,3
380,817
382,385
383,60
4985,17
385,9
387,148
388,942
389,593
1770,13
4758,660
4759,662
5272,4
4750,279
4751,40
4752,45
4753,344
3747,284
4755,6
4756,1
4757,21
5872,2065
5873,1033
5871,1452
5876,396
5877,2614
5874,6
5875,32
2792,39
5878,45
5879,44
1074,9
3759,88
5462,52
5376,8
4664,17
3751,296
5278,57
3753,1938
3755,70
3754,127
1073,80
182,665
4632,10
258,3832
259,75
2194,219
4636,1923
4635,26
2197,1022
252,1121
253,843
250,560
4638,792
256,134
257,42
254,507
255,767
2200,1105
2201,130
2202,3304
2203,637
2204,335
2205,2147
2206,206
2207,10
2209,133
96,559
2429,3502
2304,50
4812,403
2420,434
2423,69
2424,122
2425,16
2426,1811
2641,137
901,59
168,165
169,801
165,361
166,12
167,229
5467,93
161,725
162,25
163,4
4839,860
4838,119
3688,104
3583,10
4528,73
3683,390
4526,52
4833,835
3680,1043
3687,189
4522,341
4521,698
4836,277
4422,3
3212,305
2518,31
2519,179
2514,1
2516,1
2517,114
4420,747
2512,2
2513,452
2734,25
2735,167
2736,10
4421,15
2730,59
2731,1252
5298,117
5299,285
5296,498
1847,760
5294,11
5295,55
5292,44
5293,158
5290,166
5291,352
3531,514
3530,3
3533,246
3532,901
5058,930
5059,1992
3537,44
3536,46
3539,34
1090,174
5056,941
5057,1449
5050,183
5051,154
5052,1441
1091,489
1814,798
1815,29
1816,131
1810,421
4338,25
1812,5
1813,3587
1093,169
1818,1272
1819,4
1107,4
4959,7
5468,166
675,38
2169,466
4334,1065
4335,1021
1098,855
1087,119
6070,31
1099,414
3042,48
672,271
4331,6
2167,41
1608,773
4987,150
1979,32
1978,4
1601,270
1976,3334
1975,663
1602,33
1605,82
1604,94
1971,1055
1970,2047
809,90
808,36
4884,90
803,5
908,53
2349,77
807,290
806,3
805,4
4437,5
2846,14
2844,82
2843,33
2840,20
2841,29
3321,29
5474,57
3323,1515
3324,43
5473,47
5470,16
3327,11
1624,2036
3329,1825
1309,24
1775,721
1774,2258
5276,155
1776,326
5270,28
5271,429
1773,60
1772,178
1779,80
320,723
3138,137
321,288
1990,65
3975,564
5516,10
1159,630
1158,526
2999,9
5433,31
1157,825
3976,63
1150,890
2162,7
5519,836
5518,679
3778,26
5511,1
59,3335
5801,224
5517,8
58,333
118,81
1550,591
3038,93
1554,546
3034,112
3035,91
57,868
3037,84
3030,332
3031,826
3032,1508
3033,1382
537,1
55,7
533,1
54,17
4662,16
2992,24
3468,60
56,4795
1908,122
2994,8
1909,38
2995,1071
5605,748
5604,175
5607,42
5606,346
5601,183
5600,139
5603,145
3295,557
2997,81
5609,157
5608,102
3724,12
4690,192
3297,222
2772,65
3290,8
3291,39
429,1381
428,978
3292,1406
1399,1302
1398,191
1397,383
420,22
423,227
422,281
425,8
424,10
1391,105
4693,122
3812,53
3813,164
5465,1
3816,70
4608,1
3453,325
3818,222
3819,1092
3074,43
856,22
3451,121
850,64
4692,8
851,20
865,61
4299,39
3454,4
4294,241
4297,52
1423,606
4291,114
4290,108
4293,5
4292,116
4691,218
3510,53
5341,6
2588,2
2298,51
1422,839
4989,63
1321,877
4694,720
2776,1
4749,14
4748,277
1425,6
4743,868
4742,647
4741,8
4740,286
4747,470
4746,16
4745,333
4744,9
2970,2
5869,557
5868,181
5865,4
5864,689
5867,331
5866,5
5861,162
5860,142
5863,18
5862,169
2330,185
2331,1543
5350,699
2183,892
2182,943
2181,235
2180,2508
4696,52
229,25
228,29
227,239
4607,629
225,288
2188,1049
4602,33
222,1
221,2
220,34
2213,62
2212,17
2211,131
2210,498
2217,8
2216,48
2214,112
2219,138
2218,469
2339,13
3549,122
1167,2
151,163
150,185
2439,391
2438,960
3971,32
154,535
156,12
159,58
158,66
2977,29
2430,527
2437,169
2436,1127
2435,189
4719,27
4922,26
976,28
1686,37
4972,71
4519,202
4512,203
4510,41
4511,93
4516,11
4517,349
4514,450
4515,1878
1359,25
1162,522
2507,1
2506,21
2505,7
2504,6
2503,9
2502,7
2501,27
2500,29
5289,2
2726,12
2723,594
2722,28
2721,79
2720,35
5280,1339
5283,867
5285,314
5284,343
2729,1015
5286,14
1712,96
5049,43
5048,2199
5047,364
5046,359
5042,204
5041,372
5040,34
3782,369
3783,380
1805,333
1804,123
3786,293
1802,252
1801,296
1800,1723
3788,6325
3789,994
1809,8
1808,228
4997,1
4994,674
4995,10
4992,367
4993,1034
4990,16
4991,40
2537,5
126,21
4998,838
4999,48
5340,2
149,1
3710,25
3258,6
3259,270
1948,220
1949,5
2176,61
2754,47
1257,125
1942,168
1943,1013
1940,510
1941,1221
3254,208
1947,244
3256,358
1255,1
810,9
811,5
812,219
813,253
814,561
815,232
816,23
817,340
5182,795
5181,937
5183,413
2851,1
2850,3
1523,12
2855,2
1621,202
1490,3313
5460,445
3331,107
3330,699
3337,144
3336,2137
3335,950
3334,8313
5469,79
5186,1772
3339,655
3338,266
4535,5
1395,169
5187,997
1700,125
1701,8
1703,733
1704,596
5184,18
1706,378
4571,15
1709,53
5185,128
5269,502
5268,991
4573,127
427,4
3217,63
1259,108
5188,44
3659,10
1128,14
5189,1059
4576,4963
1121,16
1122,99
1123,5
1125,6
1127,11
3654,2333
3958,75
4826,70
3655,375
4722,7
5437,18
2988,209
3029,184
3028,54
2983,608
2982,40
3025,151
3024,36
3023,16
2986,42
3021,78
3020,1168
3953,392
1018,485
1019,613
1014,7
695,41
1016,27
1017,49
1010,351
1011,536
1012,6
1013,436
3950,325
1230,4
1231,29
1232,411
1233,6
1238,3
4190,3
141,79
2526,1707
4358,90
4359,2
5676,3
4376,7
4354,642
4355,276
4356,76
3954,159
4350,29
4351,3852
4352,2
4353,119
6000,591
1266,3
4901,384
554,4
1341,49
438,626
439,427
436,1605
437,6690
434,250
435,861
432,476
433,506
2830,70
431,62
3809,61
3808,262
3805,62
4673,301
3807,67
3806,32
3800,492
3803,2
3802,1723
89,17
4671,267
559,26
4906,78
558,1
5709,283
5704,741
5705,56
5707,580
5700,337
1967,85
5702,31
5703,49
2706,10
3162,111
5434,3
634,18
1851,402
1960,57
315,121
4776,1
4777,234
4774,18
4775,60
4773,28
4770,431
4771,135
6037,185
4778,16
4779,163
4174,667
4175,57
4176,707
2637,206
4172,4
4173,121
1961,175
2265,1
2700,36
5818,19
5819,209
5718,91
5810,618
5815,195
5816,1
5817,71
2464,241
4296,12
4683,46
2466,1
5602,22
4619,73
4618,235
996,18
238,16
239,312
234,141
235,2128
236,125
237,412
230,715
4614,53
5060,958
993,39
2226,52
2227,32
2224,81
5149,205
2222,495
2223,560
2220,180
2221,25
5924,10
5925,621
5926,176
5927,44
5920,202
5921,50
5922,39
4881,508
3058,6
4837,9
2940,954
5928,164
5929,112
146,1
147,27
144,3880
4883,699
142,694
143,1529
140,733
5459,7
5069,71
5355,5
148,82
5143,3733
1430,46
1053,414
4501,7
4500,863
4503,136
1054,2
4509,364
5352,591
3401,57
2088,1657
2089,1635
1056,32
121,50
2082,43
2083,618
2080,66
2081,355
2087,5475
2084,416
2085,116
3342,1838
2538,2313
2539,1425
3343,108
2532,1078
2533,279
2530,963
2531,1739
2536,136
3340,24
2534,729
2535,587
2712,419
2710,1329
2711,864
2716,398
2717,65
2714,273
2715,145
4238,19
1195,404
3406,5
348,369
128,133
5079,623
129,131
5072,202
5073,175
5070,951
5071,472
5077,257
5074,976
5075,1366
1832,13
1833,127
3799,2706
1837,694
1834,68
1835,66
3795,34
3794,214
1838,1354
3796,837
3791,739
3790,54
3793,140
3792,172
2154,861
4980,1379
2404,598
2405,114
2150,439
4984,586
2152,5168
2401,251
933,60
932,135
931,416
930,192
2159,746
935,124
934,201
5380,2
5381,15
5382,26
788,5
5386,39
3091,875
5388,112
5389,14
136,44
4642,7
1587,9
1957,331
1956,532
1950,4
4825,13
1952,91
1829,3
1959,1295
1958,34
3248,960
3096,667
5246,62
3370,7
3242,536
53,101
3247,465
3246,1066
3245,33
3244,308
1825,400
829,1
828,514
1824,134
825,72
824,10
827,49
826,8
4406,55
822,3
4925,173
3097,380
2284,4
1536,47
1176,396
2409,5
1821,41
5629,49
1993,260
1483,77
1482,17
1481,358
619,85
1487,1059
1486,1486
1485,102
3309,268
3306,1116
657,288
3304,74
3305,161
3302,465
3303,23
5492,1016
3301,578
5252,201
796,1041
5250,4238
794,181
5256,318
1716,37
5254,135
2146,1587
1719,15
1992,589
4394,94
799,815
4318,70
2144,9
4319,11
2825,4
2143,23
4979,329
5946,6
1139,114
4063,245
1274,7
4395,1
1137,123
5944,307
1135,5
1134,1
2419,1154
5945,31
1276,284
921,48
4066,6
1178,235
2062,59
3018,1470
3019,696
4064,4
5532,495
3012,1323
3013,104
3010,88
3011,42
3016,399
3017,2752
3014,22
519,1057
518,47
926,9
1009,258
1007,123
510,19
513,327
1004,507
1003,189
1002,80
517,815
1000,1883
623,98
1226,22
621,34
620,177
627,1379
626,27
625,641
624,284
629,211
628,657
4681,626
1229,17
1228,31
5663,236
5662,395
5660,6
5667,75
5666,1
5665,326
5664,1328
5669,1281
5668,2400
4343,533
4342,37
4341,74
4340,6
2882,61
2883,41
2880,432
2881,13
2886,164
2887,116
2884,27
2885,2522
23,70
2888,4
2889,115
2,133
3099,28
3878,80
3879,518
1499,186
3870,457
3871,645
3872,66
3873,493
3874,136
3875,788
3876,1262
3877,891
4677,1
3276,1
13,125
928,58
15,213
14,624
17,72
16,73
5717,89
18,112
5715,4454
3118,557
5713,2170
5712,2262
5711,193
5710,107
2740,47
3275,36
2959,2
3272,101
3310,4
3273,284
3904,57
3905,2
3906,2479
3907,330
3900,1056
3901,98
3602,12
3113,61
3027,92
3908,72
3909,11
4761,262
4760,467
4762,91
4765,309
3111,2
4769,1784
4768,1068
3193,57
5372,3
4167,22
4165,689
1105,45
4162,1
4160,84
5235,20
2742,8
4168,26
5809,1749
5808,92
5803,88
5802,25
4321,260
5800,1823
3090,723
5806,195
5804,1921
201,246
200,1284
202,197
205,204
204,448
207,526
206,22
209,2180
208,641
2745,128
3060,88
830,22
1352,1060
2954,31
1573,39
3477,387
1572,56
836,18
2314,61
1571,664
3471,21
2239,1069
2238,51
686,246
3472,344
2231,48
2230,227
2233,265
3473,598
2234,19
2237,120
2236,114
5937,1443
3575,80
5933,32
5932,36
5931,104
5930,452
1574,72
1711,298
3577,398
5939,45
5938,989
1631,61
3576,799
476,1
3498,916
3499,194
3496,1309
3497,448
3494,254
3495,629
3492,374
3493,104
3490,149
3491,991
4570,34
2094,1430
4572,114
2096,4229
2091,100
2090,931
2093,536
2092,1002
4578,1116
4579,668
3656,3
3572,113
3650,1317
3651,467
3652,1029
3653,194
2525,858
2524,731
2527,85
224,1161
2521,128
2520,1440
2523,56
2522,9
2529,3
2528,806
4494,43
2791,41
1201,2
4601,2
2663,367
5065,275
5064,294
5067,1777
5066,1942
2709,142
2708,1243
5063,21
4880,579
2704,686
2707,679
4490,359
2701,15
5068,105
2703,571
2702,932
4090,63
4408,522
2951,18
4404,295
4405,95
1827,185
1826,461
4400,1325
4401,718
4402,672
4403,317
2147,74
929,686
2413,517
2412,171
4978,289
2414,881
2417,2359
2416,3142
4974,460
2418,3338
4977,401
4970,2730
4971,1925
2149,1367
2148,867
5393,277
5392,41
5391,1275
5390,784
5397,35
5395,380
5394,1
2411,4
5399,100
5398,297
4326,26
1920,2
3277,22
1922,1097
1923,476
1924,269
1925,1931
1926,1257
1927,1307
1928,2483
1929,340
3278,780
3279,327
3474,2370
3475,81
3476,52
4227,393
3470,410
837,506
834,52
835,333
4220,2
838,188
839,303
3478,250
3479,179
4821,15
491,25
1365,175
3,55
4248,623
4622,10
4223,3
5586,27
2727,6
3941,132
3319,984
3318,1342
923,480
5488,123
5487,1267
5486,223
5485,655
3312,312
5483,29
3314,933
3317,337
3316,88
784,1632
786,396
787,91
5249,42
5248,199
782,438
783,1565
5245,3497
5244,727
5247,549
1725,37
1722,42
5243,710
1721,593
924,87
5626,495
2173,21
2415,2
5321,415
153,129
60,576
3311,442
62,364
63,89
3001,824
3000,783
66,553
3002,4219
68,852
69,210
3009,642
3313,231
407,1261
1588,16
1589,1276
1370,749
1582,61
3315,3241
1580,181
1581,49
1586,262
1373,47
1584,37
1585,45
2433,36
1038,209
1039,1524
5481,2
508,630
1032,91
1033,83
1030,154
1031,283
1036,1500
503,126
1034,254
501,51
1212,877
631,821
632,320
633,77
1216,45
1217,105
636,1438
637,1728
638,1975
639,130
1848,1
1219,822
4623,13
4378,3537
4379,2483
5658,404
5656,71
4370,298
5655,330
5652,1157
4377,117
5650,397
5651,123
2899,412
1728,1406
2895,87
2894,984
2897,81
2896,10
2891,38
2890,23
2893,432
2892,1760
1106,180
1726,218
1456,1183
1980,33
1102,428
1103,140
1452,41
1453,339
1898,109
1458,828
1459,49
1108,22
1899,162
4080,22
4081,6
3869,1629
4083,19
4084,47
3739,13
4087,5
3863,190
3862,6
3861,480
3860,1117
3867,959
3218,13
800,3
3864,2
1981,274
1720,28
3736,1738
3148,23
1896,72
1455,4
323,80
5728,107
5729,90
5720,138
3833,349
5727,282
1891,70
3731,1
3934,52
1893,1
4903,4
3917,81
2136,1157
3915,88
3912,889
3911,4
3910,2019
4921,569
2013,15
3918,100
4920,159
4798,39
4799,429
4794,1
683,119
4973,730
4797,8
4791,15
4792,444
2285,211
4152,463
4031,206
4150,1159
5835,1123
4156,342
4697,9
4154,300
4155,270
982,74
4159,14
5839,665
1198,92
1910,42
5991,3
1914,3
6057,2
214,2
215,374
210,161
1355,4
920,108
2138,611
6088,356
6089,109
6086,134
6084,926
1790,16
6082,475
6083,79
6080,538
6081,57
681,4
5902,3
5903,29
5900,10
5901,33
5906,21
4,278
5904,91
5905,747
2752,19
5909,126
3489,139
3488,962
4368,1
2509,8
3481,41
3480,1067
3284,126
3485,229
3484,181
3487,23
3486,616
938,9
4567,263
4566,435
4565,401
4564,531
3647,322
3646,87
3645,1883
3643,204
3641,3
3640,2007
2550,181
3005,175
2552,638
2553,148
2554,79
2555,41
2556,785
61,127
3283,75
2559,104
2396,1749
2397,515
2394,80
2395,1082
2392,104
2393,36
3075,34
2391,186
3022,3
1402,114
6041,23
5206,126
1076,3
2398,46
2399,135
5010,12
1989,62
5012,88
4898,49
5014,7
5015,149
3282,49
5017,41
2770,538
5019,28
4891,171
2773,863
4896,19
4895,379
2777,26
2802,3
2601,6
3307,4
4269,31
5102,1
1858,1574
1859,622
3281,16
5693,23
1850,464
4416,110
1852,401
1853,55
1854,2202
4412,38
1856,730
1857,1689
6064,24
2640,128
2170,49
6067,249
6060,569
918,129
6062,1873
4968,1386
4967,93
914,162
4965,37
4964,179
4963,2
913,175
4960,24
1421,665
2606,252
2607,4
2950,11
5694,228
2602,16
1420,61
2608,23
2609,133
2645,41
1933,770
1932,973
1931,1451
1930,1413
3265,72
1936,125
3267,377
1934,3532
5124,135
5125,18
1939,1228
2728,2
5120,23
5121,148
5122,208
1424,236
3467,2802
3465,15
3464,219
3463,2026
842,1146
841,1547
840,1412
4277,762
1426,56
2975,1
849,57
848,26
1429,16
241,98
1583,1206
5452,40
3367,27
1570,407
663,747
4905,66
2407,64
3420,1
1739,418
1738,222
5230,419
5231,729
5232,241
5233,577
1735,376
5832,119
1737,315
1736,1381
732,1
5405,249
2052,12
753,1185
1807,125
750,387
757,286
756,10
755,26
754,1335
759,12
5833,16
3780,15
5260,2
3070,4468
3071,717
3072,610
3073,13
2958,303
1590,1
3076,1
3077,318
3078,47
2955,70
2956,616
2957,1
1599,29
1598,810
3787,13
5344,59
5345,54
5346,759
1026,1382
1021,66
3784,113
1023,556
1022,1070
502,31
3785,104
1029,1760
1028,1894
1037,1191
500,134
4045,56
3701,554
605,77
4364,34
4367,192
4366,288
4361,97
4360,32
4363,15
1213,802
1205,306
1204,797
1207,1070
1206,985
4369,547
608,2143
5649,352
5648,37
1358,306
5640,1063
5642,2
4279,248
5644,58
5647,25
635,23
3696,94
1806,4
3109,75
3105,5
3107,605
3100,1593
3101,1580
3102,105
3103,71
1447,563
1446,20
1113,267
1112,68
1115,173
1442,668
36,2
1440,483
2006,20
2478,14
1351,373
1449,67
1448,283
4093,1754
4092,104
466,163
2759,25
4096,1010
3648,2
4094,964
1357,52
4099,32
4858,18
791,14
5735,479
5737,311
5731,4
5730,81
622,20
3704,112
4729,41
462,336
483,87
2008,218
480,51
4586,13
4853,810
903,4
790,6
4852,8
4725,55
6044,89
4583,1
4724,197
1061,25
4582,12
2303,19
3922,19
3923,1
3920,550
4726,548
3926,20
3924,13
3925,17
4721,34
3928,5
3929,396
124,183
4720,2
6045,431
4789,44
4788,389
4787,71
4786,711
4785,743
4784,58
4783,89
5654,213
4781,16
4780,97
5821,292
5820,16
5823,298
5822,266
4149,31
5824,184
5827,549
5826,344
5829,178
4144,321
3992,117
4143,89
5653,580
3856,126
3854,417
3855,133
3852,459
3853,122
3850,51
3851,1869
1595,16
992,830
4375,1
3858,2003
3859,1104
3294,22
35,9
6099,1300
6098,66
5303,21
4814,2
6093,170
6095,293
6094,2
6097,461
6096,61
1575,39
4823,858
4956,76
5918,41
5914,22
5917,8
5916,55
5911,3
5910,31
5913,23
5912,11
4820,571
198,90
2465,5
195,369
194,21
197,951
196,5
193,52
19,3
3678,6
3679,2
1117,2
3672,130
3673,3182
3670,3411
3671,1522
3676,1467
3677,1962
3674,570
3448,133
2543,43
2542,8
2541,54
2540,577
2547,665
2546,41
2545,54
2544,897
2549,617
2548,388
1104,29
2381,1
2380,30
1457,26
2385,149
2387,397
2386,116
2389,73
1450,177
1451,47
3580,37
3581,160
5001,179
2768,145
3584,1195
3585,898
3586,339
3587,51
2763,40
3589,74
2761,59
2760,21
2767,62
2766,154
2765,306
2764,248
999,7
2007,73
902,107
4620,69
900,12
4429,279
906,78
907,4
904,53
905,32
1843,56
1842,543
1841,2275
1840,3393
4426,246
4427,524
1845,162
1844,989
6076,245
4958,132
6074,44
6073,215
2168,717
6071,97
3251,101
4952,1
4953,3244
4950,165
2166,7
4261,416
2160,661
4954,9
240,59
2617,44
2616,725
2615,38
2614,1225
2613,714
2612,441
2611,10
2610,100
1946,16
4627,83
4082,1127
2618,269
4628,1
1944,108
5139,4795
5138,390
1906,104
5136,897
5135,5545
1905,175
5133,46
5132,529
5131,698
3293,1329
3452,12
855,498
3450,16
857,34
3456,226
3457,764
852,36
3455,271
372,55
4545,6
3458,11
3459,130
858,4089
859,45
5425,54
6,1375
4546,64
3402,43
1916,2
5229,38
5228,175
5223,131
5222,78
5220,27
5226,1
5225,51
1724,38
740,13
742,1395
743,2704
744,441
745,2610
746,394
747,351
748,106
749,239
1798,65
2949,288
2948,1559
2947,314
2946,695
2945,1253
2944,39
2943,44
2942,55
2941,1731
2915,440
5357,387
5356,1286
1052,1177
5354,135
5353,823
1055,140
5351,1862
5234,201
1058,63
1059,136
718,3
2225,128
5359,51
5358,5
1696,129
2918,363
1694,153
1695,104
1692,8
1693,1
2919,26
6009,33
2595,704
715,173
1278,218
1279,127
618,22
4313,3271
2042,148
4316,7
4317,356
612,162
613,26
610,154
611,1642
616,92
617,765
614,133
615,1091
4157,116
3008,35
711,63
2325,224
710,32
5279,89
3333,495
3119,196
3332,224
3117,1183
3116,120
3115,353
3114,317
3734,570
3112,20
2469,141
3110,64
1472,391
1473,666
1470,585
1493,26
1474,129
1494,11
1478,529
1479,37
1495,49
1305,35
1306,658
1307,57
1300,1103
1301,1111
1302,255
1303,5538
1497,238
1308,28
3591,3
5740,478
5741,732
5743,142
498,374
4229,2070
5746,5
5747,351
494,438
4225,181
496,1
497,512
490,115
4221,112
492,74
493,1351
24,305
5587,30
26,1036
5585,6
20,144
21,136
22,10
5581,263
927,46
28,458
29,31
5588,6
5589,159
5034,976
5308,1098
3938,399
1068,1
3935,111
2598,8
3937,803
3936,253
3931,3087
3930,447
3932,408
5195,198
1705,37
4138,128
4139,726
5261,1307
4434,8
4131,566
4132,167
4133,476
4135,97
5692,75
3840,567
5691,1110
5696,324
3844,177
3847,140
3846,298
3849,497
3848,138
5698,253
5699,1756
4612,717
1063,16
1873,1
1600,386
4433,34
3916,58
3649,26
1067,21
4615,11
1066,2
667,53
4044,504
2137,24
4046,727
4047,333
4040,59
4042,18
4315,22
4048,155
4049,3
5968,557
7,2
5961,1441
5963,304
5964,35
5965,50
5966,251
5967,133
3665,2254
3664,197
3667,86
3666,262
3661,3034
3663,14
3699,73
2280,131
2281,156
2282,731
2283,108
3669,140
3668,482
5582,378
4549,219
4548,104
4946,32
3529,3
3919,14
4936,201
4941,628
606,139
4544,8
4940,615
2057,21
2578,349
2579,49
2577,240
2574,148
970,59
2572,55
2573,401
2571,220
4534,73
2379,21
2058,1
2374,315
2375,1
601,17
2377,54
4824,31
2372,1270
2373,2490
3593,693
591,112
2596,2691
2597,11
2590,55
2591,9453
2592,6171
5039,629
5036,715
5037,360
3599,25
5035,652
5032,2509
5033,242
5030,1208
5031,321
1876,223
1877,163
1874,856
4436,18
4431,96
4430,959
1870,638
1871,125
600,39
1083,4
1070,219
4438,86
1878,190
1082,233
4945,290
4944,1620
975,106
974,1215
973,280
972,168
971,822
2119,89
1080,70
4949,3
4948,234
979,5
978,7
2118,458
183,1332
180,145
181,490
6046,77
6047,47
603,65
598,336
2111,485
6048,242
2113,274
2114,1648
2115,686
2116,1422
2117,394
2622,4
2623,77
2620,34
2621,210
2626,654
2627,223
2624,88
2625,300
2628,145
185,145
4089,3
1919,16
1918,9
5108,7982
4151,433
4924,472
3289,51
3288,36
1911,568
5103,2305
5100,3810
5101,2231
5106,663
2112,1973
5104,2891
5105,3015
869,79
868,304
189,28
3449,184
5830,1555
3445,2979
3444,646
3447,22
5831,2468
3441,86
3440,585
867,679
3442,2884
2024,821
2757,588
2026,34
2755,73
2020,1613
2021,13
2750,47
2023,373
2828,23
2028,9
4158,42
2758,271
2829,93
883,501
882,569
881,33
880,241
5197,401
884,1224
3728,3
4017,54
2371,4
888,4
4590,119
5216,83
5217,40
5214,8
5215,2356
5212,12
5210,98
5211,374
832,106
1503,145
5218,223
5219,775
418,20
353,826
4800,26
3386,1514
777,26
2629,99
771,135
64,2
5415,280
779,10
4928,38
419,9
77,11
75,2753
3385,766
73,880
72,60
71,203
70,90
3056,487
2973,233
3054,662
3055,285
2976,44
3053,287
79,1827
78,33
1043,2016
5363,206
1041,19
1040,1398
1047,66
5367,230
1045,419
5365,108
4597,67
5368,2163
1048,192
1681,159
1680,1307
1682,9
3026,250
1689,8
1688,130
4303,1620
4302,685
1269,97
4300,173
4307,18
4306,56
669,2805
668,1463
1263,48
666,15
1261,220
664,677
1267,1561
662,153
1265,1830
660,29
3287,160
3286,317
2984,174
3285,124
3725,58
3538,234
3128,3
3129,20
4595,30
3122,4
3123,400
3120,253
3121,58
3127,3
3124,1536
3125,1248
1697,125
421,15
1468,1513
1465,27
8,4121
1467,500
3280,1728
1461,84
1823,248
1463,33
1462,16
1317,313
1316,1526
1314,962
1313,188
2139,1
1310,3
4529,2
1319,11
1318,389
5791,1
5751,279
5750,164
5757,76
4239,39
5754,131
4237,691
4236,95
4235,1151
4234,37
4233,207
4232,1850
4231,103
4230,17
5591,2023
5590,4726
5593,200
5595,1121
5594,1386
5597,5
5596,4
5599,38
5598,15
5807,15
861,261
4609,1811
4454,107
860,25
1208,3
6120,8
3948,798
3949,755
319,1031
318,250
3403,12
3274,1177
313,151
312,380
311,921
3943,211
3944,464
316,30
3946,64
3947,27
4606,366
3299,26
3443,47
1433,169
866,4
2756,24
4129,1777
1531,82
5342,1
4123,420
4122,640
4121,19
4120,2213
4127,442
4126,61
4125,667
1335,69
2027,27
5689,1
5688,10
5684,58
5681,95
441,185
5683,12
2753,17
4707,94
440,310
2022,821
4706,1675
1509,721
2751,75
4604,16
2321,437
1330,30
4218,1
2320,231
2696,6
4703,4633
1997,38
2326,110
4057,1758
4056,95
4055,391
4054,303
4053,823
4052,759
4051,213
5671,2
4687,8
4700,1
4059,1343
4058,1014
630,171
4930,49
5978,1100
5973,7
5674,356
5971,2
2690,401
5977,1740
5976,8
5975,15
5974,222
3610,72
3611,55
2299,1107
3613,72
3614,10
3615,145
3616,302
3618,64
2292,10
2297,894
2295,36
2294,438
1887,5
5678,131
4709,676
5679,38
887,1
2569,1944
2568,13
4357,9
2561,216
2560,2368
2563,731
862,114
2565,215
2564,86
2567,55
2566,2180
3845,10
2369,63
2368,3035
2366,281
5776,19
2362,6672
2361,63
2360,497
5029,2319
5028,251
2585,10
2584,5
2583,306
2582,243
5495,2
5021,428
5020,44
5023,11
5022,29
5025,5
402,9
2589,5158
5026,528
1861,561
1860,23
1863,99
1862,308
4444,564
2980,501
1867,254
4447,1236
4448,282
4449,1858
3726,826
3727,46
3722,10
964,958
4931,91
4684,433
4933,32
4934,786
961,387
4680,542
963,225
4938,652
4939,928
5578,27
968,71
4688,116
4689,206
2109,246
2108,763
6059,1921
5251,46
5576,11
2102,17
2101,220
6056,406
2107,128
6050,6229
6053,318
6052,71
5115,258
5114,839
5117,7
5574,252
5111,535
2638,203
5113,49
5112,220
2635,64
2634,1849
324,1876
2636,292
2631,241
2630,634
2633,55
2632,323
4672,205
1717,70
5403,49
5570,26
3527,50
3765,4
3438,103
1537,6
2705,9
5192,659
1240,1092
876,26
877,35
874,162
3433,35
872,184
1243,442
3436,154
871,92
2741,454
2036,3183
2035,6811
2034,3111
4848,2932
2744,277
2031,10
2746,1054
9,913
2748,88
4846,2725
4847,12
4840,592
4841,14
2039,3617
2038,2851
890,15
1917,3
892,132
893,137
894,255
895,3715
896,2179
897,4053
898,31
899,453
1246,1830
1715,4
5201,220
5401,436
5203,16
5202,46
5205,14
5207,50
1248,159
5209,1
3236,1347
5907,73
5198,148
3544,204
3545,28
3547,591
3540,716
3234,76
3542,1
3543,169
3235,101
3548,133
641,127
1964,636
430,17
5194,137
1966,1422
1788,4
2964,67
768,1
1615,2177
4569,450
2960,37
4440,2
2962,314
1780,183
5191,3370
760,271
761,347
1784,790
2968,1434
1786,1222
5190,93
3049,329
3048,44
5193,351
3041,39
3040,137
3043,143
1611,72
3045,268
3044,147
3046,492
5379,2444
1078,322
1079,803
5375,71
1535,1572
5377,3660
1075,106
1072,931
5370,706
5373,65
1071,95
1678,861
1679,172
3804,21
1675,611
1676,517
1094,443
1095,1
1096,260
1097,124
678,677
679,147
1092,2046
4339,86
674,329
4337,364
676,2387
677,31
670,2037
671,625
4330,1189
673,1153
3135,325
3134,2285
3137,404
3136,491
3131,490
3130,621
3133,217
3132,2
3139,421
1534,1394
6014,1
3396,3
1718,65
1915,20
1622,13
1418,116
1419,148
5789,4
1410,656
1411,71
1412,77
1413,132
1414,13
1415,20
1416,19
1417,394
1322,55
1323,1089
1320,133
644,194
1327,172
1324,209
3963,5
2495,158
1328,770
2779,3
5180,1105
1965,414
4209,249
5768,654
5769,419
4202,32
5767,23
5764,1149
5,2183
5762,80
5763,362
4204,26
647,240
5568,12
5569,9
4445,26
5564,503
5565,198
5566,1636
5567,240
5560,610
5561,150
5562,7
5563,869
1524,56
1525,329
1526,26
1527,1259
1252,27
1253,166
1250,798
1251,503
1528,1023
1529,1473
1258,288
646,367
309,492
3959,102
3961,462
300,81
3952,172
3951,1140
303,275
304,3
305,47
306,183
307,15
4116,2721
4117,3939
4114,8
4115,3452
4112,198
4113,370
4110,13
4111,1070
4118,210
4119,742
4634,414
2254,19
2978,275
74,469
3253,1
2477,882
2077,29
1625,1084
5011,80
1484,1891
988,8
3815,213
2972,1
989,6
3057,1
3341,132
4062,61
5947,886
4060,1162
4061,482
5942,370
5943,3307
5940,20
5941,1147
4069,286
5948,567
5949,279
5784,154
5018,112
5786,17
5787,65
5780,21
2974,5
5782,270
2771,4
3051,6
5788,183
980,26
3603,44
5362,104
3601,122
3600,116
3607,2
3606,1422
3604,7
3609,1395
3608,491
5360,620
2775,1
2106,785
5361,63
5157,597
3347,128
4894,46
4435,6
1046,236
6118,564
5364,585
6114,790
6115,1277
6116,784
6110,172
6111,431
6112,77
6113,446
2358,3996
2359,117
2352,104
2353,926
2350,240
2351,70
2356,2461
458,550
2355,1
5369,57
2991,8
5447,22
112,451
4453,270
5491,17
4451,163
4450,50
4457,296
3968,630
4455,435
3738,53
3737,23
1895,1138
3735,142
1443,979
1890,30
3732,347
1892,43
3730,648
4923,1035
958,116
2134,636
2135,334
4695,653
4926,821
2130,2223
2131,606
953,54
952,550
955,311
954,156
957,200
956,791
6028,1
6020,141
6021,52
477,7
6025,22
6026,31
6027,37
2648,1366
5161,55
5163,742
5164,2419
5165,58
2784,1649
5168,35
5169,643
2642,117
2643,202
2787,87
2646,155
2647,5589
4803,1014
2781,9
2749,23
2780,9
3429,58
3428,305
2783,101
3422,183
3421,20
4418,42
3427,2766
3425,364
3424,54
2003,35
2000,707
2001,1140
4589,60
4588,577
4859,658
2005,906
4857,912
4584,106
4587,1036
4854,245
4581,68
4415,169
4851,206
4850,2438
4414,45
4413,16
2852,4
1268,37
4411,501
4577,22
2100,3
2996,309
1147,7
3686,41
3556,18
3555,62
3554,38
3553,48
3552,127
3551,2
3550,450
2491,2
4304,26
6066,63
3558,40
4942,311
2171,1006
1262,1
717,743
919,26
4309,15
2177,42
2911,267
2912,912
2913,1489
2914,2067
2174,1490
719,793
2898,71
1793,519
1792,2586
1791,75
2175,57
713,49
1796,354
1795,711
1794,906
5384,1
915,29
661,109
716,103
4966,1327
4079,104
1707,22
5413,1789
5954,13
1069,1020
5309,2
2179,1122
5300,53
5301,85
5302,505
1062,20
1065,38
1064,911
5306,53
5307,512
1669,1
1668,14
1667,4
1907,39
1662,313
1661,154
1660,1886
4329,1767
590,25
1085,333
592,14
595,505
594,134
596,2818
599,2028
4320,330
3966,36
4324,147
1088,181
3140,5497
3141,32
3142,243
3143,2331
3144,784
3145,88
3146,185
3147,82
2824,326
3149,12
2826,27
4072,3
2820,53
2821,98
2822,17
2823,923
5414,2044
3387,121
3384,1
5417,362
3382,814
3383,41
5412,92
3381,474
2032,50
2603,42
5418,128
5795,10
3388,341
3389,2165
1409,113
1408,112
5134,9
426,9
1403,373
3962,44
1401,854
1400,1968
1407,39
1406,498
1630,273
1025,51
449,1008
448,231
1339,264
1338,382
1491,139
443,99
1337,344
1336,409
690,9
445,953
444,52
5779,1145
5778,6
4947,134
1902,47
1432,79
5771,73
1542,432
5773,93
5772,74
5775,120
5774,262
5777,6
1543,153
3261,3
39,25
1540,92
1057,31
3260,322
33,15
32,998
31,32
30,348
37,843
5572,933
5571,51
34,14
1241,408
3093,2250
643,2098
642,859
645,947
1532,1078
1247,2466
1530,527
649,35
648,504
3098,132
1632,43
1027,1159
1539,131
1538,36
5179,6
339,71
338,1472
3571,128
335,938
334,696
337,436
336,867
331,572
330,1244
333,723
332,3640
4101,5314
4100,569
1900,905
4102,212
4105,61
4107,3900
4106,1148
3204,124
5347,1291
4626,37
3898,1
3899,4172
4907,3
1634,69
3892,328
3893,175
3890,183
5123,53
3894,1317
3895,1372
847,364
1533,204
5411,48
845,787
844,22
1635,16
1464,33
843,34
2104,165
3462,1897
1353,892
5950,26
5952,108
5955,121
3461,1106
5957,23
5956,83
5959,6
5958,36
3460,178
4071,321
4073,114
1460,14
5797,4
3967,103
3964,212
3965,55
5793,1273
5792,47
3960,163
5082,86
1962,164
5081,27
5799,206
3969,158
4305,97
3435,3
3639,336
3636,38
3637,99
3634,4195
3635,115
3632,24
3630,3119
3631,1593
1454,4
5343,397
3469,20
5798,64
4610,171
1498,47
5084,205
152,26
4613,459
2345,76
2344,9
2347,160
2346,827
2341,53
2340,771
6109,1398
2342,398
6107,174
6106,439
6105,3286
6103,157
6102,252
6101,546
6100,786
4504,27
4899,227
5785,449
1350,21
233,2
2594,18
2067,17
3708,24
3709,78
4468,1260
4469,493
3702,101
4467,30
4464,807
4465,328
4462,87
3707,622
4460,398
4461,598
2121,47
2120,572
2123,599
2122,16
2125,26
2124,1238
2127,50
949,579
2129,1697
947,36
944,469
945,303
4912,303
4913,1127
4910,1910
4663,246
6039,312
6038,114
2348,51
6032,41
6031,77
6030,28
67,474
6036,230
1594,8
6034,55
5173,417
5172,907
5171,817
5170,43
5177,36
5176,64
5175,587
2653,6
2652,1970
2651,151
5178,1033
2657,1799
2656,205
4506,64
3039,77
133,78
132,2030
3414,2306
130,552
137,54
3413,586
135,67
134,1448
4371,32
3418,121
4491,1
5348,73
707,2
4868,1545
2019,1127
2018,253
2015,172
2014,18
4860,1137
2016,131
2010,18
4864,26
4865,959
5349,3
5923,349
2483,112
5277,5
1937,41
2488,52
3562,12
3563,145
3561,11
3566,574
3567,922
3564,944
3565,800
3568,253
3569,59
4484,25
4485,197
4486,5
4480,12
4482,1032
4483,119
1466,1
4489,1033
4243,78
2902,92
2901,6
2900,157
708,87
3694,97
2904,446
704,177
705,35
2156,32
2908,40
700,80
701,30
703,156
88,54
145,94
1593,6
5338,2
82,170
80,1403
81,1218
84,295
85,5
5319,28
1256,7
5313,1280
5312,171
5310,2823
5317,1
5314,500
1659,165
2487,58
186,101
1652,88
1388,2059
1656,16
1657,14
1654,96
1655,10
586,493
587,288
585,259
4890,9
580,6
1987,83
5273,1
5645,47
3216,210
588,9
589,4
3153,3
3152,2
3151,230
1633,912
3157,16
3156,140
1385,1
2837,1
1982,616
3159,154
2834,3
2833,7
2832,19
3211,872
1436,2448
1437,119
3393,490
5404,316
3395,192
5402,1922
3397,1344
1431,608
3398,1016
4655,5
3213,600
4333,31
1438,1789
5408,222
1260,134
1731,64
184,4
1730,69
1733,15
4260,1006
459,92
4262,233
4263,489
4264,47
1889,17
4266,888
4267,205
450,3178
451,2902
452,3976
453,243
1344,476
1345,12
456,398
1734,613
4466,24
3824,23
5236,165
1886,138
5237,76
3700,3102
766,14
5548,926
5549,755
3263,92
5543,527
5540,87
5541,69
5546,86
5547,13
4463,69
1502,38
3940,719
1500,75
1501,18
652,163
1507,935
1504,349
651,591
3085,369
3084,45
3087,2699
3705,89
3081,71
3942,95
3083,222
3082,208
310,54
317,3
5890,246
5891,560
5892,54
5893,204
5894,193
5895,121
5896,253
5897,60
5898,134
5899,13
314,8
3439,173
1885,270
3884,277
3887,22
3886,70
3881,4
4918,261
3882,56
2481,59
4919,10
4916,469
2484,15
765,4
4914,128
1884,3
4915,11
495,550
831,140
752,146
942,696
943,978
940,23
4900,37
4911,797
1883,22
4008,193
4009,41
2017,478
4002,6
2812,165
4005,339
4006,331
4007,4
322,391
3970,1781
3973,70
3972,1267
326,772
327,51
3977,451
325,424
3979,13
328,38
329,1081
1904,6
3629,1149
3628,314
758,104
3621,3
948,6
3623,9
3622,1149
3625,198
3624,13
3627,7
4128,8
5013,65
4714,1885
4715,615
4716,1
4527,3
4710,83
4711,43
4712,76
4713,1157
2338,1077
6133,60
6130,6
4285,7
4718,683
1597,140
6135,133
5765,20
1880,14
3250,12
1591,41
4867,12
50,352
3715,193
3714,74
3717,2
4289,1
3711,173
946,113
1592,4
3719,103
4479,1432
4478,1558
2658,538
3079,27
4471,915
4470,1395
4473,273
4472,134
4475,88
4474,88
4476,51
4909,31
6007,22
6004,25
6002,1
4679,157
6001,1670
2486,263
4676,176
4675,41
2485,2087
2482,1000
4904,17
2480,416
4670,362
2248,15
2249,1963
2244,80
2245,20
2246,49
52,72
2240,7
2241,88
2242,75
2243,652
995,162
994,5648
997,1946
2467,353
2460,12
2461,300
2462,255
2463,673
5146,210
5147,30
5144,475
5145,7
5142,507
998,428
5140,1038
5141,993
120,464
3400,194
122,27
123,81
3405,140
3404,310
3407,950
127,58
3409,1156
3408,295
2654,1
1020,76
3416,165
1136,5
4871,53
3379,146
3417,276
1921,24
3378,347
131,320
363,85
3377,1824
2798,490
3415,2
5424,105
2060,147
2061,174
2790,34
2063,150
2796,189
1184,120
2795,143
1182,29
3411,90
3255,26
3372,36
5528,21
1180,382
4810,230
5422,41
5098,1200
5099,2897
3579,258
3578,3429
5455,19
727,40
5090,78
5091,201
5092,271
5093,741
5094,79
5095,14
5096,164
5097,146
4497,7
4496,1
4495,61
2665,311
2662,532
4492,165
2660,61
2661,322
722,424
4499,8
4498,6
2938,627
2939,194
2936,2418
2937,526
4855,99
2932,109
2930,398
2931,360
5326,387
5327,4
5325,43
5322,311
5320,2
941,1490
1836,1655
2903,118
231,9
5328,1658
5329,551
1645,85
1647,109
1646,52
1641,36
1640,171
1642,880
1396,76
1649,1418
728,2
772,20
729,49
3797,1
1839,813
1270,4
1165,176
570,37
607,235
574,6
2808,407
2809,232
2161,134
3169,1427
3166,12
2803,71
2801,1
2806,289
3161,14
5432,45
2406,233
5430,448
5431,2071
3368,447
3369,125
1427,9
5435,420
3364,77
1428,787
5438,29
1163,32
939,55
3362,230
3363,2
2186,7
730,48
733,5
4982,1529
735,9677
734,19
737,81
2402,88
3390,45
1084,1
2151,914
4273,275
4272,3012
4271,594
4270,394
469,167
4276,80
4275,80
4274,94
465,186
464,87
467,3124
4986,475
461,942
463,531
1200,1923
5555,65
5554,2307
5556,333
5553,1184
5552,136
5559,204
5558,2602
4224,21
5374,25
4885,5
936,14
1518,119
1515,587
1514,12
1516,61
1511,508
1510,57
1513,7
1512,85
959,2
4754,1
5755,35
4886,25
5883,1666
5882,107
1894,10
5880,271
5887,881
5886,371
5885,527
5884,51
2004,103
5889,363
5888,208
5770,36
778,103
3184,15
3185,11
3186,23
3187,120
3180,3096
3181,319
3182,501
1024,37
5646,2
3188,369
3189,3
3505,115
582,13
1277,187
5972,29
6078,12
4538,3
4018,28
4661,733
4013,9
4012,594
4011,1682
4010,330
1897,80
4016,836
4014,665
357,142
356,19
355,596
721,414
3988,1656
3989,574
3984,204
3985,80
3986,899
3981,72
3982,53
3983,19
3612,328
5796,21
6125,212
6124,452
6127,1376
6126,966
6121,142
1354,1
6122,211
2323,39
2322,168
4705,1166
4704,3166
2327,199
4702,538
5053,331
2324,282
5257,242
2329,101
2328,1
1445,423
484,407
4708,131
289,1595
288,109
1444,28
3619,1
281,51
280,270
283,145
282,113
285,117
284,166
287,220
286,211
3760,87
3761,123
3763,121
3764,35
1441,6
3766,451
3767,124
3768,114
3769,136
1116,112
263,52
262,130
261,1
267,147
266,104
265,96
264,42
269,3155
268,560
6011,250
2190,6
6013,117
1291,14
6015,246
6108,3
1215,11
6016,531
6019,1691
2490,1823
2493,7
2492,1862
4646,172
2494,2
2497,2733
2496,750
4424,61
2193,48
1294,1449
2259,257
2258,192
2257,792
2256,361
2255,49
1295,483
2253,203
2252,4
2251,27
2250,147
5159,428
5158,12
2475,794
2474,98
2473,22
2472,1
2470,471
5151,158
5150,159
5153,608
5152,270
5155,2379
5154,65
2479,2358
985,694
2198,1004
117,73
2315,34
111,313
110,529
113,225
2199,49
119,218
3681,120
3432,29
2785,1679
4801,1030
4802,555
2786,1878
4804,312
4805,879
4806,888
4807,11
3269,61
4809,5
2788,33
1797,116
2079,1607
2078,5929
2073,926
2072,16
2071,5
4108,5
2076,17
2075,62
2074,562
4969,846
3508,26
3509,32
5089,155
3500,15
3501,175
3502,372
3503,106
3504,169
5086,15
3506,137
3507,245
2675,14
2674,37
2677,38
2676,259
2678,84
1209,2
3220,118
2056,142
2929,2898
2928,1278
2562,106
2921,1105
2920,1198
3658,48
2924,146
2927,6
2926,19
5330,18
5333,2857
5332,1373
3685,173
5337,13
5336,4
5339,2
3223,190
2906,2
1986,1870
3215,4024
1984,2694
1985,2045
3210,2130
1983,936
1636,860
1637,1452
5739,965
604,30
3219,4
1988,37
5738,126
659,51
3222,55
2817,223
2816,879
2811,61
2810,38
2178,56
562,15
2819,120
2818,2009
567,242
3179,33
3178,1847
5255,30
3171,91
3170,15
3173,697
3172,26
3175,302
3177,188
2364,3
5429,470
5428,180
1188,84
1189,674
1186,389
1187,2045
3375,332
3374,366
3373,307
1183,121
3371,203
1181,22
726,60
4390,42
724,32
725,114
1748,591
723,1644
720,70
5635,100
1744,89
1745,33
1746,99
1747,194
1741,316
1742,117
1743,623
1164,7
2587,742
1166,151
5637,580
1160,362
640,560
4249,167
4246,35
4247,1398
4244,289
4245,788
4242,20
1169,4193
4240,199
4241,25
5520,84
5521,782
5522,2
5523,694
5524,73
5525,207
5526,532
5527,1533
3092,21
5529,20
4397,4
5496,33
3197,146
1488,4
48,659
49,2989
46,661
47,1721
44,1
45,3
5156,1
43,217
40,100
41,71
1568,3023
1569,20
1298,8
471,200
3300,22
3198,1
1561,504
5493,83
1566,296
1567,560
1713,322
1360,172
5253,534
2033,4
795,763
5024,20
4739,3
1245,18
1710,166
5027,931
2551,521
793,216
2599,35
792,124
4398,33
4399,14
5639,1474
5634,169
4391,382
4392,144
4393,429
5630,303
5631,9
5632,84
5633,59
472,450
473,178
470,368
3194,711
1362,429
3192,62
474,112
3190,40
1865,31
478,80
479,785
5258,172
1368,8
1369,99
