5259,237
2511,5
4446,18
593,1
1765,106
1200,1259
5317,1
1866,75
5745,277
965,12
4026,167
4027,1156
4024,372
4025,3030
4022,6
4023,46
1868,460
3798,16
4028,36
4029,194
5988,229
5989,2344
5982,259
160,63
5981,24
5986,81
966,19
5984,469
3570,1
340,297
341,17
342,160
3998,110
3997,149
3996,930
3995,216
3994,87
3993,312
3992,100
3991,73
3990,28
4686,412
4844,597
4931,75
5747,230
4416,59
4932,119
3573,81
1623,675
4685,3
5373,58
3325,5
961,344
4732,543
5970,32
4731,1
4736,2197
4680,337
2318,674
2319,2326
2316,4465
2317,259
4738,1595
963,198
2312,156
2313,70
2311,97
5854,4
4831,29
5856,48
5857,17
5850,10
5851,1
5362,296
5853,2328
3237,7
294,102
4977,377
292,613
3681,123
290,65
291,65
3773,248
802,2
3771,118
3770,58
5749,9
3776,465
3775,102
3774,165
4835,69
3778,25
3686,20
270,118
4654,746
272,1335
4656,1442
274,792
275,92
276,21
277,161
278,2
279,16
4520,1
4659,12
4658,581
374,29
962,19
3446,35
4,291
642,708
2269,189
2262,137
2263,77
2260,467
2261,266
5487,1118
2264,178
6058,11
2442,8
2443,5
2441,6
2446,630
2447,15464
2444,244
2445,1122
2448,374
2449,43
2189,517
1136,19
108,727
109,190
6054,31
103,51
100,7
106,133
107,1163
104,4
105,99
2046,536
4812,530
4811,732
4810,246
2042,120
2043,7185
2040,3734
2041,604
2107,129
4819,2283
4818,836
2048,64
2049,707
1373,18
6053,277
6052,50
820,5
1783,60
2993,9
4031,95
1060,1
5116,24
4849,1
4243,91
2836,20
2639,99
4456,5
3159,60
3519,30
3518,80
5298,61
3513,98
3512,76
5299,303
1210,132
3516,88
3515,20
3514,670
5483,41
5297,41
2684,1532
2685,43
2686,94
2687,608
2680,671
2681,94
2682,472
2683,455
3694,89
5119,60
1211,56
343,110
3393,486
99,13
98,1
1435,10
4937,7
91,45
90,83
93,4
94,849
96,447
1991,754
5183,183
5180,846
1620,2610
1995,1157
5187,856
1625,782
1624,1618
1999,122
1998,248
1629,734
5189,797
3209,7
3208,1982
4974,466
1293,3
3010,87
3534,74
2862,2
2863,357
2864,461
2865,74
2866,1195
2867,41
2868,509
554,20
551,86
550,1057
553,223
552,12
3539,49
1438,1804
5055,992
1439,180
5458,308
1198,76
3348,1325
3349,3415
1191,1250
1190,1288
1193,168
3341,189
1195,409
1194,60
3344,150
3345,150
1450,174
1756,859
1755,298
1754,609
1753,922
1752,258
1751,429
1750,587
4259,138
4258,2654
1175,862
1174,535
1173,1078
1172,257
1171,3524
1170,4669
4251,641
4250,79
4252,235
4255,1983
4254,89
1179,130
1178,153
5533,905
5532,375
5531,423
5530,152
5537,6
5536,59
5535,78
5534,1527
5539,408
5538,36
513,143
644,192
1811,9
1285,550
1284,5
1287,1247
1286,5
1281,97
1280,87
1282,2030
515,21
879,486
404,356
3756,37
3430,5
1579,984
1578,3947
689,76
1001,110
1872,3
3431,16
685,1957
684,267
687,1416
686,296
1577,63
874,171
683,102
682,665
458,724
875,5
4261,430
3434,18
1240,783
873,39
870,71
871,172
6093,92
1888,72
4592,71
4389,7
5629,40
2036,2929
4383,152
1243,420
4381,142
4380,1511
4386,465
4385,27
4384,122
1371,799
1370,1156
405,60
2034,3382
1374,12
1377,1
400,216
1379,445
4848,2746
1342,93
409,1578
408,6555
3834,86
3835,867
3836,5
3837,151
3830,62
3831,3491
3832,2296
3833,352
1344,461
2030,5525
3839,1637
3452,8
5995,975
4030,669
5996,104
4035,26
5990,107
5993,2020
5992,1410
4038,283
1347,1731
5999,23
5998,169
4737,68
4734,458
4735,5
3453,296
3206,47
379,122
378,1212
371,2
373,6
4843,64
2314,21
377,1650
376,136
2343,5
1244,119
5107,128
4348,335
892,151
393,27
391,11
390,75
397,932
396,6345
395,359
394,707
399,4
398,1955
3790,51
2309,879
2308,64
4344,6
4729,28
4728,482
5855,10
2301,489
2300,942
4727,671
2302,3098
2305,434
2304,37
4723,86
2306,151
5847,86
5846,1
5845,1854
5844,543
5842,72
5841,236
5840,139
1668,4
5849,152
5848,225
5852,25
3749,10
3747,288
299,27
3742,345
3743,482
5366,3
3741,335
245,1399
4621,122
247,3228
246,1646
4624,1490
4625,848
243,8
242,131
226,5
1667,7
3591,3
249,57
248,758
2275,452
2274,8
2277,5
2276,215
2271,879
2270,105
2273,175
2272,765
5858,14
2279,822
2278,1573
293,123
4407,2
959,17
2154,999
3590,3
1248,105
1846,163
2232,18
3201,377
125,57
2455,30
2454,1595
2456,3042
2451,25
2453,92
5547,2
4980,923
176,266
175,640
174,59
173,469
172,1450
170,1084
2051,24
2050,174
2053,3
1111,461
2055,11
2054,117
4828,7
2056,136
2059,105
4827,18
4824,49
3693,431
4822,468
3695,1520
4820,442
4533,170
970,65
2156,38
3596,78
3089,5
3088,166
1367,410
1504,287
2029,2
2769,12
1505,36
4402,615
3526,15
3527,27
5149,159
3525,27
3522,38
3523,26
3520,2
3521,18
4916,372
1508,182
3528,31
3529,1
1509,581
271,57
3081,53
4657,229
3080,121
3594,5
3225,57
273,54
658,10
3224,576
4651,784
2695,187
2694,111
2693,35
1603,19
2691,1
4650,703
1602,30
3782,314
1605,88
4652,3
3220,157
2704,700
3223,172
4557,503
1606,621
3232,554
3233,86
5490,103
3236,1048
1969,5101
3234,117
1619,236
1616,9018
1617,568
1614,958
1615,1439
5191,2777
1613,485
1610,2188
1963,936
4310,46
1749,8
1114,90
5912,7
1363,40
2873,57
2872,1559
2871,553
2870,177
2877,527
2876,348
2875,162
2874,88
4986,469
2879,3325
2878,1038
4632,8
4534,64
3355,6
3354,222
3357,1
3351,1819
3350,2048
3353,14
3352,2913
3358,2
5448,434
65,5
1366,182
5443,644
5442,33
5441,7
5440,167
5602,8
5446,345
5445,1
5444,365
1768,2246
1762,12
1763,39
1760,11
1761,14
1766,121
1767,751
1764,81
2791,45
1140,179
4988,11
2964,38
2692,15
2966,9
5509,5
5505,13
5502,74
5503,30
5500,26
1547,893
690,12
691,179
1542,475
697,792
1540,151
1541,820
698,150
699,12
1548,724
1549,1905
542,8
2382,18
546,38
547,4
1781,60
3784,88
548,568
549,7
760,155
3885,4
761,288
4530,350
2969,99
2064,97
2968,1118
2195,99
1787,33
5137,66
3320,1
2649,1
4531,350
3321,37
2266,106
5611,325
5474,42
5614,153
415,820
416,10
417,104
1388,1536
5832,120
412,2
5716,127
1384,82
5472,15
1386,49
1387,23
1380,2667
1381,3452
1382,1029
1383,1444
3827,3
3580,42
3825,816
4532,181
3326,1
5002,31
3582,23
3829,256
3828,214
2768,156
1254,3
5007,95
5006,2
4282,1683
3294,2
4280,1363
3042,37
4286,118
4284,64
4285,7
5461,1
4288,130
3587,49
2403,88
2099,9
3044,136
3303,10
2207,3
4985,37
2762,1
366,878
367,9
364,17
365,1
362,16
363,47
3214,7
5274,15
2760,13
1774,2281
380,615
382,510
383,81
385,6
387,149
388,995
389,552
2764,132
4758,439
4759,500
5272,1
4750,133
4751,32
4752,36
1772,165
4757,17
5872,1649
5873,772
5871,1261
5876,486
5877,2608
5874,31
5875,30
5878,54
5879,44
2045,99
1074,15
3759,81
5376,2
4664,17
3751,284
1779,75
3753,1368
3755,116
3754,152
1073,90
2190,3
2191,49
258,3522
2193,38
2194,181
4636,1696
4635,34
2197,643
252,440
253,993
250,464
4638,945
256,65
257,53
254,457
255,297
2200,865
2201,116
2202,2724
2203,525
2204,171
2205,936
2206,159
901,102
2209,34
5169,583
680,2
2429,3887
2047,80
2420,684
2422,1
2423,48
2424,86
2044,92
2426,1122
4429,303
168,169
169,646
165,335
166,60
167,179
5467,67
161,304
162,83
163,10
4839,429
4838,40
3688,75
4529,3
4528,22
3683,313
4830,150
4833,576
3680,1013
3687,130
4522,294
4521,615
4836,187
1343,30
4422,2
3212,266
2518,25
2519,156
2514,6
2516,2
2517,83
4420,591
2512,9
2513,351
2734,15
2735,144
2736,11
4421,6
2730,51
2731,1058
2732,428
2733,1258
5296,360
4426,222
5294,14
5295,93
5292,19
5293,134
5290,206
5291,391
3531,588
3533,249
3532,800
5058,718
5059,2141
3537,43
3536,26
5469,66
3538,212
5056,508
5057,1204
5050,154
5051,126
5052,504
5053,223
1814,957
1815,70
1816,91
1810,401
4338,38
1812,14
1813,3076
4339,68
1818,1393
1819,4
1107,5
4959,1
675,20
2169,425
402,8
4334,809
677,31
1098,762
1087,63
671,614
672,355
4663,93
4331,11
2167,75
1608,696
2166,1
1979,22
1978,9
1601,296
1976,2400
1975,851
1974,1213
1973,10211
1972,2040
1971,733
1970,1794
1555,7
809,70
808,89
2163,1
803,4
908,17
801,2
2349,56
807,308
806,4
804,3
2846,7
1102,347
2844,39
2843,59
2841,28
3039,22
5477,120
3322,330
3323,1116
3324,37
5473,43
5470,21
3327,1
3328,59
3329,1792
1259,59
1775,718
5275,548
5276,186
1776,210
5270,33
5271,334
1773,27
323,67
5278,40
5279,53
1669,1
3972,1050
1990,30
3975,491
1159,323
1158,501
2999,18
1157,685
3976,59
862,75
1150,842
2162,3
5519,428
5518,372
3038,39
5517,4
58,248
1550,376
59,2604
1554,516
1556,2
3034,123
3035,107
57,713
56,3721
3030,306
3031,1022
2996,222
3033,1244
537,1
1427,3
54,2
4662,57
2992,8
781,1
3468,73
3037,64
5139,4573
1909,31
4345,7
50,321
5605,747
5604,171
5607,15
5606,330
5601,102
3032,1520
5603,78
3295,562
2997,31
5609,156
5608,83
3724,8
4690,189
3297,362
1902,53
3291,35
429,1381
428,1048
1900,754
1399,1310
1398,279
1397,188
1396,51
1395,144
1901,31
424,7
1391,74
426,43
3812,43
3813,150
3816,49
4608,1
3815,203
3818,197
3819,908
5124,161
3450,12
857,50
850,92
4692,7
851,12
865,51
4299,43
3454,2
917,2
5369,53
4294,189
4297,36
853,112
4291,63
4290,72
4292,115
977,29
4691,348
3510,35
2588,1
2199,48
1165,105
4749,7
4748,234
4743,729
4742,526
4741,4
4740,233
4747,373
4746,6
4745,296
4744,15
5869,610
5868,183
4697,7
5864,710
5867,194
5866,1
5861,135
5860,142
5863,36
5862,203
2330,159
1424,155
4715,601
5350,573
2977,16
2183,1011
2182,1040
2181,84
2180,1996
2187,11
4696,19
229,5
4609,1930
227,245
4607,504
225,203
2188,1046
4602,59
221,4
220,56
2213,29
2212,3
2211,117
2210,336
2217,8
2216,43
121,31
2214,134
2219,122
2218,395
1845,138
2339,7
5600,150
151,265
150,197
153,125
2438,530
154,388
157,3
156,14
159,56
158,42
2431,9
2430,505
2437,156
2436,974
2435,140
4719,16
4922,14
5767,4
5123,16
4518,1
4519,124
4512,132
4510,3
4511,61
4516,11
4517,261
4514,357
4515,1787
1359,14
2509,23
2507,4
2506,4
2505,3
2504,1
2503,5
2502,3
2501,31
5932,43
5289,7
2726,23
2723,813
2722,17
2721,102
2720,24
5280,1454
5283,714
5285,248
5284,230
2729,970
5286,13
1163,13
5049,43
5048,1664
5047,560
5046,468
5042,73
5041,381
5040,57
1807,161
3783,369
1805,356
1804,89
3786,256
1802,220
1801,167
1800,1271
3788,5037
3789,795
1809,11
1808,207
4994,395
4995,16
4992,350
4993,649
4990,20
4991,20
2537,6
126,15
4998,693
4999,65
5054,178
5567,322
3714,57
3258,10
3259,256
1948,182
1949,3
2176,27
1257,194
1942,191
1943,785
1940,444
1941,1014
3254,217
1947,226
3256,250
810,16
811,7
812,166
813,138
814,347
815,221
816,33
817,353
5182,821
3495,555
1622,12
2851,8
2850,3
1523,7
1621,178
3333,318
5460,408
3331,141
5462,98
1494,13
3336,1882
3335,1003
3334,8780
1498,27
5186,1362
3339,498
3338,234
423,245
1994,170
1700,152
1702,3
1703,360
1704,606
1997,38
1706,406
1707,16
1709,74
1996,1918
5269,448
5268,980
4573,131
427,6
3658,95
1390,2
5188,40
3659,17
1128,15
679,77
2093,396
1121,2
1122,91
4577,46
3556,11
1125,2
1127,15
3654,2056
184,1
3655,417
313,149
4722,12
5437,28
2988,175
497,377
3029,95
3028,33
2983,492
3026,353
3025,149
2980,445
3023,10
2986,52
3021,44
2984,154
1090,134
300,78
1018,361
1019,496
312,666
695,55
1016,12
1017,67
1010,316
1011,476
1012,4
1013,447
2832,6
303,293
1230,5
1231,18
1232,290
1233,10
1238,6
5671,1
1944,78
4269,25
5674,289
4359,6
5676,1
2705,19
4355,293
4356,80
3954,150
4350,36
4351,4258
4352,3
4353,82
6000,494
1266,8
2486,138
1341,60
438,463
439,366
436,1218
437,6262
434,98
435,865
432,231
433,293
430,11
431,42
5836,1
3809,57
3808,265
3805,48
2482,992
3807,76
3806,31
3800,566
3803,6
3802,1335
89,14
2480,359
3312,187
559,52
2481,67
3078,34
5709,223
5704,769
5705,90
5707,382
5700,260
1967,45
5702,19
5703,50
3162,74
2869,47
1437,71
3082,251
634,22
1960,54
315,60
4777,231
4774,8
4775,67
4772,7
4773,31
4770,366
4771,134
1434,595
4778,4
4779,151
4174,833
4175,28
4176,420
2247,3
4172,7
4173,211
1961,82
5818,26
5819,179
3060,44
3255,54
5810,611
5815,102
5816,2
5817,68
995,116
4296,4
4683,41
3161,4
4618,295
996,35
238,10
239,298
234,151
235,1926
236,150
237,381
230,548
4614,100
5060,514
993,53
2226,58
2227,17
2224,24
992,642
2222,428
2223,409
2220,102
2221,30
5924,45
5925,468
5926,133
1433,222
5920,157
5921,41
5922,58
5923,388
5928,195
5929,125
146,17
147,23
144,3787
4883,724
142,582
143,1321
140,619
141,59
2701,7
5355,8
5068,92
5143,3494
4504,52
5354,82
4501,8
4500,452
4503,143
635,29
4509,231
5352,552
3401,46
2088,1727
2089,1761
1056,18
594,251
2082,68
2083,652
2080,87
2081,369
2086,2
2087,5523
2084,496
2085,114
1537,1
3342,1967
2538,2272
2539,1199
3343,44
2532,938
124,130
2530,710
2531,1342
2536,84
5452,46
2534,751
2535,528
2712,305
4321,219
2710,1041
2711,797
2716,342
2717,56
2714,229
2715,124
4238,68
5454,22
2719,59
348,346
128,79
5078,1
5079,404
129,132
5072,275
5073,139
5070,676
5071,362
5077,226
5074,847
5075,1101
1832,11
1833,124
1836,1524
1837,709
1834,72
1835,68
3795,30
3794,190
1838,1178
1839,634
3791,597
349,25
3793,136
3792,159
4981,760
2155,950
4983,216
4982,1440
2150,466
2151,776
2152,4189
2401,322
4989,42
932,77
931,551
930,112
2159,611
935,98
934,203
5381,14
5382,29
788,18
5386,6
3091,819
5388,207
5389,20
1758,46
136,24
4642,35
1587,4
1957,439
1956,700
1950,5
4825,9
1952,80
1829,2
1959,901
1958,25
5545,2
3248,771
3096,344
3370,1
3242,339
53,41
3247,385
3246,1222
3245,66
3244,254
1825,254
228,24
2713,1
828,448
4405,79
824,14
827,30
826,1
4406,61
822,3
4925,138
3097,361
1176,545
1821,24
1993,196
1483,75
1482,35
1481,261
619,50
1487,967
1486,1289
1485,90
3309,310
3306,1179
5495,11
5496,41
3305,110
3302,486
5491,10
5492,767
3301,514
1713,312
1712,71
1711,192
1710,134
1717,53
5257,107
5254,192
929,504
5628,36
5258,41
1718,57
4394,63
799,493
4318,98
613,26
2825,2
2143,34
4979,320
4062,38
1139,108
3051,8
4063,264
616,69
4395,2
1137,185
4060,1136
1135,19
20,118
920,63
5945,25
1276,169
921,39
714,34
4256,264
2062,22
2452,5
3018,1480
3019,580
4064,2
3012,912
3013,30
224,903
3011,103
3016,258
3017,2135
3014,14
2065,5
519,583
518,38
4972,56
1009,209
4066,7
1007,100
1006,468
1005,535
1004,419
1003,171
1002,72
517,898
1000,1344
623,107
1226,40
621,21
620,65
627,1332
626,18
625,598
624,276
629,227
628,418
1229,12
1228,38
5663,148
5662,342
5661,1
5660,6
5667,79
5666,1
5665,241
5664,1475
5669,943
5668,2101
4343,344
4342,26
4340,21
2882,33
2883,37
2880,448
2886,126
2887,114
2884,16
2885,1785
23,33
2888,1
2889,48
2,96
4392,44
3878,36
3879,445
3870,428
3871,634
3872,66
3873,514
3874,63
3875,708
3876,1225
3877,692
4677,2
13,87
12,1
15,206
14,532
17,45
5718,94
5717,62
18,91
5715,4161
5714,666
5713,1734
5712,2084
5711,191
5710,111
3275,19
3272,73
3310,3
3273,255
3904,57
3905,3
3906,2968
3907,329
3900,1081
3901,89
3602,47
928,51
3027,56
3908,43
3909,13
2743,3
4761,229
4760,315
4762,193
4765,256
3111,1
4767,4
4766,10
4769,1550
4768,854
3193,37
5372,13
4167,16
4165,721
1105,31
4160,77
5235,19
2742,25
4168,34
5809,1714
5808,109
5803,103
5802,23
5801,162
5800,1570
5807,11
5806,115
5804,2010
201,214
200,1021
202,179
205,179
204,384
207,612
206,13
209,1833
208,657
2745,120
830,11
1352,687
1573,11
831,108
1572,66
4320,246
836,9
1571,720
3471,10
2239,989
2238,49
1570,550
834,13
2231,42
2230,239
2233,218
835,236
2234,24
2237,121
2236,58
5937,1174
5090,60
5933,29
1575,24
5931,101
5930,409
1574,31
3577,280
5939,47
5938,948
1631,59
3576,739
2185,1
3498,420
3499,131
3496,1105
3497,484
3494,252
2184,91
3492,256
3493,93
3490,66
3491,670
4570,23
2094,1172
4572,68
2096,4105
2091,129
2090,886
4576,4381
2092,743
4578,1310
4579,700
3656,16
3572,61
3650,1420
2098,513
3652,927
3653,201
2525,706
2524,610
2527,75
2526,1507
2521,185
2520,1357
2523,62
2522,14
2529,10
2528,645
4494,31
4492,130
5065,268
5064,230
5067,1070
5066,982
2709,119
2708,1052
5063,21
4880,473
4881,467
2707,635
2706,10
4884,46
2700,23
2703,652
2702,730
4090,28
6119,1
4408,296
2951,3
5741,519
4404,192
1824,135
1827,210
1826,384
4400,1008
4401,640
1823,203
4403,269
2147,110
2146,1386
2413,513
2412,175
4978,267
2142,262
2417,2091
2416,3179
2419,1049
2418,3270
923,504
4970,2393
4971,1317
2149,990
4973,616
5393,218
5392,37
5391,1123
5390,789
5397,20
5395,248
5394,5
5399,97
5398,259
4326,12
4224,24
3274,935
1923,472
1924,266
1925,1487
1926,1097
1927,1112
1928,2234
1929,265
3278,584
3279,226
3474,2330
3475,77
3476,44
3477,253
3470,283
837,366
3472,325
3473,687
838,138
839,425
3478,178
3479,165
491,20
1365,237
3,56
4223,1
1986,1195
4319,15
5586,6
476,14
3332,172
3574,7
1595,16
3319,843
3318,1400
2594,15
5488,34
3311,366
5486,187
3313,225
5484,104
3315,3121
3314,1025
3317,264
3316,63
784,1159
786,285
787,87
5249,60
5248,130
782,266
783,1234
5245,3344
5244,784
5247,408
1725,49
1722,63
5243,456
1721,573
924,44
5626,401
5177,50
4159,7
2415,1
187,1
468,1
2439,394
60,450
61,109
62,382
152,26
3001,755
3000,627
66,605
67,308
68,697
69,128
3009,618
5485,469
2414,911
407,1323
1588,19
1589,1846
406,36
1582,58
1583,989
1580,121
1581,31
1586,237
926,11
1584,31
5482,36
2433,28
1038,283
1039,1758
508,719
1032,140
1033,105
1030,114
1031,225
1036,1337
1037,1227
500,118
501,146
1212,791
631,761
632,256
633,64
1216,52
1217,79
636,1550
637,2223
638,1830
639,126
1219,574
4245,693
4378,2869
4379,1697
989,1
1983,946
5658,382
5656,46
780,1
4370,110
5655,285
5652,1075
5653,553
5650,616
5651,92
2899,355
1728,1276
2895,63
2894,894
2897,177
2896,28
2891,120
2890,26
2893,352
2892,1451
1106,39
1726,471
1456,1063
1980,22
1531,61
1103,147
1452,40
1727,15
1898,54
5994,1
1458,744
1459,77
1108,8
5946,7
4080,15
4082,892
5246,32
4084,43
3739,2
4087,3
3863,190
3862,2
3861,345
3860,755
3867,1051
800,2
1981,255
1720,12
3736,1304
3148,6
1719,3
1896,90
5728,72
5729,96
3733,1
5720,92
5727,433
3732,491
4466,4
3731,3
4354,688
4832,33
4903,10
3917,53
3916,53
3915,53
1123,2
3912,254
3911,5
3910,1767
2134,539
3919,9
3918,93
4920,140
4798,123
4799,361
4797,31
4791,11
4792,395
4694,1044
4152,386
5837,148
4150,911
5835,1113
4156,307
4157,119
5830,1392
5831,2715
982,129
4924,434
5839,619
5459,9
5568,2
4834,24
5991,6
1914,3
2754,56
214,6
215,347
210,86
3286,290
1355,1
2138,629
6088,290
6089,86
6086,112
6084,816
1790,4
6082,428
6083,67
6080,244
6081,47
980,55
5903,11
5900,25
939,81
5906,14
5907,65
5904,78
5905,558
2752,22
5909,103
3489,44
3488,900
3481,29
3480,769
3485,191
3484,138
3487,27
3486,690
938,8
4567,195
4566,118
4565,309
6050,5171
3647,266
3646,13
3645,1602
3643,266
3641,5
3640,2119
2550,337
3005,108
2552,639
2553,97
2554,62
2555,40
2556,825
2557,2
3283,64
2559,48
3007,1
2396,2368
2397,359
2394,94
2395,1213
2392,142
2393,48
2391,90
3022,2
64,5
6041,27
2500,32
2398,32
2399,98
5010,8
5011,58
4899,165
4898,37
5014,9
5015,112
3282,25
5017,22
2770,501
5019,40
4891,190
2773,772
4896,11
4895,440
2777,14
2601,10
3076,4
3307,3
1858,1266
1859,586
3281,17
5693,21
1850,536
1851,363
1852,382
4414,60
1854,1380
4412,42
1856,663
1857,1490
6064,26
2173,24
6066,48
6067,207
6060,731
918,103
2174,1661
4968,1347
4967,76
4966,1377
2178,33
2179,774
4963,3
913,175
4960,14
5432,31
2606,212
2607,1
2950,2
5694,217
2602,1
5433,56
5695,3
2608,6
1423,472
1933,742
1932,919
1931,1197
1422,761
1937,24
1936,128
3267,445
1934,3163
3269,114
1425,11
1939,1033
1938,8
5120,5
5121,137
5122,147
3369,93
3467,1647
845,832
3464,176
3463,1568
3462,1593
3461,888
840,1684
4277,586
1426,20
2975,8
849,72
848,45
1632,20
1429,4
241,142
2406,170
5439,26
4905,45
6046,59
2407,81
1585,61
1192,74
1739,364
1738,163
5230,383
5231,655
5232,241
5233,428
1735,309
1734,593
5236,176
1736,1184
499,313
732,4
2052,10
753,1111
752,183
751,1
750,294
757,325
756,19
755,20
754,1494
661,98
5833,12
3780,37
3070,3516
3071,550
3072,436
3781,93
2958,283
3075,49
1593,8
3077,318
2954,33
3079,44
2956,596
2957,15
1599,21
1598,465
3787,17
3700,2156
5345,74
1027,950
5347,1242
1021,28
1020,44
1023,432
1022,992
4906,32
3785,74
1029,1291
1028,1785
503,70
1034,296
4045,60
936,9
3701,387
605,65
604,22
2609,413
606,88
4361,87
600,36
603,49
1213,770
1205,164
1204,838
1207,909
1206,810
4369,411
608,1680
5649,514
5648,34
1358,218
5457,223
5640,1140
5643,9
5645,34
5644,40
5647,25
4276,67
3696,118
1806,2
3109,45
3104,14
3105,9
3106,19
3107,501
3100,1371
3101,1506
3102,44
3103,31
1447,465
1110,432
1445,372
1444,18
1115,172
1442,546
1441,3
1440,422
2006,13
467,3525
1449,42
1448,226
4093,1677
4092,72
1350,23
2759,21
4096,1026
4094,706
1357,49
4099,29
4858,11
791,14
5735,365
5737,278
5731,2
5730,166
622,12
3704,48
484,392
5739,1273
5738,70
480,41
4586,9
4581,43
903,7
790,6
4725,23
4583,1
3705,98
4724,114
5300,42
4850,1908
1430,54
3922,11
3420,1
3920,445
4726,562
3926,28
3924,1
4721,49
3929,278
4720,1
4789,39
4788,340
4787,28
4786,659
4785,533
4784,47
4783,102
4782,20
4781,32
4780,63
5821,230
5820,19
5823,288
5822,254
4149,22
5824,131
5827,448
5826,322
5829,208
4144,290
4140,2
4143,67
4377,66
3856,55
3854,386
3855,121
3852,390
3853,87
3850,70
3851,1625
1576,5
4375,3
3858,2010
3859,875
3003,1
6099,992
6098,83
4305,197
6095,243
6097,326
6096,61
4823,745
16,75
5918,21
5914,23
5917,22
5916,36
5911,2
5910,36
5913,17
1345,27
456,432
198,62
2465,14
195,177
194,4
197,391
196,3
193,63
192,8
19,1
3678,2
3679,1
3672,125
3673,2623
3670,3066
3671,1435
3676,1388
3677,1694
3674,458
2543,55
4821,24
2541,56
2540,501
2547,558
2546,82
2545,43
2544,815
2549,508
2548,278
1104,18
2380,29
4382,40
1457,24
2385,192
2387,529
2386,191
2389,36
2388,114
1451,21
5003,29
3581,173
5001,128
5000,164
3584,1052
3585,526
3586,330
5004,13
2763,32
3589,83
2761,40
1453,349
2767,42
2766,139
2765,216
3668,518
3740,5
3290,8
2007,43
902,97
4620,74
900,39
1848,3
906,48
907,2
904,34
905,23
1843,47
1842,464
1841,1544
1840,2867
1847,781
4427,460
4424,50
1844,747
6076,238
4958,105
6074,29
6073,191
2168,659
6071,113
6070,32
4952,8
4953,3434
4950,168
4951,6
2161,115
2160,592
4954,28
240,38
2617,25
2616,571
2615,45
2614,1140
2613,691
2612,347
2611,35
2610,197
1946,14
4627,149
3869,1623
2618,249
4628,2
4083,26
3299,7
1908,125
5138,402
1906,97
5136,883
5135,5962
1905,127
5133,41
5132,453
3292,1290
3293,1402
3002,3491
855,449
856,24
3451,239
3456,185
3457,781
852,52
3455,225
372,63
3458,5
3459,143
858,3945
859,38
5425,67
4619,14
6,1100
4546,116
3402,64
5082,70
3555,40
5229,24
5228,172
5223,155
5222,48
1077,7
5220,21
5225,85
4679,126
1724,2
4912,245
740,8
742,1018
743,1973
744,377
745,1812
746,349
747,323
748,43
749,167
3737,31
1798,66
2949,376
2948,1156
2947,325
2946,653
2945,1104
2944,24
2943,52
2942,29
2941,1252
2940,624
5357,367
5356,1106
1052,1189
1053,436
5353,832
1055,160
5351,1616
5234,193
1058,31
1059,60
718,5
2153,63
5359,53
5358,8
1696,117
2918,300
1694,335
1695,93
1692,2
1693,3
2919,13
6009,19
2595,668
1791,57
1278,97
1279,61
618,19
4313,2205
4817,686
4316,17
4317,458
612,154
1797,83
610,80
611,1524
1274,4
617,562
614,123
615,883
3008,12
711,53
710,15
1490,2941
2377,5
4374,2
3119,204
1491,148
3117,1068
3116,132
3115,579
3114,466
3734,606
3112,23
2469,138
3110,42
1472,359
1473,556
1470,530
3330,673
1474,117
3337,258
1478,440
1479,33
1495,60
1304,1
1305,95
1306,291
3150,1
1300,1027
1301,1009
1302,233
1303,5774
1497,262
1308,14
1309,23
5740,425
4587,817
5743,70
498,303
4229,2003
5746,20
5468,150
494,446
4225,216
4226,3
4227,480
490,142
4221,91
492,53
493,1177
24,274
5587,9
26,1167
5585,1
5582,382
21,144
22,6
5581,218
927,23
28,465
29,22
5589,162
3187,96
3599,37
1069,764
3583,3
3938,362
3935,46
2598,11
3937,676
3936,229
3931,2804
3930,206
3932,324
3265,81
5195,86
1897,74
1516,50
1705,12
4138,117
4139,607
5261,1014
1076,44
4131,433
4132,173
4133,496
4134,5
4135,189
5692,67
3840,401
5690,6
5691,913
5696,265
3844,92
3847,114
3846,185
3849,428
3848,98
5698,323
5699,1581
4612,546
1063,19
1062,19
5374,38
3649,34
1067,116
4615,2
1066,17
4044,422
2137,62
4046,666
4047,354
4040,54
4042,18
4582,15
4315,15
4048,196
4049,23
5968,481
7,8
5961,1355
5963,182
5964,66
5965,92
5966,196
5967,106
3665,2470
3664,242
3667,86
3666,296
3661,3004
3660,1
3663,4
4944,1276
2280,138
2281,126
2282,749
2283,92
3669,133
2285,166
4549,157
4548,119
4946,46
973,268
4545,9
4544,10
972,122
420,29
2578,320
2579,50
2576,4
2577,184
2574,184
4829,785
2572,39
2573,354
2570,1
2571,164
4826,39
2379,6
4535,1
2374,234
2375,2
601,11
1604,43
3692,102
2372,1056
2373,2355
3593,436
3592,378
2596,2351
2597,7
2590,43
2591,8045
2592,3776
5039,678
5036,676
5037,302
5034,890
5035,594
5032,2007
5033,189
5030,1118
5031,265
1876,211
1877,188
1874,777
1875,155
4431,66
4430,680
1870,400
1871,137
1083,5
3697,249
4438,147
1878,144
1879,75
4945,174
976,31
975,90
974,779
4941,477
4940,543
971,610
183,1164
1080,135
4949,1
4948,190
979,1
2118,460
2119,93
180,153
181,382
186,41
6047,52
6044,124
185,90
2110,5
2111,419
6048,228
2113,215
2114,1357
2115,559
2116,1557
2117,417
2622,4
2623,105
2620,17
2621,125
2626,614
2627,171
2624,66
2625,346
2628,136
6045,314
1919,5
5108,7285
4151,478
3289,48
3288,29
1911,545
5103,851
5100,4332
5101,1921
5106,708
2112,1620
5104,1379
5105,2914
869,106
868,332
189,11
3449,101
3448,115
3445,2185
3444,675
3447,9
4155,208
3441,51
3440,710
867,646
3442,2849
2024,885
2757,515
2026,26
2755,85
2020,662
2021,50
2022,671
2023,160
2828,20
4158,130
2758,266
2829,71
883,240
882,577
881,25
3971,43
5197,218
884,614
3728,4
2371,4
888,1
1340,2
4590,82
5216,52
5217,56
5214,6
5215,1757
5212,8
5210,69
5211,287
832,8
659,79
5218,307
5219,475
1968,533
356,15
63,85
4154,212
418,17
3988,1559
3613,120
3973,44
5414,1835
777,14
2629,126
771,68
773,4
5415,267
779,15
778,114
419,2
77,6
76,1
2978,266
5417,282
73,870
72,128
71,110
70,76
3056,310
2973,142
3054,412
3055,248
2976,10
3053,185
79,1243
78,52
1043,1815
5363,344
5360,499
1040,1656
1047,58
1046,191
1045,449
5365,74
4597,62
5368,1671
5413,1607
1681,157
1680,1064
1686,64
1689,2
1688,126
4303,1559
4302,514
1269,193
4300,192
4307,16
4306,67
669,2519
668,1266
667,75
666,33
1261,226
664,573
663,616
662,90
1265,1570
660,12
3287,92
5094,88
1910,23
3020,848
3285,139
3725,28
3128,2
3284,155
4595,14
3123,403
3120,238
3121,27
3127,7
3124,1284
3125,878
1697,153
421,32
1468,1333
3977,397
1465,17
8,3659
1467,404
3280,1496
1461,98
1460,21
1463,39
1462,3
1317,281
1316,1708
1314,716
1313,150
1310,2
1319,7
1318,520
5791,3
5751,305
5750,131
5757,109
218,28
4239,30
5754,131
4237,498
4236,101
4235,1023
4234,24
4233,91
4232,1671
4231,87
4230,13
5591,969
5590,3596
5593,207
5595,811
5594,1142
5597,8
5596,19
5599,38
5598,7
861,240
4454,181
860,40
3948,681
3949,565
319,1073
318,189
3403,12
3940,651
3941,120
3942,69
310,60
3944,501
316,17
3946,53
3947,48
4606,195
5168,127
3443,52
1618,687
4211,5
866,2
2658,451
2756,37
4129,1942
4128,5
5342,4
4123,587
4122,660
4121,43
4120,1779
4127,428
4126,64
4125,538
1335,67
2027,26
5688,5
5684,31
5681,51
441,157
4367,232
2753,14
4707,22
440,423
2750,28
2322,164
948,9
2751,53
4604,35
2321,417
6062,1401
2320,218
2696,12
2327,181
4366,290
2326,64
4057,1388
4056,87
4055,317
4054,276
4053,704
4052,791
4051,192
4605,14
4700,3
2908,4
5672,39
4059,1227
4058,999
630,92
4930,53
5979,1
5978,689
5973,3
4358,128
5971,1
2690,353
5977,1945
2136,531
5975,21
5974,198
3610,156
3611,72
2299,1013
2298,16
3614,6
3615,104
3616,317
3618,41
2292,10
2297,552
2295,38
2294,414
5678,97
880,248
5679,25
2982,47
3406,3
2569,1416
2568,8
4357,17
2561,299
2560,2438
2563,720
2562,64
2565,218
2564,65
2567,44
2566,1865
3845,6
5901,28
4363,18
2368,2164
2366,273
5776,19
2362,4899
2361,46
2360,229
5029,1736
5028,299
2585,5
2584,10
2583,265
2582,248
5021,440
5020,20
5022,34
5024,9
2589,4605
5026,580
1861,483
281,46
1863,92
1862,304
4444,513
1864,52
1867,153
4447,894
1869,907
4449,1374
3726,557
3727,16
4490,383
3722,12
964,737
4687,10
4684,354
4933,38
4934,584
4935,2080
4936,259
4681,437
4938,440
4939,792
5578,23
968,55
4688,97
4689,275
2109,168
2108,522
6059,1891
5251,32
5576,14
2102,15
2101,202
6056,401
6051,666
2106,383
2105,26
2104,173
5115,161
5114,702
5117,26
30,247
5111,477
2638,147
5113,80
5112,161
2635,47
2634,1286
2637,275
2636,238
2631,171
2630,615
2633,69
2632,242
5256,327
5403,24
34,4
3438,66
641,135
1611,53
1536,39
876,30
877,40
4564,448
3433,19
872,148
3090,750
3436,125
3437,100
2741,396
2740,51
2035,6921
1242,746
4596,825
2744,332
2031,14
2746,1210
9,279
2748,70
4846,2404
4847,43
4840,340
4841,16
2039,1924
2038,1106
890,6
891,9
1431,628
893,128
894,201
895,3124
896,1493
897,3796
898,39
899,585
1246,1833
3651,376
1715,12
5201,183
5203,6
5202,44
5205,16
5207,26
5206,93
5208,216
5193,139
5198,81
3544,152
3545,28
3547,511
3540,543
3541,130
3543,126
3235,154
3548,92
3549,129
1964,496
422,236
5194,107
1966,1557
1788,17
1789,74
5196,16
2960,31
2962,245
1780,194
1612,271
1782,1206
640,544
1784,557
1785,927
1786,1137
5190,166
3049,313
3048,65
1962,98
3041,45
3040,115
3043,112
5192,488
3045,239
4569,427
3046,392
5379,1983
1078,214
1079,649
5375,52
643,2114
5377,2064
1075,72
1072,704
5370,524
1070,160
1071,152
1678,800
1679,144
3804,26
1675,525
1676,518
1094,286
1096,174
1097,88
678,518
1091,376
1092,1845
1093,162
674,347
4337,360
676,1935
4335,672
670,1703
1099,314
4330,756
673,1105
3135,293
3134,2276
3137,364
3136,505
3131,438
3130,557
3133,180
3132,4
3139,414
3138,27
1533,312
933,58
1915,29
3962,58
1418,64
1419,148
1432,31
5789,1
1410,584
1411,92
1412,65
1413,73
1414,5
1415,26
1416,25
1417,264
1322,62
1323,778
1320,109
1321,1073
1327,144
1324,158
1325,22
2495,109
1328,647
1965,382
4209,173
4644,2
5768,449
5769,408
4202,61
1600,385
5764,919
4645,1160
5762,93
5763,347
4204,45
647,339
1917,5
5569,5
4445,8
3118,569
5564,429
5565,183
5566,1302
5181,936
5560,581
5561,144
5562,5
5563,701
1256,9
1525,298
1526,33
1527,1176
1252,49
1253,35
1250,508
1251,430
1528,1014
1529,1502
1258,317
646,470
309,491
3959,79
3958,33
3953,345
3952,186
3951,551
3950,191
304,2
305,72
306,218
307,20
4116,3418
4117,4007
4114,5
4115,3876
4112,59
4113,412
4110,18
4111,1148
4118,245
4119,500
4634,200
2254,15
2858,3
75,2336
74,387
3340,31
4448,282
5159,479
5184,10
5012,167
2972,1
5013,59
3057,7
2970,3
2472,2
3204,117
5947,623
5944,234
4061,506
5942,357
5943,3035
5940,26
5941,886
4069,296
5948,430
5949,261
5784,119
5785,437
5786,11
5787,49
2974,13
5782,357
2771,1
3346,11
5788,99
2772,93
3603,39
1446,16
3601,109
3600,124
3607,1
3606,1329
3604,11
3609,1596
3608,373
1041,15
2698,4
5038,14
5361,53
5157,496
3347,157
2478,23
5367,192
470,264
6118,493
5364,506
6114,667
6115,1220
6116,629
6110,199
6111,431
6112,49
6113,487
2358,2805
2359,90
2352,68
2353,975
2350,173
2351,38
2356,1419
2355,6
1048,159
1488,3
2991,1
5447,39
4453,215
4451,204
4450,37
4457,301
1899,162
4455,384
3738,44
1894,11
1895,1046
3735,135
1443,833
1890,64
1891,91
1892,92
3730,260
4923,721
958,51
4921,428
2135,172
4695,745
4926,643
2130,1227
2131,389
953,40
4928,19
955,411
954,141
957,98
956,1071
3203,205
6020,178
6021,92
6025,35
6026,31
6027,24
2648,1088
4800,28
5163,678
5164,1453
5165,63
2784,1273
2640,92
2641,130
2642,84
2643,187
2645,42
2646,85
2647,3389
2786,1668
2781,6
2749,9
4527,5
2033,3
3429,58
3428,293
2783,94
3423,1
3422,197
3421,13
4418,23
3427,2618
3425,273
3424,36
2003,39
2000,419
2001,746
4589,49
4588,345
4859,661
2005,711
4857,686
4584,29
2008,181
4854,220
4853,739
4415,102
4851,244
2995,1055
1853,26
4413,31
2852,7
1268,9
4411,347
2100,1
1147,5
5411,49
5765,13
3554,12
3553,67
3552,142
3551,1
3550,418
2491,3
4304,38
2170,45
3558,24
4942,261
2171,937
919,32
4309,10
2177,19
2911,238
2912,733
2913,1397
2914,1783
4969,705
719,594
2898,32
717,788
1792,2629
715,238
2175,68
713,59
1796,273
1795,566
1794,774
5384,9
915,16
3024,44
716,71
914,136
4079,56
1524,103
4965,29
5954,6
5308,1090
1068,12
4964,103
1061,28
5301,77
5302,493
5303,35
1065,34
1064,514
5306,68
5307,589
4526,21
3648,2
502,17
148,79
1907,39
1662,287
1661,122
1660,1325
4329,1334
590,34
1085,238
592,26
595,570
1082,149
596,2631
599,1911
598,376
3966,16
4324,68
1089,2
1088,115
3140,4606
3141,23
3142,133
3143,1938
3144,553
3145,63
3146,151
3147,56
2824,478
3149,34
2826,11
2820,29
2821,59
2822,9
2823,783
3386,1486
3387,74
3384,8
3385,665
3382,685
3383,25
5412,50
3381,487
2032,62
2603,11
5418,113
5795,8
3388,376
3389,2453
1409,89
1408,145
5134,2
1403,352
1402,76
1401,680
1400,1910
1407,6
1406,472
1086,13
1025,27
449,786
448,184
1339,286
1338,193
3198,28
443,105
442,4
1337,260
1336,426
1544,135
445,1077
444,57
5779,1258
5778,5
3129,25
4947,145
4623,6
988,23
4436,67
696,509
5773,137
5772,93
5775,35
5774,304
5777,5
1543,133
3261,13
39,32
1492,8
694,103
1057,41
3260,327
33,8
32,995
31,9
5574,230
37,880
5572,800
5571,46
5570,34
1241,496
3093,1526
1535,1874
1534,1387
645,1069
1532,1045
1247,2206
1530,429
649,33
648,381
3098,95
3099,42
5346,597
1539,114
1538,98
5799,220
1493,34
339,61
338,1498
335,928
334,692
337,420
336,907
331,682
330,1211
333,485
332,2501
4101,6565
4100,445
4103,2
4102,278
4105,75
4107,3894
4106,1246
4108,15
1026,1076
5771,55
5126,1
4207,5
3967,111
2127,42
4626,3
4433,25
3899,3823
1634,47
3892,326
3893,163
3890,192
3891,8
3896,1
3894,1287
3895,1347
847,235
3465,9
1372,45
844,12
1635,9
1464,25
843,42
1496,8
842,1044
1353,511
5950,23
5952,58
5955,121
841,1342
5957,41
5956,68
5959,3
5958,39
3460,36
4071,278
4073,46
4072,5
5797,4
5796,6
3964,125
3965,38
5793,1319
5792,74
3960,168
3961,414
5081,16
3968,623
3969,158
3435,1
774,12
3639,341
3636,38
3637,114
3634,2849
3635,87
3632,29
3630,3509
3631,1791
5343,297
3469,64
5798,38
4610,144
5084,202
1351,257
4613,556
2345,69
2344,6
2347,174
2346,712
2341,60
2340,677
6109,1385
2342,391
6107,126
6106,287
6105,3142
6103,75
6102,264
6101,441
6100,593
1499,171
3253,2
2067,13
3708,30
2148,888
4468,982
4469,433
3702,109
4467,19
4464,711
4465,341
4462,48
4463,32
4460,328
4461,536
2121,51
2120,537
2123,657
2122,25
2125,15
2124,1893
4918,226
949,359
2129,1483
947,35
944,294
945,193
4660,146
4913,976
4910,1799
941,1209
6039,498
6038,63
6032,52
6031,132
6030,47
6037,152
6036,185
1594,11
6034,94
5173,381
5172,590
5171,824
2225,82
5069,36
5176,127
5175,453
2653,10
2652,1688
2651,114
5178,807
2657,1723
2656,192
4506,91
2348,22
133,58
132,1594
3414,1922
130,642
137,41
3413,618
135,54
134,1134
5185,93
4371,17
3418,114
4864,25
5348,39
707,3
4868,1231
5927,30
2019,428
2018,137
1930,1208
2015,112
2014,9
2017,442
2016,115
2010,26
2013,33
182,527
5125,26
5349,4
5277,16
5008,7
1591,33
3277,15
3562,7
3563,139
5161,38
3561,3
3566,468
3567,976
3564,827
3565,524
3568,174
3569,42
511,25
4484,19
4485,164
4480,15
4482,907
5131,692
1466,8
4489,973
2903,108
2902,81
2900,120
708,62
2906,6
2904,435
704,143
705,25
510,29
700,86
701,24
703,90
609,284
145,82
1263,92
82,211
80,1002
81,1048
84,278
85,5
5319,27
5313,864
5312,125
5310,2702
3217,60
5316,6
5315,2
5314,247
1659,135
2487,18
1652,23
1656,21
1657,28
1654,75
1389,92
586,475
587,204
584,5
585,269
4890,4
583,7
1987,80
5273,1
3216,158
588,14
589,2
3153,4
3152,2
3151,240
1633,638
3157,11
3156,95
2837,3
3210,1817
2835,14
2834,6
298,44
1348,333
2830,60
1436,2196
5406,113
5405,153
5404,274
3395,260
5402,1239
5401,354
5400,680
3398,1077
3213,686
4333,26
887,2
5409,87
5408,268
1260,136
1731,64
3709,56
1730,57
1349,214
4260,1025
459,44
4262,329
4263,379
4264,37
1889,21
4266,914
4267,71
450,3527
451,3440
452,4296
453,173
454,604
455,674
1267,1487
457,750
1887,11
1737,279
1886,126
564,4
5237,54
1885,200
766,11
2157,43
5548,799
5549,650
3263,104
5543,536
5540,72
5541,95
5546,84
2483,11
3707,530
1502,18
1503,95
1500,71
1501,11
652,90
1507,690
795,450
651,610
3085,276
3084,30
3087,2354
3086,206
4894,65
311,806
3083,242
516,225
3943,207
833,1
5890,213
5891,227
5892,125
5893,138
5894,127
5895,80
5896,174
5897,47
5898,131
5899,18
314,12
3439,274
1992,415
3884,156
3887,13
3886,99
3881,1
3880,376
3882,60
4919,30
946,74
368,72
2484,6
765,1
4914,136
1884,5
4915,1
495,493
942,542
943,785
940,32
4900,34
4911,796
1883,5
4008,193
4009,52
4860,1069
4005,359
4006,208
4007,7
322,343
3970,1497
320,627
321,313
326,776
327,91
324,1377
325,367
3979,32
3978,4
328,83
329,916
759,22
1904,3
3629,1319
3628,315
758,134
3621,11
3620,4
3623,17
3622,1220
3625,181
3627,2
5253,511
4281,309
2533,289
4714,1974
2331,1160
4710,63
4711,56
4712,65
4713,1112
2338,1047
6133,36
6130,12
4718,690
1597,41
6134,4
6135,79
3073,5
1880,9
3250,8
3074,52
2959,2
3715,139
3205,173
3711,180
3710,31
2303,22
1592,15
3719,57
4479,1427
4478,1818
5170,61
3251,86
2955,38
4471,744
4470,1311
4473,189
4472,93
4475,86
4474,118
4476,59
4909,2
6007,12
6004,5
2488,43
6001,1465
4901,258
4676,121
4675,70
2485,1761
4673,290
4672,167
4671,189
4670,342
2248,5
2249,1570
2244,61
2245,10
2246,46
52,33
2240,3
2241,69
2242,40
2243,563
2464,164
994,4927
997,1457
2467,327
2460,5
2461,273
2462,208
2463,620
5146,170
5147,21
5144,502
5145,5
5142,314
998,514
5140,1195
5141,885
120,368
3400,174
122,28
123,82
3405,137
3404,305
3407,923
127,64
3409,1047
3408,315
2654,2
5341,7
3416,107
4871,17
3379,84
3417,217
5018,92
3378,267
131,307
3377,2040
2798,379
3415,1
5683,1
5424,101
2792,52
2061,123
2790,12
2063,171
2796,180
3375,278
2795,113
1922,1154
1182,42
3411,58
2369,70
3372,34
3371,174
1181,15
5098,1126
5099,3229
3579,264
3578,2785
5455,12
727,69
3575,75
5091,150
5092,152
5093,210
3571,49
5095,46
5096,131
5097,60
4497,12
4496,1
4495,26
2665,189
2662,436
2663,193
2660,115
2661,330
722,581
2164,1
4499,10
4498,11
2938,519
2939,142
2936,1735
2937,525
4855,65
2932,79
2930,424
2931,449
5326,368
5327,9
5325,52
5322,294
5320,1
5321,338
3799,2545
231,11
5328,1554
5329,417
1645,86
1647,66
1646,45
1641,38
1640,149
3264,1
1642,650
1649,1360
3690,2
728,3
772,103
729,34
5654,185
3797,5
3796,792
1270,5
4364,22
571,2
570,95
607,205
574,17
2808,382
2809,231
4956,45
3168,20
3169,1167
3166,6
2803,56
2801,2
2806,285
3163,2
4360,53
1421,653
1420,42
5430,375
5431,1932
3368,376
1162,445
5434,5
5435,440
3364,54
1428,746
5438,65
3367,16
2404,564
3362,85
3363,1
2186,2
730,53
733,10
2405,106
735,7718
734,5
737,27
2402,108
2728,10
3390,28
1084,5
6057,6
4984,582
4273,245
4272,2374
4271,497
4270,437
469,156
4987,149
4275,69
4274,126
465,154
464,106
4279,201
466,154
461,661
463,505
462,264
5555,70
5554,1660
5556,349
5551,3
5553,1382
5552,178
5559,160
5558,2313
2542,11
4867,29
1518,95
1515,490
1514,13
4865,828
1511,480
1510,47
1513,3
1512,68
1903,2
4753,339
5755,35
4886,53
5883,1324
5882,73
5881,3
5880,187
5887,943
5886,397
5885,453
5884,22
2004,85
5889,321
5888,112
280,233
5770,26
3184,24
3185,3
3186,30
3394,152
3180,2111
3181,253
3182,518
1024,14
5646,2
3188,372
3189,1
5344,42
657,281
3397,1310
1277,172
5972,21
4018,28
2688,2
4661,1028
4013,11
4012,464
4011,1430
4010,394
4017,21
4016,303
4014,494
357,74
4904,14
355,457
721,296
353,759
3989,476
3984,144
3985,56
3986,735
3981,40
3982,60
3983,51
3612,251
6125,211
6124,428
6127,1393
6126,928
6121,114
6120,7
6123,3
6122,188
2323,22
4706,1345
4705,940
4704,2778
4703,2638
4702,525
2325,117
2324,335
2329,86
2328,2
1113,208
4709,533
4708,15
289,1339
288,91
1112,135
1793,456
5,1941
283,133
282,100
285,98
284,64
287,214
286,196
3760,58
3761,57
3763,102
3764,21
1117,5
3766,421
3767,137
3768,133
3769,174
1116,60
263,95
262,133
267,153
266,95
265,87
264,62
269,3174
268,401
6011,323
6013,141
1291,39
6015,257
1215,28
6016,502
6019,1340
2490,1795
2493,11
2492,1828
4646,163
2497,2871
2496,472
259,105
1294,1416
2259,176
2258,151
2257,537
2256,423
2255,63
1295,430
2253,167
2252,5
2251,18
2250,124
2477,919
5158,10
2475,863
2474,123
2473,14
2196,1
2470,480
5151,128
5150,55
5153,434
5152,291
5155,1905
5154,99
2479,2890
985,486
5179,1
2198,869
117,45
2315,39
111,380
110,447
113,185
112,371
4097,2
119,164
118,90
3432,43
2785,1282
4801,1108
4802,504
4803,1001
4804,258
4805,905
4806,862
4807,7
4809,2
1655,15
2788,22
2079,1787
2078,6279
1716,28
2073,962
2072,30
2071,3
2077,29
2076,26
2075,65
2074,529
4483,108
952,310
1330,35
3113,46
3508,20
3509,27
5089,130
3500,18
3501,144
3502,313
3503,59
3504,131
3505,65
3506,98
3507,239
4434,2
2060,208
2675,12
2674,28
2677,38
2676,232
2678,81
2929,2392
2928,1542
88,40
2921,1097
2920,995
2923,5
2924,179
2927,4
2926,9
5330,18
5333,2863
5332,1303
3685,168
5337,4
5339,2
1630,184
3215,3699
1984,2652
1985,1345
1982,595
3211,695
1636,906
1637,1507
483,76
3218,35
3219,5
1988,17
1989,39
3222,40
569,9
2817,178
2816,710
2811,57
2810,25
2812,135
562,13
2819,39
2818,1953
567,175
3179,26
3178,1699
5255,34
3171,78
3170,4
3173,470
3172,18
3175,201
3177,177
5086,12
2364,5
5429,486
5428,83
1188,26
1189,617
1186,318
1187,1753
1184,53
3374,213
3373,271
1183,139
1180,404
5422,56
726,80
4390,44
724,23
725,194
1748,577
723,1446
720,47
5635,121
1744,77
1745,29
1746,71
1747,173
1741,213
1742,92
1743,601
1164,1
2587,640
1166,149
4393,478
1160,276
4248,465
4249,176
4246,16
4247,1195
4244,257
1484,1356
4242,10
1169,3856
4240,80
4241,30
5520,67
5521,986
5522,21
5523,456
5524,59
5525,188
5526,495
5527,1484
5528,22
5529,14
4397,13
3304,41
472,435
5497,17
48,491
49,2394
46,730
47,1457
3934,32
5156,10
43,207
40,48
41,47
1568,3116
1569,39
1298,4
471,194
3300,10
4021,65
1561,567
5493,29
1565,3
1566,349
1567,522
5252,210
1360,316
796,912
4693,234
591,130
3190,13
5250,3577
2425,11
4739,2
1245,17
794,141
5027,843
2551,328
3092,18
793,171
2599,8
2915,429
792,118
4398,45
4399,23
5639,1386
1860,31
5634,158
4391,238
1201,7
5637,629
5630,316
5631,11
5632,110
5633,55
3197,143
473,173
1364,154
3194,745
1362,518
3192,62
474,195
2787,157
1865,34
478,74
479,680
3699,59
1368,17
1369,229
