1869,533
5259,125
2511,1
4446,9
1765,111
1866,24
5745,104
965,1
4026,260
4027,806
4024,253
4025,1651
4022,6
4023,33
165,246
3798,50
1868,271
4029,159
5988,113
5989,1542
5982,206
4642,12
5981,19
5986,19
966,9
5984,392
340,100
341,10
342,130
343,86
3997,92
3996,670
3995,123
3994,52
348,199
3992,49
3991,33
3990,38
4686,311
3530,3
4931,72
5747,99
1343,31
4932,97
1158,371
3573,73
2780,40
4685,3
5373,49
3325,7
961,245
4732,253
4731,7
4736,2087
4737,68
4734,456
2319,2079
2316,2771
2317,254
4738,1342
963,138
2312,133
2313,61
2310,1
2311,64
5854,18
5855,20
2184,63
5857,9
5850,13
5852,19
5853,1662
294,76
292,460
4833,674
290,5
291,27
3773,227
802,8
3771,37
3770,10
5749,2
3776,335
3775,77
3774,123
4835,28
4021,77
1325,26
4522,204
270,208
4654,569
272,921
4656,1186
274,464
275,79
276,15
277,113
278,14
279,1
4520,1
4659,13
4658,422
583,10
117,21
374,16
2146,1030
581,1
3446,18
4782,16
642,464
2269,102
4028,16
2262,44
2263,57
2260,501
2261,119
2266,52
2267,3
2264,147
5789,5
2442,7
2443,8
2446,468
2447,12007
2444,177
2445,1026
1137,116
2448,266
2449,22
1136,13
108,666
109,176
6054,39
103,38
5486,99
106,56
107,851
104,4
105,109
2046,253
4812,375
4811,562
4810,153
4817,491
2043,4586
2040,1466
2041,386
2107,87
4819,1404
4818,650
2048,47
2049,490
1373,1
2105,121
6052,42
820,1
2993,32
1086,5
1060,4
5116,11
2836,29
5111,243
4456,7
2835,4
2142,196
3519,20
3518,50
5298,103
3513,87
3512,71
3511,5
5299,311
3516,57
3515,28
3514,515
5483,23
2684,802
2685,33
2686,31
2687,421
2680,421
2681,49
2682,323
1000,796
3850,49
3694,55
3441,66
1211,6
3998,73
1434,637
5118,2
99,14
3019,487
4937,6
91,33
90,65
94,595
5402,848
5182,473
1622,9
5180,496
1620,1629
1995,676
5187,681
1625,569
5185,54
1999,89
3993,254
5188,15
5189,667
3208,1614
1787,12
1293,5
3010,116
3534,54
2860,1
2861,2
2862,7
2863,202
2864,249
2865,42
2866,901
2867,11
2868,426
2869,106
551,41
550,850
553,56
552,4
3539,87
1438,1441
3538,166
5408,167
5458,238
1198,36
3348,877
3349,2438
3342,1391
1190,1142
5452,42
3341,115
1195,272
3347,133
3344,110
5457,224
1758,41
1756,933
1755,233
1754,481
1753,807
1752,207
1751,386
1750,637
1177,4
4258,1832
1175,489
1174,157
1173,955
1172,198
1171,2231
1170,3415
4251,456
4250,55
4253,15
4252,177
4255,1530
4254,94
1179,11
4256,170
5533,856
5532,375
5531,438
5530,124
5537,17
5536,29
5535,77
5534,1006
5539,262
5538,8
513,46
644,130
1811,13
1285,453
1284,2
1287,815
1004,315
1281,71
1280,48
1282,1454
515,11
879,398
1611,17
404,22
3756,20
3430,17
1579,718
1578,3193
689,62
1001,44
3431,20
685,1236
684,174
1571,368
1570,245
1577,24
1576,13
683,47
682,532
662,80
4260,942
875,1
5467,40
4261,511
3434,4
873,43
4521,456
871,96
626,8
4592,34
4389,2
5629,41
2740,39
4383,114
5626,402
4381,65
4380,852
4590,66
4385,26
4384,72
407,1000
1370,865
405,103
1372,46
402,4
1377,2
400,170
1379,539
4596,686
6096,36
1342,123
409,1045
408,4631
3834,36
3835,411
3836,9
3837,97
3830,58
3831,2002
3832,1310
3833,192
454,411
2030,3556
3839,1023
1345,15
5995,923
4030,495
5997,1
5996,125
4035,32
5990,92
5993,1120
5992,1061
4038,170
1347,1792
5999,13
5998,188
2318,474
4735,15
3206,53
379,115
378,1166
3620,23
371,6
373,2
4843,75
2314,88
377,1348
376,122
2343,15
2315,29
5664,1063
3205,92
393,31
392,9
390,1
397,1000
396,7269
395,355
394,803
398,1900
4345,6
2309,912
2308,15
4344,22
4729,26
4728,465
4725,30
2300,746
4727,756
2302,2366
2305,359
2304,39
4723,115
2306,78
5847,79
5845,1256
5844,539
5842,38
5841,190
5840,103
3592,471
453,260
5849,200
5848,178
298,66
3749,2
3747,257
299,25
3742,249
3743,531
3741,237
4620,74
4621,91
247,1308
246,980
4624,640
240,31
243,5
242,145
4628,2
249,39
248,1112
2275,537
2274,3
2276,88
2271,579
2270,91
2273,132
2272,581
5858,6
2279,675
2278,1171
293,137
972,70
4981,476
1015,4
1846,171
2232,10
125,28
2455,24
2454,1211
2456,2239
2451,21
2453,63
2452,2
4980,521
5208,200
176,224
175,595
174,69
173,388
172,946
170,646
2051,6
2050,172
2053,2
2052,19
2055,36
1366,156
4828,18
4829,577
2059,129
4827,28
3692,111
3693,238
4530,402
4531,293
4532,118
4533,116
970,44
4983,124
3596,130
853,69
3089,5
3088,122
1879,38
1110,612
3778,21
2769,5
651,430
4402,575
3526,1
3527,41
5149,127
3525,18
3522,33
3523,18
3521,4
1508,128
3528,5
3529,1
1364,137
1509,419
271,22
5738,36
4657,169
3080,40
3594,8
3225,48
273,63
658,4
3224,451
4651,498
2695,85
659,34
2693,19
1603,10
2691,4
2690,271
1602,12
3782,240
1605,43
4652,2
1604,55
1971,532
3673,2369
5832,58
1606,625
3232,384
3233,127
5490,36
4555,1
1968,331
1969,4094
1618,385
3235,88
1616,5984
1617,463
1614,596
1615,849
5191,2420
1613,289
1610,1452
5192,487
1114,60
1363,53
714,2
2873,40
2872,935
2871,288
4837,1
2877,590
2876,387
2875,121
2874,113
2879,2872
2878,1044
4534,144
5693,14
3354,67
1724,21
3351,1533
3350,1869
3353,9
3352,1798
3358,1
5448,278
65,4
3745,9
5443,360
5442,14
5441,10
5440,73
5447,32
5446,364
5444,201
1768,1450
1116,88
1762,24
1763,31
1760,19
1761,7
1766,80
1767,473
1764,67
5895,60
1140,93
979,1
4988,15
2964,39
1148,8
2692,8
2966,7
5509,12
5505,6
5502,47
5503,43
5500,34
1547,757
1544,81
691,132
1542,407
697,611
694,101
1541,613
698,123
1727,26
1548,487
1549,1226
546,40
547,2
1781,26
3784,53
548,459
549,9
760,171
5627,6
3885,2
1783,44
2969,52
1785,465
1627,11
1256,5
3682,2
5137,32
3880,236
5690,1
3321,22
5612,6
5611,212
9,201
5614,71
1946,10
415,955
416,4
417,115
1388,1710
1389,85
412,5
18,68
1384,96
5472,6
1386,37
1387,11
418,42
1381,3072
1382,682
1383,891
5003,12
3825,318
3326,11
5002,14
3582,33
3829,264
5712,1612
3328,47
2768,74
1254,20
5007,60
4282,1147
4280,910
4281,199
4286,89
4284,77
4285,8
5461,7
4288,78
5004,18
2403,59
2099,22
3044,121
1447,283
368,35
2762,6
366,592
367,5
364,7
365,5
362,15
363,66
3214,7
5274,21
5008,3
5460,253
5275,372
1368,8
1777,3
380,622
382,299
383,32
4985,23
385,7
387,151
388,694
389,454
2764,56
1770,6
4758,381
4759,380
5463,4
5272,9
4750,78
4751,35
4752,15
4753,184
4755,1
4757,10
5872,859
5873,399
5871,735
5876,302
5877,2187
5875,29
2792,32
5878,21
5879,72
2045,24
3759,36
5462,43
1115,80
4664,22
3751,203
1779,62
3753,1193
3755,58
3754,120
5279,45
2190,1
2191,23
258,1983
2193,21
2194,131
4636,1170
4635,16
4634,243
252,400
253,649
250,325
4638,549
256,111
257,61
254,223
255,337
2200,625
499,242
2202,2631
2203,456
2204,132
2205,485
2206,71
2207,6
2809,166
2209,64
476,1
96,448
680,1
2429,2407
906,39
2047,63
2420,664
1446,9
2422,2
2423,42
2424,120
2044,45
2426,918
4429,114
168,135
169,352
1725,32
2042,73
167,104
160,59
161,300
162,11
163,4
4839,301
4838,33
3688,20
3583,21
4528,44
3683,165
6009,27
3681,132
3680,947
3687,64
4834,9
3685,167
4836,163
4422,3
4762,35
2518,24
2519,104
1980,14
2514,5
2517,59
1841,944
2513,78
2734,5
2735,72
2736,1
4421,3
2730,24
2731,815
2732,328
2733,1144
5296,240
5297,27
5294,14
5295,84
5292,13
5293,107
5290,203
5291,249
3531,490
3213,527
3533,162
3532,582
5058,410
5059,906
3537,42
3536,33
5054,108
1090,73
5056,320
5057,951
5050,97
5051,130
5052,324
679,101
1814,587
1815,29
1816,75
1810,238
4338,16
1812,22
1813,2320
4339,34
1818,844
1107,2
4959,1
4337,276
2169,283
676,1441
677,34
5469,30
1098,499
6070,16
1099,262
3042,31
4330,657
4663,92
500,72
2167,16
1609,13
1608,517
4987,58
1979,15
1601,228
1976,1894
1975,477
1974,511
1973,7374
1972,995
3223,175
1970,1502
809,47
808,27
4954,12
803,4
908,46
801,2
2162,2
807,255
806,6
2848,1
2846,7
2844,37
2843,37
2840,5
2841,38
5477,80
3322,292
3323,1271
3324,35
5473,23
5470,5
3327,8
1624,1472
3329,1117
1775,488
1774,1606
5276,114
1776,196
5270,36
5271,303
1773,24
1772,99
5278,36
320,468
3138,30
321,235
326,458
5516,3
1159,220
3977,357
2999,9
1157,578
325,298
1150,532
5519,305
5518,234
5511,7
59,1841
146,2
3277,7
5514,6
5517,4
58,256
1550,476
3038,24
1554,249
3034,94
54,10
57,435
3037,41
3030,255
50,343
2996,258
3033,980
3035,75
4662,21
2992,29
781,1
3571,93
4112,149
56,3018
1908,101
2994,2
2694,25
3031,594
5605,538
5604,130
5607,20
5606,216
5601,98
5600,86
5603,80
5136,974
2997,28
5609,121
5608,145
3724,34
4690,159
3297,256
1902,9
3291,40
429,935
428,614
2197,439
3292,1219
1399,689
1398,142
1397,148
1396,115
423,193
422,255
425,1
424,3
1391,53
4693,152
3812,15
3813,98
3816,19
3453,247
3175,122
3818,143
3819,815
1420,23
857,14
850,24
4692,10
851,9
4299,29
3454,2
917,1
4294,130
4297,38
4296,2
4291,61
4290,37
4293,4
4292,160
4691,368
3510,39
1443,533
1321,793
2199,31
2776,6
4749,16
4748,114
1324,127
4743,446
4742,306
4741,4
4740,121
4747,221
4746,8
4745,171
4744,3
1435,21
5869,401
5868,160
4243,44
5865,1
5864,350
5867,231
5866,1
5861,74
5860,124
5863,14
5862,158
2330,149
4715,348
5350,671
2977,22
2183,589
2182,549
2181,55
2180,1563
2186,6
229,8
4609,1381
227,171
4607,309
2189,435
2188,778
4602,26
222,6
221,8
220,32
2213,21
2212,12
2211,77
2210,288
2217,12
2216,22
2214,75
2219,75
2218,237
5431,968
2339,10
2683,315
1167,2
151,192
150,179
2439,309
2438,254
154,299
156,2
159,34
158,68
2431,11
2430,263
2437,121
2436,768
2435,101
976,12
1686,48
5123,28
4518,1
4519,77
4512,116
4510,9
4511,53
4516,9
4517,192
4514,218
4515,1204
1359,15
4204,3
1162,312
2507,7
2506,5
2505,2
2503,18
2502,13
2501,36
2500,13
124,54
2726,19
2723,723
2722,20
2721,50
2720,33
5280,1157
5283,277
5285,83
5284,180
2729,497
5286,26
1712,76
1163,19
5049,20
5048,271
5047,418
5046,282
5042,70
5041,173
5040,14
1807,110
3783,275
1805,220
1804,53
3786,172
1802,100
1801,106
3785,62
3788,3683
3789,341
1809,75
1808,160
4994,292
4995,17
4992,203
4993,378
4990,9
4991,13
126,8
4998,528
4999,46
632,208
3072,330
127,49
3710,28
5055,571
3259,207
1948,147
690,5
2176,7
1257,123
1942,126
1943,468
1940,427
1941,981
975,75
1947,237
1944,50
819,1
1255,1
810,2
811,6
812,198
813,91
814,218
815,146
816,20
817,215
2859,4
1623,315
1990,52
2851,12
2850,12
1523,16
2855,10
1621,103
1490,2430
3332,137
3331,90
5181,562
5465,28
3336,1485
3335,749
3334,7043
1498,17
5186,782
3339,442
3338,302
1395,57
1994,72
1700,105
1702,7
1703,247
1704,340
3201,285
1706,224
1707,9
1709,36
1996,1236
5269,364
5268,715
892,160
2096,3391
427,3
1998,180
3217,47
426,8
1629,476
3659,12
1128,10
4576,2764
1121,5
1122,53
4577,16
1125,7
1126,4
1127,11
3654,1569
184,9
4579,298
4722,16
5437,10
2988,157
3029,85
3028,51
2983,331
3026,95
3025,93
3024,45
3023,25
2986,22
3021,30
3020,497
3953,228
1018,274
1019,502
1014,8
695,55
1016,35
1017,54
1010,234
1011,255
1012,9
1013,415
3950,157
1231,20
1232,211
1233,4
1238,2
5671,1
5672,7
1964,355
5053,174
4359,9
5676,1
4354,406
5679,17
4356,69
3954,71
4350,21
4351,3242
4352,2
4353,106
6000,193
1965,228
1341,49
438,325
439,352
436,614
437,4250
434,198
435,571
432,211
433,435
430,18
431,33
740,1
4674,1
3809,25
3808,186
3805,60
4673,192
3807,40
3806,16
3800,412
3803,24
3802,1241
2480,339
473,98
559,15
4670,189
3078,11
5709,147
5704,796
5705,63
5707,262
5700,108
1967,33
5702,27
5703,23
2706,11
3162,59
554,3
1437,98
4697,3
634,7
2173,20
1960,33
2701,6
4777,125
4774,18
4775,26
4773,41
4770,382
4771,101
4778,5
4779,96
4174,553
4175,23
4176,181
4399,8
4172,4
4173,107
1961,121
314,29
2265,1
2700,18
5818,21
5819,112
3255,5
5810,520
5815,155
5816,1
5817,70
995,76
4683,36
2466,1
5602,1
3161,4
4618,245
996,26
238,27
239,172
234,153
235,1619
4613,354
4612,661
230,494
4614,23
5060,514
3068,2
993,34
2226,44
2227,5
2224,26
992,350
2222,156
2223,182
2220,84
2221,26
5924,64
5925,310
5926,104
5927,37
5920,105
5921,20
5922,30
4881,349
5928,138
5929,135
4824,30
147,27
144,2052
145,45
142,464
143,975
140,585
141,59
4884,48
148,72
998,494
1430,12
4506,56
4501,2
4500,472
4503,80
635,17
4509,240
5352,390
3401,41
2088,1325
2089,1240
1056,8
121,43
2082,29
2083,397
2080,41
2081,243
2087,3924
2084,274
2085,56
1537,4
1191,902
2538,1587
2539,880
3343,58
2532,667
2533,227
2530,940
2531,1426
2536,45
1193,121
2534,734
2535,409
2712,160
4321,150
2710,976
2711,611
2716,398
2717,39
2714,201
2715,91
4238,13
3346,3
2719,40
1194,33
128,56
5079,258
129,133
5072,124
5073,61
5070,624
3345,62
5077,188
5074,510
5075,857
1832,7
1833,95
3799,2029
1837,648
1834,65
1697,90
3795,30
3794,134
1838,883
1839,454
3791,548
3790,39
3793,121
3792,92
2154,745
2155,716
2404,322
4982,1030
2150,275
4984,450
2152,2686
2153,30
4989,52
932,59
931,337
930,89
2159,498
935,145
934,151
5381,10
5382,9
5384,4
5386,4
3091,548
5388,90
5389,6
136,14
1991,596
1957,388
1956,433
1950,6
2918,221
1829,1
1959,148
1958,9
3248,689
3096,343
3242,287
53,103
3247,305
3246,898
3245,9
3244,171
4404,154
228,55
829,1
828,316
4405,60
824,13
827,12
826,5
4406,18
822,18
4310,25
3097,253
1536,30
1176,159
1821,67
1993,148
5354,34
1483,40
1482,16
1481,201
619,27
1487,861
1486,1162
1485,73
3309,220
3306,757
5495,15
5496,44
5497,17
3302,475
3303,23
5492,799
3301,400
5252,145
5253,415
795,214
794,79
1717,54
1716,17
791,2
5255,13
5628,23
5258,101
1718,53
4394,55
799,330
612,117
2144,4
2101,148
2143,24
1715,12
4979,184
5946,14
1139,51
3051,9
4063,87
1274,11
4329,1318
225,114
5944,186
1135,9
1134,1
2419,543
5945,13
1276,165
921,42
4066,8
1178,207
2062,62
3018,875
4977,239
3012,487
3013,48
224,539
3011,32
3016,189
3017,1761
3014,3
519,222
518,18
4972,37
1009,124
1007,73
1006,283
1005,272
2148,627
1003,106
1002,42
517,671
516,107
623,59
1226,11
621,10
620,51
627,987
1997,22
625,643
624,204
629,144
628,398
1229,18
1228,14
5663,207
5662,203
5660,2
5667,57
5666,1
5665,217
4348,239
5669,892
5668,1620
4343,313
4342,17
4340,16
2882,34
2883,17
2880,317
2886,102
2887,70
2884,10
2885,1520
2889,44
2,58
4257,4
3878,27
3879,255
3870,270
3871,491
3872,45
3873,396
3874,77
3875,431
3876,923
3877,534
1286,20
5434,1
4677,2
4358,93
3276,2
13,102
12,2
15,149
14,554
17,42
5718,57
5717,53
5716,80
5715,3006
5714,582
5713,1503
1922,849
5711,119
5710,44
3275,10
1924,338
3273,201
3904,56
3905,1
3906,1871
3907,246
3900,799
3901,79
3602,5
3027,41
3908,55
3909,5
4761,136
4760,224
3600,72
4765,192
4769,1413
4768,650
5372,7
4167,24
4165,576
1105,48
4162,2
4160,61
4168,17
5809,1278
5808,86
5803,56
5802,19
5801,233
5800,1169
5807,8
5806,86
5804,1423
201,139
200,692
202,101
205,149
204,285
207,603
206,28
209,1564
208,530
2745,41
830,25
1573,24
831,77
1572,27
4320,267
836,17
687,1021
3471,19
2239,919
2238,30
686,181
834,25
2231,31
2230,215
2233,150
3473,409
2234,20
2237,73
2236,48
5937,993
3575,58
5933,20
1575,28
5931,92
5930,372
1574,37
1711,199
5092,102
5939,44
5938,851
1631,29
5093,189
4608,4
3498,210
3499,101
3496,664
3497,274
3494,163
3495,629
3492,201
3493,59
3490,30
3491,425
4570,21
2094,734
4572,100
4573,130
2091,120
2090,617
2093,246
2092,476
4578,1263
3655,352
3656,6
3572,92
3650,906
2098,348
3652,700
3653,191
2525,445
2524,517
2527,50
2526,1028
2521,152
2520,953
2523,61
2522,8
2529,7
2528,467
4494,34
2791,25
1201,14
2663,170
5065,127
5064,186
5067,601
5066,859
2709,107
2708,772
5063,7
4880,591
2704,585
2707,310
4883,669
5069,48
5068,83
2703,333
2702,465
4090,19
4408,223
2951,5
1825,332
1824,103
1827,186
1826,318
4400,971
4401,568
1823,169
4403,207
928,32
929,366
2413,231
2412,73
4978,123
2414,610
2417,1659
2416,2062
4974,186
2418,1976
923,264
4970,1461
4971,772
2149,811
4973,414
5393,180
5392,21
5391,697
5390,382
5397,14
5395,185
4155,109
5399,61
5398,194
4326,21
1920,1
4224,8
3274,671
1923,361
3272,55
1925,1438
1926,924
1927,896
1928,1417
1929,218
3278,376
3279,207
3474,1761
3475,61
3476,52
3477,180
3470,196
837,216
3472,321
835,175
838,127
839,196
3478,94
3479,96
4821,20
4221,57
1365,9
3,56
2359,57
5586,16
2175,36
3319,561
3318,1185
2594,6
5488,7
3311,271
20,78
5485,404
3312,133
3315,1507
3314,923
3317,217
3316,52
784,859
786,242
787,39
5249,16
5248,102
1728,1028
783,1109
5245,2440
5244,676
5247,411
23,55
1722,21
5243,335
1721,393
924,20
2361,14
4382,37
4159,10
468,1
153,97
4386,273
3005,116
5487,854
62,239
63,64
3001,448
3000,405
66,423
3002,2365
68,552
69,108
3009,459
3313,119
3337,83
1371,749
1588,4
5484,64
406,40
1582,47
1583,1010
1580,111
1581,35
1586,212
1587,3
1584,24
5482,29
2433,8
1038,283
1039,1097
508,564
1032,87
1033,76
1030,94
1031,215
1036,1112
1037,1062
1034,168
501,45
1212,684
631,476
1210,58
633,79
1216,18
1217,43
636,1247
637,1633
638,1257
639,105
1848,1
1219,435
4378,1993
4379,1208
5658,293
5656,51
5657,3
4370,55
5655,160
5652,911
5653,493
5650,362
5651,49
465,99
4831,36
2899,241
782,340
2895,24
2894,676
2897,585
2896,17
2891,49
2890,11
2893,239
2892,1142
1106,84
1726,129
1456,993
1457,25
1102,302
1103,65
1452,17
1453,227
1898,31
5994,1
1458,667
1448,144
4830,113
4080,15
4081,1
3869,1018
5246,39
4084,24
3739,3
4087,2
3863,149
3862,1
3861,291
3860,714
3867,797
2057,15
800,2
1357,33
1894,4
1720,19
1895,778
3148,7
1896,34
323,90
5728,83
5729,82
5720,109
5727,298
3732,244
4466,12
3731,3
3149,11
4832,31
4903,22
3917,46
4923,588
3915,71
3914,1
3912,191
3911,2
3910,1236
5631,5
2134,438
3919,4
3918,77
4920,104
4798,16
4799,288
4797,21
4791,5
4792,280
4694,812
4152,308
5837,147
4150,812
5835,839
4156,263
4925,108
5830,816
5831,2318
982,39
4924,349
5839,373
5459,2
5942,109
2754,44
215,230
210,52
1530,270
3286,311
920,38
957,89
6088,185
6089,74
6086,87
6084,391
6082,338
6083,35
6080,223
6081,50
980,28
5902,6
5903,16
5900,12
939,72
5906,17
4,179
5904,48
5905,444
5909,73
3489,51
3488,580
4368,1
2509,1
3481,13
3480,507
3284,86
3482,4
3485,200
3484,126
3487,11
3486,624
938,11
4567,242
4566,90
4565,229
4564,385
3647,212
3646,55
4569,337
3643,115
3642,2
3641,3
3640,1436
2550,308
60,242
2552,324
2553,69
2554,40
2555,21
2556,565
61,56
3283,12
2559,26
2795,79
2396,2574
2397,305
2394,78
2395,930
2392,119
2393,52
2391,81
3022,4
1402,45
6041,11
5206,61
1076,2
2398,21
2399,71
5010,4
5011,45
5012,117
4898,48
5014,1
5015,73
3282,8
5017,13
2770,572
5019,7
4891,146
67,198
4896,15
4895,241
4894,31
2601,3
3307,4
4901,146
4269,34
1858,868
1859,420
3281,9
4418,44
1850,280
1851,186
4415,132
4414,53
1854,866
4412,23
1856,458
1857,1189
6064,30
5168,17
2170,42
2171,743
6060,477
918,80
4969,492
5169,320
4967,31
914,110
2178,46
2179,543
1355,1
913,155
4960,16
1421,433
2606,187
2607,2
2950,10
5694,102
2602,1
5433,14
2608,5
5430,295
152,18
1933,548
1932,707
1931,807
1589,1081
1937,26
1936,70
3267,176
1934,2225
5124,116
1425,18
1939,886
2728,7
5120,29
5121,129
5122,138
1424,166
3467,922
845,689
3464,134
3463,704
842,813
841,1116
840,1350
3379,139
1426,8
2975,3
849,12
848,14
1632,24
1429,19
241,66
4852,11
4331,2
5439,12
6046,35
2407,23
1585,22
1192,61
1739,268
1738,143
1731,45
5231,470
5232,149
5233,471
1735,226
1734,394
5236,167
1736,929
732,5
5454,14
753,910
752,172
750,218
757,172
756,4
755,25
754,1163
759,2
758,41
3780,13
3070,2443
3071,286
1597,61
3781,52
2958,140
3075,61
3076,16
3077,176
2954,36
2955,44
2956,498
2957,1
1599,35
1598,321
3787,13
5344,28
1450,47
1027,733
1026,1068
1021,126
1020,54
1023,331
5343,66
502,41
1800,823
1029,1073
1028,1239
503,80
2054,153
4045,36
605,55
604,19
607,151
606,69
4361,90
600,30
603,44
1213,570
1205,120
1204,557
1207,736
1206,537
609,267
1200,882
5649,486
5648,22
1358,141
5640,946
5643,12
5645,31
5644,55
5647,24
5646,2
3696,37
3109,47
3105,2
3106,14
3107,397
3100,1186
3101,1301
3102,26
3103,24
1111,345
1561,351
1445,234
1112,89
5,1324
1442,346
1117,8
464,68
4589,24
4279,121
1449,34
4588,261
4093,1430
4092,70
466,98
2759,8
4096,798
4094,680
2401,224
4099,48
2005,552
4826,58
5735,303
5737,177
5731,2
5730,110
622,4
3704,40
484,243
5739,981
2008,149
480,27
5555,41
4586,6
4581,48
790,2
6103,42
2301,376
4583,2
4724,46
1061,41
4850,1573
2303,7
3922,15
3923,7
3920,355
4726,417
3926,46
4721,1
3928,31
3929,269
4720,3
4789,5
4788,214
4787,39
4786,401
4785,324
4784,30
4783,38
5654,220
4781,7
4780,34
5821,243
5820,17
5823,228
5822,324
4149,28
5824,117
5827,319
5826,218
5829,205
4144,145
4143,36
4377,100
3856,42
3854,167
3855,86
3852,367
3853,70
3971,42
3851,1474
4375,19
3858,1676
3859,858
3003,6
6099,984
6098,50
1062,22
6093,87
6095,193
6097,228
2898,19
4823,376
6048,161
16,43
5919,3
5918,5
5914,24
5917,13
5916,27
5910,22
5913,8
5912,7
456,159
198,45
2465,13
3664,137
195,116
194,5
197,216
3234,108
193,52
192,2
19,1
3678,8
3679,5
3672,95
4557,338
3670,2390
3671,1191
3676,1037
3677,880
3674,386
457,409
2542,19
2541,63
2540,354
2547,544
2546,30
2545,10
2544,581
2549,385
2548,351
1104,45
2381,4
2380,9
2382,20
2385,90
2387,342
2386,221
2389,36
2388,26
1451,32
3580,22
3581,99
5001,113
5000,112
3584,472
3585,314
3586,189
3587,20
2763,18
3589,49
2761,25
421,62
2767,17
2766,92
2765,144
2285,78
999,1
870,56
3290,15
3552,111
902,55
245,688
900,11
901,47
2195,46
907,2
904,16
905,10
1843,58
1842,308
4420,439
1840,1524
1847,324
4427,328
1845,65
1844,468
6076,151
4958,99
6074,24
6073,115
2168,376
6071,72
3251,85
4952,4
4953,2414
4950,74
4951,10
2161,96
2160,462
2163,2
4625,562
2617,23
2616,462
2615,18
2614,780
2613,242
2612,297
2611,15
2610,207
3254,91
4627,33
4082,671
2618,169
4083,1
3256,141
5139,3538
5138,155
1906,58
3295,392
5135,4787
1905,91
5133,40
5132,362
1900,530
3293,1509
3452,9
855,270
3450,16
3451,164
3456,174
3457,564
852,23
3455,189
372,27
3458,6
3459,52
858,3329
859,70
4544,1
1186,260
4619,20
6,938
3402,31
4571,8
5229,22
5228,135
5223,83
5222,48
1077,6
5220,10
5226,2
5225,39
2576,9
2609,82
469,122
742,775
743,1441
744,266
745,1223
746,270
747,236
748,52
749,176
3060,93
926,8
2949,134
2948,844
2947,164
2946,334
2945,656
2944,15
2943,38
2942,25
2941,1152
2940,525
5357,223
5356,831
1052,1142
1053,405
5353,455
1055,121
5351,1465
5234,119
1058,47
1059,65
2225,42
5359,58
5358,3
1696,46
1793,302
1694,175
1695,74
1692,21
2919,11
715,142
1278,144
1279,36
618,11
4313,1320
5289,3
5235,36
4316,7
4317,221
4318,38
613,50
610,173
611,1327
616,24
617,368
614,144
615,685
4157,68
3008,13
711,32
1794,348
3333,277
4374,2
3119,207
3118,449
3117,925
3116,53
3115,295
3114,526
3113,33
3112,26
3110,46
1472,278
1473,291
1470,435
3330,577
1476,5
1474,41
2597,6
1494,14
1478,268
1479,19
1495,17
1304,1
1305,20
1306,226
1181,10
1300,581
1301,653
1302,248
1303,3840
1497,146
1308,22
1309,17
5740,339
5741,447
5743,106
498,170
4229,1453
5746,3
5468,82
494,332
495,319
4226,1
497,368
490,88
491,19
492,67
493,897
24,190
5587,25
26,932
5585,3
5582,312
21,126
22,3
5581,159
927,25
28,432
29,21
5588,1
5589,226
3187,60
5037,203
3599,9
5833,11
1069,576
4467,7
3938,283
3935,85
3934,56
3937,396
3936,172
3931,2090
3930,305
3932,350
3265,70
5031,216
1705,7
4138,86
4139,442
5261,643
4434,3
4131,312
4132,86
4133,326
4134,6
4135,84
5692,57
3840,335
3264,1
5691,646
5696,134
3844,84
3847,74
3846,159
3849,278
3848,48
5698,143
5699,1110
1063,23
4430,438
1600,210
5374,35
3916,52
3649,3
1067,62
4615,11
1066,4
4044,275
4922,16
4046,564
4047,269
4040,53
4042,20
4582,4
4315,21
4048,90
4049,23
5968,447
7,5
5961,859
5963,105
5964,64
5965,55
5966,88
5967,67
3665,1399
4945,163
3667,55
3666,179
3661,2845
3699,31
2280,124
2281,77
2282,525
2283,53
3669,127
3668,486
4549,87
4548,71
4946,26
973,114
4545,6
1468,809
4546,96
420,12
2578,318
2579,29
1048,58
2577,176
2574,188
2056,146
2572,31
2573,301
2571,164
3690,4
2379,13
4461,429
4535,2
2374,105
2375,1
601,17
2377,13
1073,48
2372,882
2373,1594
3593,232
2595,445
2596,1573
4825,16
2590,10
2591,4520
2592,1269
5039,521
5036,566
4822,232
5034,701
5035,450
5032,1464
5033,160
5030,853
3695,1323
1876,145
1877,126
1874,541
1875,101
4431,65
4820,481
1870,303
1871,153
1083,3
3697,138
4438,31
1878,57
594,52
977,26
4944,813
4947,74
974,639
4941,299
4940,215
971,558
4942,112
1080,112
4949,62
4948,118
761,182
978,4
182,383
183,809
180,52
181,215
186,59
6047,20
6044,31
6045,327
2111,210
2112,1241
2113,144
2114,780
2115,357
2116,989
2117,222
2622,1
2623,46
2620,12
2621,79
2626,559
2627,90
2624,82
2625,286
2628,67
2629,89
1919,4
5108,4781
4151,317
3289,35
3288,28
1911,344
5103,535
5100,2169
5101,1287
5106,385
5107,82
5104,601
5105,1035
869,97
868,151
189,11
3449,77
3448,51
3445,1041
3444,330
3447,3
862,200
865,61
3440,586
867,456
3442,2061
2024,635
2757,404
2026,15
2755,109
2020,492
2753,6
2022,456
2023,158
2828,38
4158,18
2758,206
2829,112
883,113
882,328
881,53
880,225
887,4
884,510
888,9
1340,1
5216,47
5217,45
5214,6
5215,1427
5212,8
5210,63
5211,145
832,29
1503,33
5218,195
5219,419
2147,13
356,6
3468,3
4154,248
5549,305
3988,1097
4800,17
3613,47
3386,992
777,18
4332,6
771,73
773,1
3387,31
779,13
778,31
419,8
77,3
75,1386
74,282
73,582
72,75
71,150
70,79
3056,131
2973,110
3054,259
3055,108
2976,1
3053,72
79,1079
5411,34
5362,231
5363,441
5360,399
1040,1149
1047,38
1046,99
1045,288
5365,71
4597,26
5368,1008
5413,1110
1681,85
1680,609
1683,1
1684,1
2982,26
1689,2
1688,145
4928,14
4303,1359
4302,538
1269,43
2980,445
4307,14
4306,26
669,1829
668,1146
608,1324
666,26
1261,165
664,441
663,590
1266,2
1265,789
660,21
3287,104
2760,4
1910,33
2984,53
3285,71
3725,23
3129,9
4595,24
3122,5
3123,325
3120,169
3121,45
3124,832
3125,562
5029,1491
1917,3
1465,11
8,2955
1467,261
3280,1083
1461,43
1460,11
1463,15
1462,3
1317,225
1316,1407
1314,557
1313,102
1310,2
4529,3
1319,21
1318,471
5791,2
1505,32
5751,142
5750,116
5757,33
218,5
4239,27
5754,80
4237,370
4236,31
4235,604
4234,27
4233,273
4232,1293
4231,60
4230,9
5591,547
5590,2409
5593,167
5595,472
5594,957
349,7
5596,14
5599,23
5598,20
861,264
4454,94
860,32
5198,30
3948,426
3949,567
319,886
318,241
3403,12
3940,522
312,294
311,539
310,73
3944,384
316,6
3946,36
3947,34
4606,153
3299,15
3443,21
2756,33
4129,1185
1531,39
5342,1
4123,255
4122,476
4121,1
4120,926
4127,253
4126,35
4125,367
443,43
2027,11
5688,5
2752,4
5681,45
441,127
3658,14
2021,2
4707,35
440,285
2750,12
2322,99
2751,125
4604,6
2321,381
4218,5
2320,166
2696,5
2327,94
4702,666
4057,1148
4056,95
4055,314
4054,260
4053,493
4052,778
4051,150
4605,3
4700,2
2908,16
4059,879
4058,515
630,70
4930,31
5978,468
5674,251
5971,3
5970,34
5977,1276
5975,15
5974,80
3610,129
3611,73
2299,595
2298,18
3614,6
3615,87
3616,275
3618,43
2292,7
2297,371
2295,24
2294,362
5678,87
4355,152
3406,6
2787,35
2569,920
2568,6
4357,23
2561,217
2560,1567
2563,698
2562,90
2565,124
2564,27
2567,27
2566,902
1354,2
5901,68
4363,18
2368,1594
2366,196
5776,22
2362,3697
1244,112
2360,160
2587,430
5028,289
2585,1
2584,9
2583,154
2582,120
2580,2
5021,322
5020,16
5023,2
5022,31
5025,2
5024,19
2589,2276
5026,454
1861,419
1860,59
1863,34
1862,196
4444,214
1864,31
1867,92
4447,602
4448,300
5405,118
3726,605
3727,24
4490,429
3722,8
964,524
4687,22
4684,263
4933,33
4934,391
4935,1286
4680,455
4681,542
4938,206
4939,407
5597,5
5578,20
968,47
4688,163
4689,9
2109,115
2108,581
6059,1420
6058,35
5576,9
2102,10
6057,20
6056,288
6051,302
6050,3474
6053,217
2104,131
5115,128
5114,504
5117,13
5574,132
2639,79
2638,125
5113,32
5112,101
2635,8
2634,745
2637,49
2636,202
2631,123
2630,462
2633,72
2632,200
4672,226
5256,292
5403,15
34,8
3765,2
3438,15
641,88
2705,13
4936,84
1240,543
876,31
877,15
874,199
3433,37
872,106
1243,277
3436,124
3437,94
2741,412
2036,1809
2035,4150
2034,1642
4848,1974
2744,194
2031,5
2746,570
4844,570
2748,57
4846,1244
4847,3
4840,268
4841,2
2039,750
2038,624
890,8
1431,361
893,148
894,200
895,1854
896,1178
897,2102
898,33
899,391
646,406
3651,359
5254,121
5201,135
5401,265
5203,13
5202,40
5205,11
5207,25
1248,129
5209,2
3236,649
5193,147
3237,7
3544,211
3545,16
3547,392
3540,395
3541,88
3543,98
4369,232
1619,82
3548,44
3549,126
5195,67
5194,98
5197,75
1788,14
1789,70
5196,9
2960,26
2962,184
1780,76
1612,164
1782,942
640,372
1784,308
2968,789
1786,499
5190,80
3049,205
3048,17
1962,106
3041,28
3040,175
3043,91
1963,655
3045,182
3645,1101
3046,258
5379,1257
1078,172
1079,474
5375,26
643,1536
5377,662
1075,71
1072,556
5370,343
1070,122
1071,66
1678,691
1679,138
3804,19
1675,617
1676,376
5394,3
1094,239
1096,107
1097,63
678,372
1091,207
1092,1440
1093,126
674,246
675,15
4334,470
4335,458
670,1306
671,458
672,266
673,892
3135,251
3134,1747
3137,274
3136,418
3131,279
3130,312
3133,209
1916,6
3139,288
1534,891
3648,1
1533,154
933,50
1915,48
2557,4
5183,216
1418,106
1419,54
1410,513
1411,35
1412,110
1413,85
1414,19
1415,9
1416,12
1417,136
1322,46
1323,491
1320,90
1532,705
1327,63
1914,5
774,8
2495,51
1328,408
856,10
2494,3
5134,1
4209,113
4644,8
5768,342
5769,339
4202,16
5767,1
5764,824
4645,875
5762,51
5763,234
1024,29
647,255
5568,4
5569,9
4445,15
5564,219
5565,87
5566,825
5567,140
5560,308
5561,129
5562,1
5563,463
1524,26
1525,196
1526,13
1527,920
1252,12
1253,52
1250,751
1251,477
1528,650
1529,890
1258,335
1259,69
309,448
3959,87
3958,14
300,99
3952,150
3951,333
303,198
304,4
305,71
306,145
307,9
4116,3109
4117,3291
4114,12
4115,3287
3417,190
4113,300
4110,45
4111,741
5708,2
4118,308
4119,315
3355,5
2858,1
2978,202
5143,2865
3340,27
2477,641
2077,7
5184,10
2779,2
1484,1256
4899,150
3815,133
5013,10
3057,1
2970,1
4449,833
3700,1524
4062,45
5947,288
4060,770
4061,426
1966,800
5943,2254
5940,16
5941,477
4069,311
3898,2
5948,297
5949,167
657,161
5785,469
5786,10
5787,40
3050,6
5782,252
2771,14
78,29
5788,118
2772,44
5856,15
3603,9
1043,1295
3601,45
2773,488
3607,4
3606,904
3604,2
3609,999
3608,325
1041,6
2106,339
5361,22
5157,305
5366,1
2478,15
4435,1
5367,129
1897,38
3032,1078
6118,312
5364,253
6114,399
6115,966
6116,473
6110,123
6111,326
6112,35
6113,324
2358,1300
2783,46
2352,56
2353,764
2350,257
2351,44
2356,885
458,323
2355,4
5369,34
2991,9
4453,162
5491,19
4451,79
4450,24
4457,251
1899,184
4455,187
3738,49
3737,30
3736,1153
3735,116
3734,513
1890,40
1891,79
1892,22
3730,396
2136,410
958,60
4921,501
2135,98
4695,511
4926,583
2130,1142
2131,274
953,46
952,235
955,328
954,124
2138,332
956,808
3203,184
6020,90
6021,41
477,6
6025,20
6026,19
6027,22
2648,813
5161,38
5163,502
5164,1156
5165,40
2784,800
2640,110
2641,113
2642,92
2643,170
2645,44
2646,77
2647,2599
4803,565
2781,7
2749,4
4527,2
4776,6
3429,27
3428,199
5417,342
3422,141
3421,20
2137,19
3427,1453
3425,184
3424,28
2002,1
2003,15
2000,263
2001,356
2006,4
2007,19
4859,601
4416,56
4857,641
4584,30
4587,693
4854,140
4853,500
1852,247
4851,215
2995,918
1853,19
2118,337
4413,22
4301,1
2852,2
4300,73
4411,240
2100,4
1147,4
3686,14
3556,6
3555,25
3554,40
3553,16
4305,132
3551,3
3550,410
2491,21
4304,58
6066,32
3558,16
667,53
6067,155
919,15
64,1
504,1
4309,5
2177,6
1909,5
2911,164
2912,722
2913,845
2914,1234
6062,1197
719,570
718,4
717,621
1792,1600
1791,38
4968,850
713,31
1796,105
1795,319
710,20
915,27
661,52
716,75
4966,603
4079,54
4965,31
5954,5
5308,765
1068,6
4964,83
5300,23
5301,73
5302,252
5303,47
1065,16
1064,330
5306,32
5307,328
4526,34
1669,4
1668,3
1907,18
1662,237
1661,88
1660,1096
1087,56
590,5
1085,224
592,12
595,432
1082,140
596,2227
599,1403
598,276
3966,17
4324,68
1088,121
3140,3353
3141,11
3142,151
3143,1524
3144,329
3145,48
3146,70
3147,47
2824,378
2825,3
2826,20
2820,12
2821,60
2822,13
2823,714
5414,797
5415,308
3385,459
3382,548
3383,36
5412,50
3381,343
2032,45
2603,11
5418,63
5795,4
3388,247
3389,2087
1409,77
1408,80
2830,33
5410,1
1403,192
3962,25
1401,357
1400,1561
1407,7
1406,379
1630,145
1025,6
449,871
448,134
1339,160
1338,233
1491,79
1335,45
1337,213
1336,242
2543,59
1330,19
445,821
444,46
5779,1118
5778,1
4623,1
1432,11
4436,26
696,468
5773,69
5772,49
5775,55
5774,284
5777,2
1543,97
3261,3
39,39
1540,45
1057,23
3260,180
33,5
32,977
31,16
30,223
37,592
5572,617
5571,42
5570,24
1241,341
3093,1052
3090,498
1242,436
645,841
3968,621
1247,1579
1246,1426
649,32
648,409
3098,112
3099,22
5346,419
1539,99
1538,58
1493,38
699,2
339,49
338,982
4391,248
335,760
334,448
337,290
336,637
331,471
330,818
333,405
332,2178
4101,7567
4100,508
4102,258
4105,65
4107,2698
4106,905
3204,51
5347,799
5771,19
5784,135
3967,61
1938,6
1901,29
4433,15
3899,2824
4907,1
1634,76
3892,333
3893,220
3890,206
3891,3
3896,1
3894,979
3895,779
847,84
3465,3
844,51
1635,9
1464,23
843,28
1496,7
2119,45
3462,803
5950,11
5952,100
5955,83
3461,499
5957,7
5956,46
5959,2
5958,18
3460,35
4071,279
4073,41
4072,2
5797,6
2064,111
3964,66
1636,792
5793,1038
5792,23
3960,139
3961,406
3200,4
5081,12
5799,128
3969,136
3435,2
3639,243
3636,29
3637,63
3634,1830
3635,85
3632,28
3630,2990
3631,1196
1022,706
5798,34
4610,145
5084,156
1351,260
236,94
2345,31
2344,11
2347,136
237,507
2341,27
2340,515
6109,831
2342,288
6107,98
6106,232
6105,2378
2349,77
5907,39
6101,439
6100,582
4504,14
1499,94
1350,9
4616,1
3708,10
2346,429
4468,919
4469,344
3702,81
1886,56
1885,150
3701,420
4462,60
4463,80
4460,275
3705,54
1595,4
2120,368
2123,322
2122,14
2125,13
2124,935
4918,191
949,197
2129,1074
947,26
944,182
945,173
4912,166
4913,750
4910,1443
4911,526
6039,258
6038,51
2348,4
6032,24
6031,77
6030,28
6037,109
6036,131
1594,16
6034,36
5173,259
5172,414
5171,639
2658,648
5177,36
5176,118
5175,434
2653,3
2652,1069
2651,76
5178,717
2657,579
2656,124
3039,21
133,62
132,1231
3414,1281
130,540
137,20
3413,558
135,31
134,906
4371,5
3418,144
4864,17
5348,45
4868,917
2019,407
2018,145
1930,986
2015,59
2017,372
2016,79
4867,32
2013,17
4865,538
5125,23
5349,2
5923,306
3965,28
5277,6
1591,46
2488,16
3562,24
3563,72
3561,8
3566,326
3567,831
3564,583
3565,373
3568,100
3569,52
511,12
4484,26
4485,98
4480,16
4482,701
4483,101
1374,6
4489,1062
2903,66
2902,63
2900,112
708,45
2906,4
2904,423
704,168
705,15
510,14
700,24
701,12
703,116
88,42
89,19
1593,5
1263,22
82,143
80,911
81,1035
84,220
85,6
5319,16
5313,667
5312,104
5310,1643
5317,4
5316,4
5315,3
5314,130
1659,112
2487,34
1652,11
410,1
1656,9
1657,10
1654,63
1655,3
586,329
587,191
585,197
4890,13
411,2
580,5
1987,50
5273,13
3216,195
588,4
3153,1
3151,169
1633,520
3157,7
3156,117
1385,1
2837,3
1982,318
3159,49
2834,7
2832,2
988,6
3211,540
1436,2363
5406,110
3393,357
5404,225
3395,125
1433,145
3397,970
5400,486
3398,749
1981,182
4333,14
5409,97
1439,106
1260,144
5230,290
3709,52
1730,42
1349,222
1348,374
459,37
4262,243
4263,409
4264,40
1889,9
4266,680
4267,210
450,3235
451,3374
452,3473
1888,41
1344,374
455,417
1267,903
2482,766
185,47
1737,201
1459,34
564,4
5237,44
4464,547
766,8
2157,36
5548,576
4465,228
3263,72
5543,474
5540,100
5541,72
5546,79
3707,426
1502,14
313,93
1500,41
1501,7
652,139
1507,414
1504,199
3941,94
3085,180
3084,231
3087,2015
3086,174
3081,38
3942,40
3083,157
3082,188
2121,24
3943,141
833,1
5890,164
5891,117
5892,32
5893,114
5894,104
315,62
5896,130
5897,36
5898,57
5899,10
3828,125
3439,143
1992,393
3884,126
3887,9
3886,52
3881,4
2127,38
3882,68
2481,17
4919,13
4916,324
2484,2
3963,1
4914,126
1884,1
4650,318
4963,5
4915,9
942,502
943,740
940,12
4900,22
941,1175
1883,12
4008,99
4009,32
4860,987
4005,195
4006,173
322,296
3970,1178
3973,45
3972,858
3975,530
327,46
324,1330
3976,68
3979,1
3978,1
328,12
329,594
1904,1
3629,1015
3628,230
3621,1
948,5
3623,22
3622,594
3625,226
3627,8
3626,7
4128,4
4714,1623
2331,708
4710,71
4711,130
4712,48
4713,480
2338,831
6133,47
6130,3
4718,552
4719,48
6134,2
6135,64
3073,15
5765,11
1880,4
3250,6
3074,27
2010,8
2870,133
2959,1
3715,128
3714,27
3711,111
946,68
3712,1
1592,5
3719,71
4479,1153
4478,1184
5170,22
1569,13
3079,19
4471,575
4470,922
4473,205
4472,69
4475,71
4474,82
4476,36
4909,8
6007,8
6004,21
5474,31
4679,135
6001,1164
2486,121
4676,143
4675,37
2485,1118
4905,47
2483,14
4671,156
4906,73
2248,4
2249,1212
2244,30
2245,10
2246,41
52,88
2240,9
2241,43
2242,24
2243,300
2464,106
994,3610
997,940
2467,170
2460,4
2461,242
2462,163
2463,510
5146,130
5147,11
5144,388
5145,4
5142,198
2469,90
5140,843
5141,683
120,404
3400,142
122,11
123,72
3405,92
3404,238
3407,703
5684,15
3409,888
3408,315
2654,2
3258,2
5341,2
3416,61
4871,13
1295,207
3501,88
1921,1
5018,89
3378,243
131,254
3377,1374
2798,234
3415,1
5683,8
1187,1619
4031,83
2061,94
2790,6
2063,135
2796,107
1184,22
2067,7
3373,307
3411,61
2369,37
3372,44
3371,192
3370,5
139,1
5098,834
5099,1567
5071,272
3579,170
3578,2235
5455,2
727,69
5090,56
5091,108
3577,99
3576,371
5094,42
5095,2
5096,84
5097,90
4497,10
4496,4
4495,38
2665,155
2662,349
4492,108
2660,54
2661,272
722,451
4499,21
4498,12
2938,289
2939,100
2936,1452
2937,359
4855,24
2932,98
2930,291
2931,224
5326,276
5327,5
5325,42
5322,184
5320,1
5321,216
1836,625
231,1
5328,1103
5329,211
1645,59
1647,187
1646,34
1641,19
1640,132
1643,4
1642,429
1835,53
1649,924
2598,4
728,2
772,42
384,3
729,54
5251,103
3797,19
1535,1078
1732,5
3796,505
1270,2
4364,23
570,40
4367,161
574,5
2808,257
4366,304
4956,105
3168,1
3169,838
3166,5
2803,45
2801,1
2806,168
4360,51
5432,41
2406,204
1423,404
1422,805
3368,311
3369,59
1427,7
5435,316
3364,64
1428,854
5438,17
3367,15
2156,37
3362,173
730,29
733,4
2405,114
735,4366
734,1
737,22
2402,86
3390,20
1084,32
2151,459
4273,198
4272,1822
4271,442
4270,272
4277,465
4276,77
4275,39
4274,60
1353,541
1352,888
467,2326
4986,396
461,486
463,304
462,195
4660,99
5554,1169
5556,198
5553,874
5552,161
5559,130
5558,1841
936,4
1518,84
1515,296
1514,3
1516,31
1511,315
1510,68
1513,3
1512,22
959,1
4225,112
5755,68
4886,35
5883,893
5882,68
5880,117
5887,618
5886,350
5885,469
5884,9
2004,43
5889,183
5888,24
1390,4
1798,22
5770,3
3184,8
3185,4
3186,28
3394,92
3180,1538
3181,97
3182,283
4858,10
3188,267
4227,355
582,2
1277,199
5972,18
6078,3
4018,19
4661,771
4013,5
4012,724
4011,696
4010,485
4017,47
4016,273
4014,308
357,66
4904,9
355,358
353,570
3989,428
788,4
3984,106
3985,45
3986,412
3981,66
3982,40
3983,22
1952,82
3612,136
5796,7
6125,244
6124,401
6127,799
6126,691
6121,75
6120,11
6123,2
6122,195
5119,89
2323,40
4706,883
4705,791
4704,2334
4703,1684
2326,99
2325,135
2324,260
5257,92
2329,87
1113,145
4709,546
4708,30
289,749
288,47
5932,30
1444,15
4426,201
3619,1
281,32
280,153
283,129
282,60
285,39
284,65
287,106
286,136
3760,56
3761,43
3763,68
3764,14
1441,2
3766,238
3767,61
3768,71
3769,73
1440,273
263,56
262,172
267,106
266,69
265,95
264,172
269,1611
268,247
6011,124
6013,85
1291,12
6015,214
6108,2
1215,9
6016,428
6019,1045
2490,1000
2493,1
2492,958
4646,82
2192,1
2497,1223
2496,396
4424,37
259,248
1294,938
2259,104
2258,125
2257,319
2256,303
2255,44
2254,10
2253,124
2252,6
2251,19
2250,106
5159,235
5158,5
2475,543
2474,95
2473,5
2472,3
2470,257
5151,106
5150,135
5153,362
5152,212
5155,1381
5154,64
2479,1974
985,406
5179,3
2198,671
1790,2
5376,1
111,288
110,283
113,56
112,300
4097,2
119,128
118,98
3432,28
2785,1147
4801,697
4802,313
2786,1104
4804,172
4805,610
4806,605
4807,5
3269,47
4809,2
2788,6
1797,48
2079,1884
2078,5207
2073,799
2072,13
2071,3
4108,2
2075,70
2074,420
2777,21
4098,3
2201,92
2174,1108
3508,21
3509,8
5089,80
3500,14
5082,36
3502,149
3503,44
3504,96
3505,73
3506,53
3507,128
2060,161
2675,24
2674,71
2677,28
2676,129
2678,45
3220,69
2929,1776
2928,892
2921,480
2920,722
4259,58
2924,166
5330,14
5333,1428
5332,704
5337,15
5339,2
6102,90
1986,694
3215,2601
1984,1893
1985,953
3210,1476
1983,878
3212,185
1637,1304
483,77
3218,19
3219,2
1988,39
1989,44
3222,36
5345,44
2817,82
2816,724
2811,36
2810,14
2812,92
562,7
2819,10
2818,1386
567,84
3179,22
3178,1143
3171,58
3170,6
3173,425
3172,9
5131,596
3177,88
5086,13
2364,3
5429,387
5428,48
1188,33
1189,513
5425,27
5424,98
3375,241
3374,305
1182,29
1183,93
1180,361
5422,71
726,38
4390,40
724,47
725,127
1748,352
723,1172
720,40
721,287
1744,47
1745,17
1746,40
1747,125
1741,176
1742,56
1743,357
1164,8
1165,137
1166,115
4393,299
1160,272
4248,400
4249,108
4246,9
4247,844
4244,147
4245,566
4242,3
1169,2639
4240,39
4241,12
5520,43
5521,707
5523,391
5524,51
5525,160
5526,365
5527,880
5528,10
5529,23
4397,11
3304,45
472,434
3305,89
48,469
49,1977
46,704
47,1071
45,17
43,145
40,40
41,40
1568,1845
1380,1856
3194,588
3300,14
3198,3
3193,40
5493,37
1566,232
1567,342
1713,169
1360,160
796,577
100,5
591,59
2033,1
5250,2539
4739,1
1245,10
1710,99
5027,660
2551,428
3092,5
793,112
2599,8
2915,385
792,53
4398,24
4440,2
5639,1194
5634,108
5635,76
4392,51
5637,379
5630,195
4395,4
5632,37
5633,42
3197,95
1367,490
470,200
471,99
1362,389
3192,53
474,105
3190,11
1865,27
478,74
479,472
1719,16
3199,19
1369,195
