1718,24
4446,14
1866,16
5745,95
4418,14
4026,64
4027,631
4024,183
4025,1178
4022,7
4023,17
4449,753
3798,9
4436,13
4028,17
4029,123
3383,17
5988,61
5989,1004
5982,79
160,217
5981,27
5986,70
966,10
5984,270
3570,1
2781,4
340,60
341,4
342,74
343,63
3997,74
3996,435
3995,68
3994,22
348,152
349,12
3991,20
3990,21
964,282
3530,2
965,5
4416,68
4932,63
3573,44
4685,5
5373,31
3236,430
3381,192
4935,1022
4732,310
5970,15
4731,8
4736,1009
4680,214
2318,389
2319,1378
2316,2253
2317,88
4738,1054
2315,36
2312,53
1007,29
2311,24
4831,33
2184,50
5857,10
298,23
5853,834
3237,5
294,28
4977,192
292,213
4833,566
290,3
291,12
3773,113
3771,46
3770,12
5749,6
3776,188
3775,55
3774,67
2147,11
3778,6
3686,12
270,35
4654,414
272,719
273,20
274,381
4650,352
276,19
277,95
279,4
4659,5
4658,242
4413,42
3446,37
4782,11
642,229
2269,72
2262,68
2263,33
2260,305
2261,139
2266,88
2264,123
5789,1
2446,436
2447,8917
2444,164
2445,683
2448,182
2449,16
1136,24
108,487
5822,102
4830,138
2102,16
103,21
5486,88
106,35
107,525
104,3
105,69
2046,133
2047,31
4811,330
4810,99
4817,356
2043,2878
2040,980
2041,309
6051,362
4819,1222
4818,459
2048,86
2049,345
2105,32
6052,24
1783,7
5673,1
4031,36
5116,17
4843,51
5484,30
2836,3
2639,44
2835,3
2142,143
2360,89
3519,16
3518,17
2732,314
3513,58
3512,39
3511,1
5299,112
3517,10
3516,41
3515,5
3514,313
5483,19
5297,30
2684,470
2685,12
2686,13
2687,320
2680,259
2681,21
2682,193
2683,181
3441,27
3850,31
5406,52
5119,29
3998,49
5405,85
99,41
1435,8
4605,2
4937,1
91,19
90,43
94,423
1433,103
1623,399
1990,65
3205,53
1620,1440
1995,477
5187,470
1625,533
1624,1038
1999,51
3993,148
1629,385
5189,446
3208,1288
1293,5
3534,42
2861,10
2862,2
2863,93
2864,160
2865,26
2866,231
2867,13
2868,203
2993,5
551,34
550,596
553,44
552,2
5054,124
5409,38
3538,127
5408,95
5678,47
5458,158
3697,95
3348,601
3349,2021
1191,486
1190,721
5452,16
1192,50
1195,129
3347,60
3344,47
5457,57
5052,226
1758,34
1756,665
1755,160
5053,126
1753,504
1752,95
1751,223
1750,333
1177,31
1176,185
1175,349
1174,239
1173,564
1172,194
1171,1645
1170,2765
4251,387
4250,50
4253,1
4252,198
4255,1303
4254,71
1179,24
4256,134
5533,435
5532,159
5531,150
5530,112
5536,26
5535,48
5534,745
5539,139
5538,26
513,18
644,75
1285,285
1284,2
1287,662
1004,157
1281,51
1280,46
1282,966
515,2
3756,4
3430,1
1579,582
1578,2654
689,14
1001,49
3431,9
685,805
684,162
1571,339
1570,178
1577,37
1754,387
683,51
682,307
4260,1075
875,2
459,51
3434,3
1240,352
873,6
3345,48
870,35
3437,56
988,5
1888,44
626,4
4592,15
4389,3
5629,27
2740,21
4383,90
1243,185
4381,33
4380,476
4386,286
4385,6
4384,73
407,678
1370,427
1373,2
1372,20
402,5
400,108
1379,413
2745,60
1342,38
409,845
408,3451
3834,30
3835,257
3837,58
3830,31
3831,1255
3832,827
3833,116
1344,364
2030,2599
3839,788
1345,13
5995,381
4030,312
5996,56
4035,35
5990,72
5993,784
5992,1060
4038,94
1347,968
5999,7
5998,88
4737,36
1245,8
4735,8
3206,72
379,64
378,522
2408,3
373,15
372,12
374,12
377,607
376,75
2343,6
1244,32
5107,58
5664,763
2313,33
393,18
392,6
391,11
390,9
397,745
396,7716
395,247
394,440
398,1625
4345,1
5796,2
2309,708
2308,19
2195,23
4728,277
5855,6
2301,232
2300,624
4727,353
4726,238
2305,316
2304,14
4723,43
2306,100
5847,69
5845,318
5844,187
5842,22
5841,131
5840,77
3592,252
5849,131
5848,93
5852,2
109,81
3746,3
3747,194
299,8
3742,152
3743,257
3740,3
3741,134
4620,23
4621,121
247,748
246,457
4624,491
240,27
243,4
242,94
226,4
249,45
248,553
2275,677
2274,6
2277,3
2276,109
2271,526
2270,59
2273,119
2272,432
5858,3
2279,475
2278,923
293,25
4407,1
1846,50
2232,3
3454,1
125,22
2455,4
2454,869
646,258
2456,1469
2451,5
2453,45
4673,181
4980,371
176,115
175,285
174,35
173,204
172,568
2969,41
170,521
2051,11
2050,87
2053,2
1111,218
2055,45
1366,46
2057,2
4829,451
2059,92
4827,23
3692,97
3693,208
4530,153
3695,878
4820,203
4533,72
2156,14
3596,95
3089,4
3088,117
1879,23
1367,117
5495,1
1505,21
3526,5
2157,22
3525,20
3522,15
3523,17
3520,1
3521,3
4916,273
1508,104
3528,12
3541,95
1509,269
271,26
3081,19
5738,18
4657,59
225,44
3080,53
3225,18
4656,474
658,5
1976,1174
4651,409
2695,41
2694,32
2693,29
2692,9
2691,3
275,47
2405,41
1602,18
5497,3
4653,2
1605,27
4652,3
3220,41
1971,167
4557,232
5832,90
1970,969
3232,197
3233,28
5490,21
1968,218
1969,3253
3234,65
3235,81
1616,4177
1617,103
1614,464
1615,523
5191,1721
1613,210
1610,789
1963,471
4310,6
1363,34
2873,51
2872,725
2871,175
2870,61
2877,216
2876,152
2875,125
2874,33
2153,8
2879,1966
2878,502
4534,56
3354,112
3351,1136
3350,1364
3353,1
3352,1257
2371,2
5448,233
4989,12
5443,217
5442,12
5441,1
5440,35
5602,7
5446,149
5445,3
5444,169
1768,1123
1762,2
1763,16
1760,8
1761,6
1766,89
1767,302
1764,48
1765,49
1140,59
3325,4
1147,4
1789,30
2762,2
5505,1
5502,6
5500,11
1547,471
1544,61
691,71
1542,285
697,325
1540,59
1541,449
698,98
1727,38
1548,327
1549,999
546,25
547,2
1781,14
548,363
549,1
1864,13
760,212
761,188
1784,257
1785,315
1627,1
1787,5
5137,4
3880,147
2649,5
4531,130
5477,72
5612,3
5611,182
5474,19
5614,80
5615,4
415,443
416,4
417,77
1388,845
1389,45
412,2
18,64
1384,48
5472,3
1386,16
1387,26
418,19
1381,1875
1382,405
1383,646
3580,10
3825,192
4532,47
5002,7
2769,6
3829,116
3828,59
2768,66
3582,8
5007,32
5006,1
4282,627
4280,618
4281,73
4286,42
4284,19
781,1
5461,2
4288,81
5004,9
2403,6
2099,7
3044,58
368,28
3589,33
366,486
367,2
364,5
362,3
363,29
3214,11
5274,14
2760,9
5460,171
5275,303
2098,362
1777,1
380,298
382,163
383,36
384,2
385,5
387,67
388,480
389,336
2764,30
1770,2
4758,263
4759,219
5463,2
5272,5
4750,51
4751,18
4752,24
4753,113
4755,4
4757,6
5872,733
5873,246
5871,500
5876,202
5877,1386
5874,3
5875,3
2792,25
5878,11
3216,102
1074,1
3759,32
5462,54
1115,81
4664,17
3751,150
5278,6
3753,582
3755,30
3754,70
1073,37
2190,3
2191,17
258,1355
259,79
2194,70
4636,842
4635,11
2197,359
252,304
2199,20
250,251
4638,336
256,39
257,12
254,156
255,124
2200,478
2201,58
2202,1626
2203,299
2204,112
2205,327
2206,26
901,43
2809,93
2209,29
476,4
96,254
2429,1841
4812,326
2420,147
1446,10
2423,44
2424,21
2044,16
2426,358
2045,22
168,92
169,242
165,166
167,87
5467,28
161,206
162,17
163,5
4839,204
4838,22
3688,29
3583,13
4528,22
3683,121
4526,25
3681,58
3680,415
3687,88
4522,119
4521,360
4836,157
1343,18
1843,19
4762,63
2518,14
2519,79
1980,9
2514,10
2517,49
4420,274
2512,1
2513,34
2735,46
4421,6
2730,19
2731,624
5298,45
2733,1003
5296,209
1847,404
5294,7
5295,48
5293,82
5290,125
5291,108
3531,390
3213,233
3533,138
3532,553
5058,127
5059,630
3537,24
3536,24
3539,23
678,264
5056,202
5057,660
5050,115
5051,78
609,228
1158,181
1814,424
1815,23
1816,67
1810,120
4338,9
1812,3
1813,1970
4339,37
1818,463
1107,9
6074,17
5468,65
675,6
2169,166
676,854
677,15
670,679
1087,36
6070,13
1099,208
3042,12
4330,330
4663,53
3529,4
2167,29
1609,3
1608,428
4987,58
1979,9
1978,3
1601,136
3224,298
1975,307
1974,293
1973,4979
1972,634
3223,154
1606,469
809,31
808,18
2163,1
908,23
6078,1
807,154
1426,6
2846,1
2843,23
2840,1
2841,8
3321,21
3322,167
3323,745
3324,13
5473,21
5470,5
3327,2
3328,12
3329,664
4007,3
1775,435
1774,1153
5276,53
1776,123
5270,11
5271,178
1773,9
3970,1066
1779,29
3973,21
1352,404
321,104
608,1237
326,301
5516,13
1083,4
1159,93
324,710
2999,7
1157,331
3976,10
862,64
1150,405
2162,1
5519,206
5518,127
1178,51
5511,1
3038,15
3277,2
5801,180
5517,4
1554,233
1550,191
59,1485
58,204
3034,83
3035,36
57,315
3037,13
3030,151
50,182
3032,732
3033,597
2991,1
2992,7
3299,7
56,2248
1908,55
2994,2
1909,15
2995,1074
5605,250
5604,100
5607,12
5606,149
5601,63
5600,42
5603,60
5136,189
52,33
5609,94
5608,39
3724,7
3297,130
3290,1
3291,10
429,798
428,522
1900,329
1399,517
1398,111
1397,89
1396,27
423,101
422,142
425,6
424,4
1391,26
4693,126
3812,21
3813,58
3816,32
3815,61
3818,85
3819,473
4957,5
1420,14
857,4
850,45
4692,16
851,2
4299,14
4298,4
917,1
4294,103
4297,8
853,21
4291,19
4290,51
5976,29
4292,19
1503,43
4691,180
3510,8
5341,11
2588,1
2298,2
141,5
2776,2
4749,4
4748,97
1425,5
4743,361
4742,292
4741,7
4740,122
4747,162
4746,1
4745,115
4744,5
2970,4
5869,290
5868,87
4697,6
5865,3
5864,175
5867,112
5866,3
5861,43
5860,117
5863,5
5862,117
2330,84
4715,318
2183,145
2182,214
2181,31
2180,1074
229,2
4609,959
227,52
4607,261
2189,223
224,303
4602,10
222,2
221,7
220,12
2213,24
2212,6
2211,36
2210,106
2217,8
2336,2
2214,137
2219,76
2218,200
1565,1
5431,426
2339,4
3549,76
151,194
150,199
2439,248
2438,244
154,195
156,2
159,19
158,39
2977,17
2430,228
2437,109
2436,582
2435,236
590,27
976,12
1686,34
4519,44
4512,69
4510,21
4511,34
4516,5
4517,99
4514,138
4515,931
1162,172
2507,6
2506,14
2505,4
2504,4
2503,1
2502,6
2501,26
2500,6
124,72
2726,9
2723,362
2722,10
2721,49
2720,21
5280,790
5283,156
5285,68
5284,100
2729,344
5286,3
1163,54
5049,15
5048,177
5047,285
5046,267
5042,42
5041,122
5040,11
3782,154
3783,157
1805,130
3781,68
3786,115
1802,63
3784,125
3785,35
3788,2449
3789,353
1809,13
1808,100
4997,3
4994,211
4995,7
4992,142
4993,227
4990,6
4991,12
2537,4
126,8
4998,346
4999,19
127,20
5055,550
3259,127
1948,103
690,9
2176,3
1257,74
1942,109
1943,407
1940,239
1941,590
3254,71
1947,131
1944,41
811,1
812,139
813,92
814,234
815,109
816,12
817,166
1991,607
5181,200
1622,9
1523,4
2855,6
5180,216
1490,1710
3332,110
3331,68
3330,445
3337,17
3336,1191
3335,433
3334,2980
5469,29
1499,57
3339,243
3338,238
1395,63
1994,56
1700,79
5266,13
1703,91
1704,231
3201,158
5261,487
1707,7
1709,17
5185,46
5269,233
5268,423
2294,205
2096,2528
427,2
1998,168
3658,58
426,5
5188,45
3387,45
1128,8
4576,1920
1121,5
1122,38
4577,33
1125,1
1127,8
4578,722
184,9
3655,264
5437,10
2988,121
1807,31
3029,66
3028,13
2983,227
2982,31
3025,39
2980,338
3023,6
2986,25
3021,15
3020,443
300,68
1018,190
1019,352
3952,142
312,161
695,6
1016,7
1017,45
1010,148
1011,252
5234,125
1013,241
3950,76
1231,6
1232,93
1233,1
1238,1
5670,14
5671,2
2526,411
4358,35
4359,1
5676,5
4354,232
5679,25
4356,39
3954,28
4350,2
4351,2660
4352,8
4353,78
3795,12
4679,86
2486,69
554,1
1341,23
438,297
439,163
436,302
437,2862
434,69
435,350
432,70
433,137
430,9
431,56
740,1
3809,21
3808,99
3805,52
3804,12
3807,24
3806,18
3800,288
3802,703
89,8
2480,206
559,6
4849,1
6009,8
558,11
3078,21
5709,89
5704,291
5705,51
5707,174
5700,73
5702,13
5703,20
2706,22
3162,52
2869,52
5946,8
634,36
2173,16
1960,18
315,43
2701,4
1697,71
4774,3
4775,25
4773,42
4770,165
4771,98
1434,348
4778,1
4779,58
4174,283
4175,10
4176,69
4172,3
4173,34
1961,69
2700,6
5818,5
5819,41
5718,35
5810,373
5815,30
5817,26
2464,77
4296,2
1962,83
2466,2
4619,20
4618,144
996,37
238,5
239,82
234,67
235,988
4613,232
237,261
230,382
4614,39
5060,210
993,19
2226,73
2227,5
2224,8
5149,111
2222,131
2223,79
2220,40
2221,8
5924,12
5925,232
5926,52
5927,38
5920,126
5921,23
5922,14
5923,597
4837,4
5928,96
5929,60
146,5
147,38
144,1100
4681,160
142,213
143,575
140,228
1198,14
4884,26
5355,4
148,49
5143,2218
4504,13
4506,40
4500,277
4503,73
1054,1
635,10
4509,123
1055,65
120,239
2088,715
2089,904
1056,11
121,17
2082,34
2083,273
2080,23
2081,86
2087,2538
2084,251
2085,62
1537,1
3342,771
2538,1135
2539,685
3343,17
2532,308
2533,138
2530,507
2531,565
2536,76
1193,128
2534,333
2535,159
2712,148
2710,634
2711,472
2716,162
2717,25
2714,154
2715,55
4238,9
5454,10
2719,59
1194,24
128,13
5079,175
129,44
5072,129
5073,29
5070,598
5071,236
5076,17
5077,139
5074,314
5075,504
1832,16
1833,67
3799,1418
1837,430
1834,19
1835,52
1716,3
3794,164
3797,10
3796,487
3791,393
3790,31
3793,84
3792,86
2154,278
2155,405
939,110
938,22
2402,50
4984,320
2152,1432
4986,265
933,22
4988,10
931,207
930,71
2159,308
935,24
934,128
5381,4
5382,5
5384,4
5385,1
5386,10
3091,386
5388,38
5389,4
136,9
4642,5
1587,5
1957,227
1956,321
1950,2
1952,41
1829,1
1959,145
1958,11
4870,1
3248,405
5246,20
3370,3
3242,207
53,58
3247,185
3246,410
3245,71
3244,93
1825,138
228,2
828,205
4405,75
825,22
824,5
827,11
4406,40
822,8
4259,42
3097,280
4258,1712
1821,22
1993,114
1483,36
1482,32
1481,169
619,85
1487,465
1486,558
1485,48
3309,160
3306,678
657,55
3304,17
1822,5
3302,272
3303,7
5492,447
3301,269
5252,83
796,446
1711,69
794,46
5256,138
5257,110
5254,104
2146,650
5628,16
5258,30
5259,98
4394,38
799,252
4318,35
2144,6
613,5
2143,7
2414,530
4062,18
1139,67
3051,2
4063,63
1137,57
5944,113
1135,21
4974,200
5945,16
1276,71
921,19
5942,50
615,586
2790,4
3018,823
3019,309
4064,1
3012,279
3013,16
3010,63
3011,17
3016,131
3017,1491
3014,6
2065,1
519,95
518,7
2149,555
1009,59
511,45
1006,150
1005,159
2148,571
1003,77
1002,26
517,343
1000,730
623,73
1226,9
621,9
620,75
627,527
1997,39
625,464
624,171
629,52
628,397
1229,3
1228,7
5663,108
5662,150
5667,48
5666,1
5665,181
4348,134
5669,720
5668,1277
4343,151
4342,9
4341,16
4340,10
2882,24
2883,17
2880,242
1996,780
2886,60
2887,53
2884,5
2885,920
2889,42
253,624
2,45
3099,18
4257,1
3878,15
3879,143
3870,358
3871,313
3872,27
3873,390
3874,36
3875,286
3876,581
3877,382
1893,3
1286,5
5434,2
13,134
15,132
14,307
17,36
16,33
5717,15
5716,60
5715,2080
5714,304
5713,1218
5712,1101
5711,47
5710,33
3275,5
3272,38
3310,1
3273,144
3904,25
3906,1119
3907,170
3900,430
3901,73
3602,5
3027,23
3908,44
3909,1
4761,109
4760,199
3600,39
4765,133
3111,1
2898,14
4769,773
4768,396
3193,16
4167,22
4165,430
4162,2
4160,23
4168,27
5809,828
5808,40
5803,65
5802,11
4321,131
5800,1044
5807,10
5806,49
5804,967
201,139
200,537
202,89
205,108
204,177
207,497
206,9
209,1339
208,390
3060,64
679,28
1573,16
3477,68
1572,14
4320,285
836,12
2314,37
687,562
3471,11
2239,590
2238,18
686,106
834,4
2231,31
2230,151
2233,65
3473,218
2234,13
2237,53
2236,39
5937,787
3575,44
5933,12
1575,29
5931,59
5930,219
1574,76
5092,93
5939,22
5938,664
1631,6
5093,169
712,4
3498,173
3499,60
3496,603
3497,216
3494,102
3495,478
3492,91
3493,29
3490,30
3491,300
4570,11
2094,512
4572,47
4573,70
2091,52
2090,495
2093,194
2092,389
3654,1233
4579,314
3656,5
3572,69
3650,557
3651,219
3652,534
3653,120
2525,363
2524,259
2527,34
2188,587
2521,92
2520,572
2523,34
2522,4
2529,2
2528,240
4494,15
2791,23
1201,6
4492,73
5065,70
5064,134
5067,316
5066,202
2709,82
2708,527
5063,9
2705,19
2704,741
2707,184
4883,346
5069,44
1823,96
2703,256
2702,243
6119,2
4719,5
2748,33
4408,162
2951,2
4404,145
1824,148
1827,95
1826,185
4400,586
4401,326
4402,336
4403,172
928,19
929,246
2413,218
2412,69
4978,77
4979,159
2417,1344
2416,1530
2419,320
2418,1279
923,448
4970,1047
4971,809
4972,35
499,207
5393,144
5392,12
5391,633
5390,261
5397,8
5395,155
5394,3
5399,65
5398,74
4326,8
4564,210
4224,10
1922,669
1923,338
1924,116
1925,840
1926,685
1927,605
1928,959
1929,175
3278,270
3279,126
3474,1318
3475,28
3476,12
4227,203
3470,115
837,177
3472,156
835,111
838,106
839,115
3478,45
3479,38
491,17
3,73
4223,6
671,218
1986,371
4319,4
5586,6
3574,2
3319,297
3318,538
2594,3
4930,20
5488,47
3311,253
5582,277
5485,248
3312,116
3315,795
5482,44
3317,118
3316,27
784,570
786,188
787,32
5249,34
5248,106
1728,680
783,612
5245,1696
5244,555
5247,288
5581,117
1722,19
5243,268
1721,351
924,25
2361,29
5626,155
4159,16
153,71
60,284
5487,627
62,194
152,20
3001,425
3000,328
66,372
67,190
68,495
1985,246
3009,413
3313,68
1371,391
1588,4
1589,666
406,25
1582,42
1583,811
1580,144
1581,33
1586,156
405,48
1584,9
3314,542
2433,10
1038,210
1039,1204
508,415
1982,176
1032,48
1033,51
1030,54
1031,101
1036,1091
1037,1047
1034,101
501,46
1212,462
1213,365
632,122
1211,38
1216,14
1217,34
636,1047
637,1410
638,690
639,111
1219,283
3024,13
1647,54
4378,766
4379,971
5658,220
5656,32
5657,2
4370,51
4371,4
5652,475
5653,220
5650,210
5651,46
2899,127
782,215
1291,4
2895,27
2894,403
2897,177
2896,1
2891,23
2890,14
2893,166
2892,748
1106,20
1455,11
1456,729
1105,14
1102,181
1103,100
1452,22
1453,188
1898,22
1458,347
1724,27
1899,83
4080,6
3869,764
1725,14
4084,8
3863,84
3862,4
3861,75
3860,458
3867,335
800,1
1894,2
3736,725
3148,4
3735,43
5728,31
5729,54
1890,63
5720,46
5727,189
3732,153
4466,2
3731,2
4832,35
4903,7
3917,35
3916,60
3915,103
1123,3
3912,110
3911,2
3910,786
2134,339
3919,22
3918,64
2135,78
4798,30
4799,162
4835,20
4973,356
4797,14
4791,3
4792,192
4926,415
4152,235
5837,104
4150,615
4151,224
4156,216
4925,86
5830,714
4155,86
4158,25
4924,276
5839,465
5459,3
3074,31
4834,2
1910,15
1914,2
214,2
215,178
210,37
218,4
1355,1
920,38
957,130
6088,168
6089,46
6086,53
6084,218
2139,1
6082,181
6083,7
6080,108
6081,17
980,8
5902,2
5903,13
5900,7
5901,12
5906,7
4,141
5904,38
5905,327
5908,6
5909,45
3489,16
3488,347
4368,1
2509,5
3481,38
3480,371
3485,146
3484,149
3487,12
3486,519
4567,70
4566,55
4565,113
6050,2607
3647,82
3646,19
3645,779
3643,132
3642,1
3641,6
3640,1332
2550,103
2551,140
2552,279
2553,71
2554,28
2555,16
2556,364
61,53
3283,20
2559,13
2396,648
2397,267
2394,47
2395,322
2392,80
2393,37
2391,35
6041,8
5206,55
2398,27
2399,47
5010,4
5011,14
4899,63
5013,39
5014,6
5015,27
3282,5
5017,14
2770,400
5019,14
2772,40
3002,2085
4896,6
4895,220
2777,12
3076,3
69,52
4269,5
1858,683
1859,336
3281,6
5693,6
1850,277
1851,116
1852,161
4414,41
4271,240
4412,47
1856,409
1857,894
6064,10
2640,62
6066,23
6067,89
919,17
918,76
4969,305
4968,901
4967,32
914,91
4965,28
2179,192
4963,4
913,112
4960,3
5432,12
2606,48
2607,4
2601,6
516,49
5433,4
1457,11
2608,9
1423,280
2645,27
1933,344
1932,516
1931,980
1930,894
1937,14
1936,49
3267,129
1934,1429
5124,39
5125,3
1939,615
5120,59
5121,76
5122,75
1424,103
3467,585
845,845
844,39
3463,515
3462,554
841,661
840,607
3379,60
5435,181
2975,1
3469,4
3468,13
3364,22
241,85
2406,66
3222,30
3367,1
932,39
663,399
4905,14
4626,5
1585,16
1739,221
1738,123
5230,211
5231,408
5232,140
5233,545
1735,180
1734,332
1737,141
1736,766
2404,114
2052,4
753,535
752,53
751,2
9,90
757,144
756,4
755,29
754,958
759,17
5833,10
3780,29
3070,2046
3071,186
1597,29
1804,53
1591,34
3075,64
1593,18
1592,7
2954,18
2955,23
2956,625
2950,8
1598,132
3787,6
3700,1212
1450,63
5346,338
1026,803
1021,39
1801,71
1023,195
1022,481
502,41
1800,567
1029,698
1028,886
503,29
500,42
4045,53
936,2
3701,199
605,55
604,18
607,147
606,64
601,14
4360,20
603,30
631,427
1205,40
1204,105
1207,161
1206,123
4369,158
1200,624
5649,184
5648,15
1358,114
5640,424
5642,1
4279,107
5644,11
5647,5
4276,24
3696,17
1806,1
3109,11
3107,338
3100,728
3101,739
3102,13
1447,247
1110,239
1113,102
1112,57
5,796
1442,256
1441,3
1440,175
2006,1
2478,10
1351,181
1449,11
1448,106
4093,754
4092,38
466,76
2759,8
4096,561
4094,313
5068,57
1357,24
4099,12
4858,6
791,3
5735,183
5737,104
5730,80
622,7
3704,24
4729,35
484,205
483,46
2008,57
480,29
5555,17
4586,5
4581,9
903,2
790,2
4852,2
4725,16
4583,2
3705,46
4724,50
1061,11
4582,17
2303,14
5273,6
3922,2
3923,10
3920,261
2302,1694
3926,8
3924,2
3925,26
4721,20
3929,187
4720,3
4789,8
4788,194
4787,14
4786,308
4785,236
4784,8
4783,27
5654,82
4781,13
4780,19
5821,83
5820,6
5823,62
5655,173
4149,19
5824,58
5827,347
5826,188
5829,121
4144,127
3992,62
4143,47
4377,43
3856,71
3854,134
3855,54
3852,281
3853,73
3971,58
3851,900
1576,1
5598,3
4375,1
3858,987
3859,466
4822,144
35,3
3005,48
6099,551
6098,43
1062,14
6093,32
6095,122
6097,217
6096,66
4823,288
5919,2
5918,4
5914,11
5917,8
5916,20
5910,9
5913,13
5912,6
198,17
2465,1
3664,38
195,76
194,1
197,120
196,1
193,28
192,8
3678,9
3679,5
1117,5
3672,68
3673,1608
3670,1859
3671,805
3676,1020
3677,714
3674,205
2543,20
1454,3
2541,25
2540,217
2547,345
2546,13
2545,21
2544,534
2549,279
2548,175
1104,21
2381,1
2380,17
4382,15
2382,4
2385,31
2387,101
2386,130
2389,29
2388,10
1451,13
5003,22
3581,84
5001,73
5000,76
3584,244
3585,138
3586,121
3587,10
2763,16
2127,36
2761,17
421,15
2767,9
2766,77
2765,93
2285,74
999,1
1949,1
2007,18
902,27
245,360
900,20
4429,59
906,14
904,16
905,7
4422,5
1842,252
1841,848
1840,1271
4426,103
4427,198
1845,89
1844,499
6076,89
4958,72
4959,1
6073,68
2168,273
6071,39
3251,51
4952,2
4953,2147
4950,63
4951,1
4956,20
2160,362
4954,3
4625,425
2617,18
2616,371
2615,13
2614,611
2613,235
2612,195
2611,3
2610,80
1946,3
4627,45
4082,534
2618,123
4628,30
3292,442
4083,2
3256,84
5139,2189
5138,105
1906,41
3295,344
5135,1977
1905,37
5133,30
5132,287
5131,352
3293,519
3452,4
3453,107
3450,19
3451,75
3456,72
3457,392
852,20
3455,82
3458,3
3459,59
858,2861
859,41
5425,23
3161,2
6,474
2463,131
2042,41
3402,28
5082,42
4571,3
5229,17
5228,52
5223,98
5222,21
1077,3
5220,11
5225,38
2609,68
3738,19
5886,300
469,89
742,454
743,941
744,193
745,772
746,132
747,125
748,20
749,79
2913,281
926,2
2949,117
2948,613
2947,62
2946,203
2945,505
2944,11
2943,27
2942,10
2941,798
2940,262
5357,172
5356,655
1052,547
5354,71
5353,252
5352,189
5351,645
5350,290
1058,1
1059,20
2225,45
5359,23
5358,14
1696,58
717,599
1694,216
1695,36
1692,2
1693,2
2919,13
2595,253
1791,12
1278,47
1279,35
618,10
4313,923
5235,10
4316,8
4317,199
612,82
1797,34
610,133
611,1346
616,35
617,320
614,51
1277,102
4157,53
3008,10
711,12
710,3
5279,7
3333,201
2377,6
4374,1
3119,109
3118,176
3117,462
3116,69
3115,149
3114,209
3113,22
3112,5
2469,37
3110,12
1472,177
1473,224
1470,210
1493,45
1307,6
1474,79
2597,5
5465,1
1478,170
1479,5
1495,25
1304,3
1305,29
1306,159
1181,25
1300,557
1301,535
1302,143
1303,3239
1497,60
1308,1
1309,2
5740,171
5741,276
5743,51
498,143
4229,1090
5746,6
5747,89
494,177
4225,84
4226,1
497,235
490,68
4221,60
492,34
493,637
24,162
5587,6
26,732
5585,2
20,72
21,96
22,21
23,18
3594,3
28,203
29,11
5588,2
5589,122
3187,52
1263,12
3599,8
1069,381
3938,186
4415,90
3935,75
3934,44
3937,395
3936,145
3931,1391
3930,99
3932,208
3265,39
5195,31
2452,2
1705,14
4138,74
4139,366
1706,130
4434,7
4131,160
4132,79
4133,325
4135,71
5692,40
3840,215
3264,1
5691,596
5696,153
3844,37
3847,108
3846,115
3849,201
3848,37
5698,113
5699,911
4612,376
1063,10
1873,3
1600,141
4433,17
1604,39
3649,23
1067,17
1066,1
4462,27
4044,148
4922,33
4046,274
4047,150
4040,34
4042,8
4315,9
4048,78
4049,5
5968,218
7,4
1656,1
5961,505
5963,121
5964,14
5965,14
5966,97
5967,49
3665,1009
977,23
3667,28
3666,122
3661,2034
3660,1
3663,6
4944,558
2280,60
2281,26
2282,173
2283,23
3669,94
3668,335
4549,58
4548,78
4946,12
4941,202
4545,28
4544,21
4546,47
4828,2
2578,120
4435,4
2577,116
2574,241
2056,109
2572,13
2573,316
2571,95
4826,55
2379,1
4535,1
2374,74
2375,1
2132,1
4824,6
2372,280
2373,1162
3593,226
4329,786
2596,1058
4825,9
2590,16
2591,2893
2592,834
5039,336
5036,383
5037,151
5034,607
5035,411
5032,911
5033,96
5030,726
5031,169
1876,145
1877,74
1874,416
1875,96
4431,48
4430,300
1870,232
1871,39
1607,1
4821,6
4438,22
1878,36
1082,90
4945,94
182,367
975,62
974,370
973,55
972,40
971,306
970,33
596,1497
4949,8
4948,76
979,14
978,11
2118,215
2119,36
180,51
181,269
6046,126
6047,17
6044,59
6045,189
2111,171
6048,80
2113,85
2114,663
2115,198
2116,691
2117,243
2622,7
2623,42
2620,9
2621,56
2626,370
2627,68
2624,41
2625,142
2628,59
2629,89
1919,4
5108,2976
5835,588
3289,7
3288,28
1911,141
5103,372
5100,1182
5101,883
5106,283
2112,880
5104,466
5105,765
869,31
868,72
189,16
3449,72
4154,101
3445,822
3444,157
3447,17
5831,2614
865,50
3440,319
3443,19
3442,1422
2024,421
2757,209
2754,28
2755,45
2020,394
2753,4
2022,385
2023,96
2828,16
2758,142
2829,17
883,76
882,225
881,18
880,110
884,405
4017,4
889,1
4590,85
5216,27
5217,44
5214,5
5215,1080
5212,8
5210,51
5211,112
832,3
659,20
5218,126
5219,477
4293,1
356,1
63,30
1025,12
982,27
353,310
4800,16
3386,656
777,7
771,31
772,13
4596,151
779,5
778,7
419,5
77,5
75,1048
74,141
73,369
72,52
71,79
70,36
3056,167
2973,71
3054,183
3055,97
2976,8
3053,88
79,699
78,9
5362,70
5363,157
5360,341
1040,923
1047,18
1046,73
1045,194
5365,45
4597,14
5368,848
5369,33
1681,63
1680,363
1687,1
3026,77
1689,1
1688,76
4928,15
4303,708
4302,492
1269,36
4300,60
4307,6
4306,29
669,1446
668,708
667,36
666,28
1261,106
664,291
1267,638
662,90
1265,605
660,9
3287,56
1242,356
5094,31
3286,199
5196,15
2984,73
3285,62
3725,19
3284,104
4595,5
3122,6
3123,185
3120,186
3121,21
3124,537
3125,406
1468,651
1465,21
8,1821
1467,184
3280,749
1461,25
1460,7
1463,16
1462,15
1317,88
1316,522
1314,460
1313,96
1310,1
4529,2
1319,4
1318,279
5791,1
5751,104
5750,73
5757,33
5755,14
5754,73
4237,326
4236,24
4235,598
4234,12
4233,147
4232,1144
4231,41
3448,70
5591,339
5590,2306
5593,133
5595,574
5594,866
5596,6
5599,5
4243,25
1646,25
861,136
860,28
3948,282
3949,426
319,471
318,98
3403,3
3274,428
313,68
3941,65
3942,21
3943,101
3944,264
316,7
3946,21
3947,12
4606,69
867,248
4364,14
2756,8
4129,940
1531,31
4213,2
1459,19
4123,193
4122,241
4121,8
4120,587
4127,264
4126,30
4125,263
1335,13
2027,7
5688,2
2752,5
5681,37
1337,169
5683,3
2021,6
2323,13
1336,158
2750,9
2322,88
2751,30
4604,3
4705,442
4704,1425
2696,7
2327,95
3659,4
2326,26
4057,705
4056,44
4055,229
4054,103
4053,283
4052,365
4051,93
4687,8
2324,143
2908,11
4059,574
4058,302
630,33
5194,38
5978,292
5674,166
4361,50
2690,121
5977,987
2136,226
5975,5
5974,100
3610,26
3611,22
3612,108
3613,42
3614,15
3615,72
3616,119
3618,37
2292,2
2297,338
2295,6
5197,64
1887,1
404,27
4355,80
3406,2
2569,613
2568,3
4357,10
2561,132
2560,1230
2563,667
2562,18
2565,91
2564,81
2567,30
2566,781
4363,9
2368,1420
5253,365
5776,19
2362,2790
927,8
5907,38
5029,878
5028,111
2585,4
2584,4
2583,130
2582,71
5021,119
5020,13
633,25
5022,22
5024,7
2589,1362
5026,409
1861,273
281,17
1863,63
1862,192
4444,238
4445,4
1867,57
4447,435
1869,345
1868,183
3726,240
3727,14
4490,149
3722,13
4686,131
4931,59
4684,150
4933,35
4934,240
961,159
4936,41
963,71
4938,200
4939,269
5578,8
968,42
4688,80
2109,106
2108,227
6059,1086
6058,23
5576,6
6054,27
6057,9
6056,286
2107,74
2106,205
6053,125
2104,73
5115,94
5114,286
5117,2
5574,107
5111,115
2638,58
5113,41
5112,56
2635,12
2634,575
2637,95
2636,138
2631,101
2630,430
2633,31
2632,190
1717,14
5403,7
5570,17
3527,11
3438,13
3439,108
1611,11
879,208
876,10
877,13
874,74
3433,24
872,63
3090,391
3436,68
871,56
2741,190
2036,1156
2035,1981
2034,1176
4848,1575
2744,126
2031,1
2746,379
4844,445
3096,213
4846,1052
4847,4
4840,188
4841,6
2039,656
2038,423
890,4
891,3
892,59
893,69
894,105
895,882
896,931
897,1668
898,23
899,213
1530,188
1715,8
5201,104
5401,209
5203,10
5202,20
5205,1
5207,32
648,199
5208,146
5198,51
3544,110
3545,7
3547,332
3540,331
1618,251
3542,3
3543,96
1619,54
3548,28
641,66
5400,454
1964,283
1965,197
1966,621
5182,124
1788,12
2964,2
1967,27
2960,27
4440,1
2962,115
1780,63
1612,100
1782,574
1536,29
766,7
2968,562
1786,329
5190,50
3049,167
3048,3
5193,108
3041,52
3040,43
3043,107
5192,272
3045,153
4569,192
3046,250
5379,949
1078,110
1079,253
5375,18
643,1414
5377,437
1075,45
1072,397
5370,234
1070,69
1071,34
1678,458
1679,90
1675,179
1676,140
1094,132
1096,60
1097,72
1090,87
1091,125
1092,1062
1093,92
674,109
4337,179
4334,289
4335,325
1098,384
4333,8
672,135
673,511
3135,187
3134,1298
3137,209
3136,294
3131,130
3130,247
3133,107
3294,5
3139,240
3138,20
3648,1
1533,99
1915,16
3962,14
2557,2
855,188
5183,64
1418,24
1419,41
1410,369
1411,50
1412,15
1413,18
1414,1
1415,20
1416,8
1417,96
1322,25
1323,360
1320,31
1321,408
1327,53
1324,64
1325,12
2495,37
1328,256
856,3
2779,1
1621,86
1053,155
4209,92
5768,219
5769,351
4202,10
5767,6
5764,556
4645,450
5762,42
5763,159
4204,3
647,191
504,2
5569,3
5564,133
5565,45
5566,816
5567,118
5560,268
5561,87
5562,2
5563,269
1524,39
1525,112
1526,21
1527,496
1252,19
1253,11
1250,382
1251,229
1528,443
1529,603
1258,39
1259,47
309,195
3959,49
3958,64
3953,283
5186,693
3951,167
303,120
304,1
305,32
306,60
307,8
4116,3835
4117,3556
4114,4
4115,2568
4112,38
4113,178
4110,10
4111,558
4118,161
4119,207
4634,93
2254,3
2978,117
3340,20
4448,149
5159,158
3058,3
2476,2
1484,811
5012,67
989,2
3057,2
3341,65
3204,36
5947,194
4060,688
4061,271
4066,4
5943,1643
5940,6
5941,415
4069,105
5948,186
5949,113
5784,94
5785,269
5786,7
5787,21
5780,3
3050,2
5782,129
2771,1
3346,10
5788,45
4891,68
5856,16
3603,4
1043,646
3601,32
2773,357
3607,21
3606,460
3604,1
3609,682
3608,253
1041,30
2775,1
5361,13
5157,204
5366,2
640,252
5367,105
3891,3
6118,191
5364,286
1489,1
6114,290
6115,700
6116,309
6110,119
6111,228
6112,30
6113,329
2358,876
2359,12
2352,16
2353,459
2350,95
2351,9
2356,694
2355,1
1048,79
5447,41
4453,71
5491,2
4451,60
4450,15
4457,159
3968,364
4455,223
4454,28
3737,13
1895,631
1896,13
3734,226
3733,4
1891,30
1892,21
3730,88
4923,437
4690,46
4921,273
4920,62
4695,323
4694,400
2130,573
2131,170
953,48
952,196
955,234
954,134
2138,222
956,488
3203,85
6020,68
6021,34
477,1
6025,12
6026,24
6027,19
2648,591
5161,12
5163,321
5164,588
5165,29
2784,659
5168,9
2641,64
2642,50
2643,95
4802,223
2646,46
2647,2223
4803,475
2431,1
2749,5
2780,1
3429,26
3428,168
4806,409
4777,87
3422,108
3421,8
2137,8
3427,1035
3425,119
3424,6
2002,1
2003,24
2000,164
2001,218
4589,14
4588,97
4859,659
2005,449
4857,528
4584,26
4587,479
4854,115
4853,379
2101,130
4851,122
4850,1229
1853,13
1854,739
1268,5
4411,164
2100,4
2996,187
5417,168
3556,6
3555,21
3554,5
3553,22
3552,70
3550,230
2491,2
4304,12
2170,22
3558,19
4942,79
2171,642
6060,360
2997,11
4309,2
2177,4
2911,85
2912,227
1260,44
2914,806
6062,742
719,455
718,2
2918,202
1792,1006
715,104
2175,31
713,20
1796,92
1795,219
1794,201
915,5
661,23
716,41
4966,509
4079,34
2178,27
5954,1
5308,609
1068,2
4964,47
5300,18
5301,18
5302,130
5303,14
1065,16
1064,255
5306,35
5307,284
4390,21
1669,2
1668,3
1907,6
1662,204
1661,41
1660,661
591,68
1086,24
1085,112
592,9
595,317
594,98
1080,70
599,1075
598,212
3966,9
4324,26
1088,53
3140,2148
3141,5
3142,95
3143,1227
3144,346
3145,60
3146,46
3147,35
2824,235
3149,1
2826,3
2820,17
2821,43
2822,4
2823,407
5414,214
5415,49
3384,3
3385,413
3382,481
5411,23
5412,30
5413,746
2032,24
2603,9
5418,69
5795,3
3388,296
3389,2758
1409,75
1408,84
1403,202
1402,35
1401,338
1400,1140
1407,3
1406,250
5344,25
449,861
448,67
1339,134
1338,87
1491,76
443,37
442,1
441,50
440,82
1330,3
445,631
444,18
5779,345
5778,2
3129,8
4947,36
1902,30
5771,10
696,230
5773,41
5772,67
5775,35
5774,132
5777,4
5345,50
3261,7
39,16
694,26
1057,29
3260,114
32,511
31,1
30,122
37,457
5572,844
5571,17
34,3
1241,188
3093,571
1535,778
1534,627
645,963
1532,412
1247,1084
1246,1000
649,11
1248,37
3098,42
3969,74
1027,416
1539,49
1538,39
339,24
338,702
4391,170
335,508
334,374
337,230
336,527
331,341
330,674
333,299
332,1537
4101,7378
4100,268
4102,223
4105,25
4107,2316
4106,721
4108,7
5347,250
1494,7
3967,26
3694,46
1901,36
3898,1
3899,1779
3892,165
3893,116
3890,121
5123,17
3894,814
3895,642
847,110
3465,1
3464,58
1635,5
1464,12
843,39
1496,1
842,515
1353,249
5950,9
5952,46
5955,36
3461,418
5957,6
5956,46
5959,2
5958,7
3460,20
4071,151
4073,7
4072,5
5797,2
2064,16
3964,64
1636,792
5793,455
5792,20
3960,56
3961,210
5081,9
5799,130
5798,30
4305,40
5184,1
774,1
3639,206
3636,7
3637,34
3634,1424
3635,43
3632,24
3630,2437
3631,839
5343,22
849,30
4610,81
1498,10
5084,70
236,60
2345,20
2344,8
2347,67
2346,317
2341,29
2340,405
6109,711
2342,189
6107,78
6106,87
6105,1487
2349,16
6102,80
6101,273
6100,526
4863,1
1350,15
2067,10
3708,26
1543,113
4898,31
4468,682
4469,176
3702,55
1886,53
4464,371
4465,164
1883,15
3707,286
4460,188
4461,289
1595,7
2120,235
2123,180
2122,5
2125,3
2124,527
948,15
949,157
2129,666
947,51
944,170
945,132
4912,138
4661,297
4910,917
4911,433
6039,128
6038,54
2348,5
6032,27
6031,32
6030,34
6037,59
6036,89
1594,8
6034,28
5173,175
5172,283
5171,540
5170,22
5177,32
5176,50
5175,253
2653,2
2652,801
2651,69
5178,538
2657,176
2656,126
3039,17
3416,68
132,1220
131,174
130,302
137,15
3413,174
135,24
134,719
5156,1
3418,98
5348,20
707,1
4868,594
4869,1
2019,265
2018,72
2015,31
2014,1
4860,1526
2016,79
2010,4
4864,9
4865,469
5349,2
3965,29
5277,5
5008,2
2488,13
183,771
3562,7
3563,54
3561,2
3566,305
3567,621
3564,475
3565,385
3568,85
3569,50
4484,8
4485,40
4480,14
4482,429
4483,33
1374,1
4489,553
848,6
2903,144
2902,144
2900,38
708,26
2906,4
2904,380
704,27
705,6
510,15
700,85
701,24
703,30
88,25
145,26
4940,157
82,102
80,573
81,558
84,103
85,3
5319,4
1256,1
5313,233
5312,22
5310,1096
5314,70
1659,78
2487,4
186,29
1652,12
410,2
4239,47
1657,13
1654,49
411,5
586,265
587,137
584,1
585,153
583,2
1987,44
1772,97
5645,7
1632,3
588,10
589,11
3153,1
2009,2
3151,138
3217,30
3157,18
3156,69
1634,63
3159,43
2834,1
1348,183
3211,362
1436,1218
1437,19
3393,246
5404,153
1432,35
5402,670
1430,15
1431,354
3398,585
1981,120
1603,2
1438,1185
1439,88
1731,70
3709,43
1730,73
1349,98
1733,1
3031,290
458,279
4261,293
4262,227
4263,212
4264,16
1889,11
4266,478
4267,136
450,2388
451,4525
452,3785
453,130
454,229
455,313
456,78
457,287
185,39
5236,103
4467,3
5237,8
1885,61
5548,483
5549,228
3263,43
5543,235
5540,135
5541,86
5546,81
5547,3
4463,38
1502,19
3940,468
1500,21
1501,7
652,81
1507,302
1504,169
651,301
3085,134
3084,12
3087,1404
3086,104
4894,34
311,303
3083,111
3082,106
2121,23
310,35
1599,15
833,2
5890,79
5891,116
5169,219
5893,55
5894,59
5895,46
5896,53
5897,27
5898,65
5899,6
314,12
1992,275
3884,120
3887,1
3886,45
3881,2
4918,178
3882,31
2481,25
4919,5
946,78
2484,3
1210,74
5675,1
4914,140
4915,1
495,313
831,26
54,7
942,368
4913,564
750,115
4662,8
4900,28
941,732
2810,6
4008,43
4009,25
2017,268
4003,1
4005,109
4006,65
2579,6
322,205
323,20
320,279
3972,638
3975,239
327,30
3977,127
325,184
3978,4
328,21
329,387
1904,1
3629,835
3628,169
758,36
3620,9
4230,5
3622,343
3625,160
3624,31
3627,1
3626,10
4128,5
4714,1177
2331,588
4527,4
4710,52
4711,26
4712,52
4713,448
2338,431
6133,10
6130,1
4285,6
4718,345
3072,175
6134,2
6135,65
3073,16
5765,7
1880,9
3250,2
2958,105
3715,79
3714,21
3711,74
3710,36
3077,144
3719,46
4479,919
4478,1189
2658,133
3079,16
4471,435
4470,672
4473,159
4472,53
4475,27
4474,47
4476,21
4909,19
6007,2
6004,25
6000,196
6001,901
4901,91
4676,88
4675,28
2485,956
2482,480
4672,112
4671,183
4670,148
2248,3
2249,1011
2244,24
2245,8
2246,40
2240,4
2241,57
2242,43
2243,231
995,54
994,2227
997,644
2467,159
2460,5
2461,167
2462,120
992,443
5146,98
5147,13
5144,350
5145,4
5142,138
998,223
5140,476
5141,442
3401,24
3400,97
122,2
123,54
3405,53
3404,234
3407,779
5684,22
3409,516
3408,158
2654,2
3258,9
1020,21
133,53
4871,4
5342,2
5250,1818
3417,108
5018,38
3378,168
3414,300
3377,1036
2798,108
5424,20
2060,56
2061,65
2062,7
2063,48
2796,101
3375,67
2795,57
3373,109
3411,18
3255,29
940,16
3372,9
3371,60
943,481
5098,758
5099,1174
3579,127
3578,1530
5455,4
5090,38
5091,104
3577,50
3576,338
3571,65
5095,3
5096,91
5097,61
4497,5
4495,10
2665,102
2662,267
2663,92
2660,50
2661,126
722,270
4499,2
4498,5
2938,278
2939,90
2936,927
2937,215
4855,7
2932,36
2930,187
2931,146
5326,203
5327,3
5325,22
5322,116
5320,1
5321,193
4880,180
1836,587
5328,634
5329,164
1645,36
4734,234
4018,13
1641,13
1640,76
1642,378
1649,641
2598,1
5892,24
2602,4
3690,6
4881,118
729,8
5251,12
1838,922
2013,6
1839,378
1270,26
1165,70
573,9
572,13
570,22
4367,85
574,9
2808,137
4366,127
2161,70
3169,633
3166,1
2803,42
2806,97
600,22
1421,230
4981,482
5430,199
1422,388
3368,175
3369,38
1427,6
2407,24
1429,12
1428,347
5438,22
5439,19
4983,107
3362,70
730,9
733,1
4982,712
735,3129
734,1
737,13
2150,197
3390,19
1084,1
2151,329
4273,99
4272,1031
1359,5
4270,251
4277,261
468,6
4275,31
4274,60
465,89
464,54
467,1737
2401,141
461,356
463,252
462,129
4660,44
5554,764
5556,150
5553,482
5552,92
5559,61
5558,1113
5374,5
2542,13
5694,121
4867,11
1518,77
1515,261
1514,1
1516,43
1511,219
1510,7
1513,2
1512,22
1903,1
959,5
5695,2
4886,17
5883,570
5882,22
5880,42
5887,372
3395,151
5885,436
5884,29
2004,42
5889,150
5888,21
958,51
1798,33
280,101
5770,10
3184,4
3185,2
3186,19
3394,94
3180,1340
3181,105
3182,313
5646,1
3188,206
3189,1
3397,659
2054,54
5972,6
4538,2
5971,6
5879,15
4013,2
4012,392
4011,371
4010,223
1897,23
4016,227
4014,313
357,10
4904,4
355,204
3988,540
3989,217
1726,107
3984,74
3985,31
3986,289
3981,42
3982,21
3983,36
2299,402
43,96
6125,134
6124,241
6127,658
6126,606
6121,79
6123,1
6122,102
4707,36
4706,590
2321,289
2320,97
4703,782
4702,319
2325,172
1569,10
2329,19
1445,156
4709,258
4708,22
289,538
288,38
5932,21
1444,9
2830,14
1793,196
1443,449
283,64
282,54
285,36
284,22
287,110
1114,55
3760,15
3761,35
3763,49
3764,21
3765,3
3766,194
3767,55
3768,44
3769,79
1116,42
3167,1
263,19
262,91
267,63
266,50
265,56
264,29
286,89
269,1042
268,229
6011,99
6013,59
6012,1
6015,124
1215,2
6016,170
6019,525
2490,892
2493,6
2492,828
4646,83
2497,787
2496,288
4424,46
2193,23
1566,136
2259,66
2258,79
2257,383
2256,188
2255,44
1567,248
2253,76
2252,2
2251,4
2250,77
2477,482
5158,6
2475,362
2474,33
2473,4
2472,1
2470,153
5151,58
5150,51
5153,248
5152,233
5155,951
5154,63
2479,1054
985,248
2198,477
117,17
4090,8
111,215
110,137
113,40
112,348
4097,10
119,85
118,36
3432,32
2785,797
4801,393
2787,29
2786,914
4804,134
4805,349
2783,61
4807,7
3269,23
4809,1
1655,10
2788,15
2079,406
2078,2099
2073,575
2072,2
2071,2
2075,37
2074,311
4098,7
2174,652
3623,4
3508,21
3509,15
5089,46
3500,6
3501,66
3502,155
3503,26
3504,49
3505,36
3506,54
3507,127
2675,26
2674,34
2677,14
2676,51
2678,13
6103,62
2929,1056
2928,450
2921,341
2920,555
2924,100
2926,4
5330,1
5333,1192
5332,469
3685,88
5337,7
2216,18
4906,8
1630,115
3215,1919
1984,710
1633,523
3210,1237
1983,343
3212,152
1637,1679
5739,505
3218,3
3219,3
1988,67
1989,60
4683,19
2817,91
2816,343
2811,21
2369,43
2812,52
560,1
562,2
2819,25
2818,1215
567,87
3179,15
3178,934
5255,11
2366,106
3171,44
3170,9
3173,311
3172,13
3175,118
3177,85
5086,6
2364,2
5429,177
5428,12
1188,9
1189,430
1186,220
1187,1012
1184,34
3374,72
1182,52
1183,155
1180,490
5422,46
726,31
727,27
724,27
725,30
1748,298
723,715
720,22
721,152
1744,46
1745,5
1746,15
1747,77
1741,165
1742,56
1743,301
1164,4
2587,496
1166,82
5637,294
1160,128
4248,385
4249,50
4246,5
4247,533
4244,160
4245,509
4242,9
1169,1990
4240,110
4241,7
5520,30
5521,196
5522,1
5523,263
5524,34
5525,44
5526,197
5527,578
5528,16
5529,14
4397,19
5496,22
3197,90
3305,48
48,176
49,1222
46,395
47,706
4985,11
1364,87
40,46
41,27
1568,1202
1380,728
471,92
3300,7
4021,16
1561,315
5493,12
5023,1
1294,667
1295,171
1713,72
474,71
2026,8
1712,28
100,1
795,124
1710,87
5027,465
793,65
2599,5
2915,235
792,36
4398,59
4399,15
5639,738
5376,1
1860,4
5634,85
5635,35
4392,30
4393,203
5630,153
5631,2
5632,53
5633,37
472,246
473,118
470,139
3194,298
1362,170
3192,31
1360,76
3190,19
1865,10
478,66
479,432
3699,22
1368,8
1369,112
