1869,41
1718,7
3734,26
1866,3
5745,5
5718,2
4026,18
4027,76
4024,53
4025,236
4022,3
4023,7
4449,86
643,150
1868,59
4029,31
3383,2
5988,6
5989,112
5982,6
5986,1
5984,223
340,60
341,2
342,20
3998,16
3997,14
3996,91
3995,27
3994,11
348,23
349,5
3990,2
964,63
4844,111
4416,15
966,20
3573,5
4685,1
5373,1
4935,183
4732,30
4731,1
4736,190
4737,10
4734,39
2319,312
2316,608
2317,32
4738,365
4937,3
2312,12
2313,3
2311,1
4831,5
2184,11
5852,3
5853,141
294,5
292,41
3681,6
290,1
291,5
3773,14
3771,1
3680,41
3776,10
3775,6
587,35
3687,7
4021,4
1325,1
3686,3
270,13
4654,65
4657,21
4656,25
274,56
275,19
276,7
277,28
279,3
4658,26
374,7
3446,1
4782,2
642,35
2269,9
2262,6
2263,7
2260,42
2261,6
2266,12
2264,19
2265,1
963,19
2446,115
2447,2835
2444,51
2445,201
2448,23
2449,4
3690,1
108,131
109,56
598,40
103,5
100,1
107,156
105,1
2046,46
2047,33
2044,8
2045,17
4817,50
2043,769
2040,156
2041,47
2107,9
4819,209
4818,55
2048,1
2049,60
2105,1
6052,6
4031,5
5484,9
2836,1
2639,1
2835,1
2142,10
3518,3
5298,11
3513,12
3512,5
3510,2
3516,9
3515,1
3514,89
5297,3
2684,50
2686,1
2687,48
2680,25
2681,1
2682,6
2683,22
5406,3
5119,4
1211,4
343,21
3393,37
99,1
1435,1
91,3
90,10
5291,18
94,139
5402,147
1623,33
1990,3
1993,15
1620,140
5186,85
5187,102
1625,101
1996,220
1999,7
3993,6
1629,62
5189,124
3785,2
3209,14
3208,244
3398,175
3534,8
2862,3
2863,4
2864,8
2865,3
2866,29
2867,3
2868,77
2869,24
551,12
550,159
3539,6
5409,1
5055,129
5408,5
5458,8
3348,135
3349,397
3342,207
1190,154
5452,9
1192,7
5454,3
3347,14
3344,6
3345,24
1758,7
1756,117
1755,42
5053,27
1753,76
1752,12
1751,60
1750,84
4259,231
4258,147
1175,71
1174,34
1173,129
1172,28
1171,322
1170,520
4251,62
4250,17
4252,16
4255,651
4254,28
4256,21
5533,41
5532,15
5531,14
2360,35
5537,1
5536,5
5535,11
5534,137
5539,15
5538,2
513,3
1811,3
1285,62
1287,111
1004,27
1281,6
1280,5
1282,80
515,6
1579,88
1578,563
689,11
1001,11
3431,3
685,57
684,11
687,52
686,10
1577,7
2026,1
1575,1
1574,4
1348,24
5467,5
1349,22
1240,89
873,1
870,12
871,9
6093,2
5629,1
5628,3
4383,27
4382,7
4381,18
4380,108
4386,32
4385,3
4384,14
1371,103
1370,32
405,2
1372,7
1374,1
4269,3
1379,25
4848,181
6096,11
1342,4
409,371
408,1922
3834,5
3835,38
3837,8
3830,5
3831,195
3832,102
3833,20
454,5
2746,39
3839,67
455,8
5995,49
4030,72
5996,9
4035,1
5990,4
5993,141
5992,160
4038,13
457,32
5999,3
5998,5
977,1
2318,52
4735,3
3453,7
3206,3
379,15
378,101
2038,89
2314,1
377,113
376,11
2343,4
2315,5
1987,3
5664,174
393,1
390,17
397,167
396,2057
395,84
394,75
398,482
2309,241
2308,70
4729,3
4728,57
5855,2
2301,32
2300,111
4727,62
2302,329
2305,64
2304,6
4723,30
2306,33
5847,8
5845,14
5844,7
5842,8
5841,18
5840,13
5849,15
5848,14
298,7
3456,3
3746,2
3747,55
3745,1
3742,26
3743,46
3740,1
3741,21
245,214
4621,5
247,186
246,153
4624,77
4625,74
4626,2
242,1
249,19
248,143
2275,69
2274,1
2276,22
2271,100
2270,18
2273,21
2272,131
2279,117
2278,222
293,7
125,16
2454,179
2456,306
2453,7
4673,33
2155,100
176,26
175,44
174,1
173,85
172,240
170,62
2051,1
2050,13
2054,10
4829,79
2059,21
4827,5
3692,14
3693,30
3694,3
4531,82
4820,20
3697,23
970,7
2156,2
3596,19
3088,30
1879,1
1505,5
3526,14
3527,6
3501,2
3522,1
3523,3
3521,3
1508,14
3086,10
271,2
272,81
3080,5
3594,4
3225,3
273,2
658,9
1600,57
4651,66
659,5
2693,2
1603,1
2691,1
2690,17
1974,45
1605,5
4984,29
3220,4
4556,1
1971,5
3673,268
1970,112
3232,15
3233,6
5490,3
4555,1
3236,29
1969,805
1618,75
3235,22
1616,476
1617,40
1614,78
1615,83
5191,415
1613,35
1610,164
1963,71
1114,7
1363,3
714,12
2873,5
2872,66
2871,38
2870,6
2877,25
2876,15
2875,19
2874,4
2879,354
2878,48
4534,10
3354,23
3351,233
3350,380
3352,273
1360,5
3781,5
5448,69
1366,9
5443,42
5442,4
5441,1
5440,10
5602,3
5446,4
5444,33
1768,123
1762,2
1763,1
1760,1
1761,2
1766,14
1767,46
1764,4
1765,1
1140,16
2964,10
1148,1
2402,2
5500,4
1547,63
1544,18
691,13
1542,79
697,33
694,12
1541,100
698,29
699,1
1548,36
1549,116
546,8
1781,8
548,102
760,55
1783,7
400,4
4530,34
2969,4
2968,114
2195,10
2388,2
1787,2
5611,23
5474,3
5614,15
415,70
416,1
417,10
1388,113
1389,3
5716,13
1384,7
5472,1
418,2
1381,312
1382,41
1383,118
5003,1
3825,29
4532,5
5002,2
3829,9
3828,7
2768,3
5007,7
4282,34
4280,45
4281,9
4286,7
4284,11
5461,2
4288,10
3044,15
1447,34
368,1
366,92
364,5
362,3
3574,1
3214,2
5274,4
2760,2
5460,11
5275,46
1431,51
2098,17
380,73
382,26
383,1
385,1
387,10
388,129
389,75
4758,56
4759,27
5463,1
5272,2
4750,27
4751,10
4752,4
4753,37
4757,2
5872,110
5873,32
5871,84
5876,31
5877,264
5875,4
5878,1
3759,1
5376,1
4664,2
3751,16
3753,36
3755,9
3754,5
3756,1
2190,1
2191,8
258,255
259,14
2194,19
4636,80
4635,3
2197,40
252,44
253,202
250,65
4638,72
256,3
254,18
255,5
2200,105
2201,6
2202,408
2203,101
2204,22
2205,78
2809,19
2209,3
96,58
2429,553
4812,105
2420,26
1302,12
2423,2
2424,1
4811,93
2426,14
2641,2
4810,11
168,14
169,30
165,29
167,13
160,4
161,100
162,3
163,1
4839,31
4838,7
3688,4
1621,19
4528,7
3683,17
4830,8
4833,164
4832,9
4835,2
4522,26
4521,74
4836,30
2796,11
3212,23
2518,2
2519,8
1980,2
2514,1
2517,5
1841,123
2513,7
2735,8
4421,9
2730,4
2731,158
2732,77
2733,306
5296,52
4426,34
5295,1
5293,4
5290,5
1846,28
3531,111
3213,33
3533,17
3532,80
5058,5
5059,69
3537,6
5054,21
3538,27
5056,19
5057,91
5050,19
5051,15
5052,29
1158,42
1814,60
1815,6
1816,15
1810,33
1092,203
1812,1
1813,352
1093,16
1818,86
5468,1
675,1
4662,4
676,341
677,1
1098,70
1087,22
6070,3
1099,15
3042,5
4330,29
4663,14
500,4
3774,18
1609,12
1608,63
1979,2
1601,36
3224,35
1975,37
1602,3
1973,812
1972,62
3223,26
1606,114
809,3
808,1
908,2
807,14
2846,2
1102,26
2840,2
2841,1
5477,9
3322,27
3323,101
3324,4
5473,1
5470,1
3328,10
3329,86
2612,29
1775,82
1774,223
5276,22
1776,14
5270,9
5271,59
1773,1
1772,28
5278,2
5279,4
321,20
2806,29
3975,28
1159,17
324,161
2999,3
5433,1
1157,53
3976,2
862,16
1150,124
5519,17
5518,2
30,24
3038,5
1554,33
1550,18
59,311
58,27
3034,14
3035,11
57,60
56,508
3030,65
2995,229
3032,149
3033,173
54,3
3571,4
1976,117
1908,5
1909,2
3031,61
5605,22
5604,34
5606,41
5601,17
5600,15
5603,10
5136,42
3600,9
2997,6
5609,12
5608,13
4690,11
3297,3
3455,8
429,136
428,99
1900,76
1399,253
1398,16
1397,16
1396,9
1395,3
422,23
424,2
1391,5
426,2
3812,6
3813,15
3816,6
3815,24
3818,25
3819,49
4138,8
851,4
4299,2
5369,1
4294,11
4296,1
4291,4
4290,3
4292,12
4691,7
2298,1
1422,52
1321,93
2199,12
2776,3
4749,6
4748,17
4743,61
4742,37
4740,17
4747,31
4745,24
4744,2
5869,32
5868,2
5864,21
5867,12
5866,2
5861,13
5860,8
5863,1
5862,25
2330,19
2331,124
5350,106
2183,9
2182,14
2181,9
2180,120
4609,178
4606,53
4607,60
2189,57
224,119
223,2
220,2
2213,4
2211,4
2210,68
2216,3
2214,26
2219,9
2218,46
151,37
150,29
2439,61
2438,31
154,25
156,4
158,5
2977,2
2430,31
2437,23
2436,96
2435,11
4719,12
4922,1
4972,5
123,13
4519,14
4512,14
4510,2
4511,14
4517,31
4514,16
4515,121
1359,1
2503,4
2502,7
2500,1
2726,3
2723,27
2721,5
2720,6
5280,192
5283,20
5285,17
5284,21
2729,85
1163,9
5048,10
5047,98
5046,40
5042,5
5041,7
3782,27
3783,85
1805,10
1804,1
3786,27
1802,8
5206,14
1800,126
3788,1119
3789,47
1809,4
1808,34
4994,24
4992,79
4993,26
126,3
4998,59
4999,3
5567,18
3259,8
1948,2
690,2
1525,26
1942,4
1943,24
1940,98
1941,161
3254,3
1947,12
3256,7
810,2
812,25
813,30
814,76
815,24
816,3
817,19
1991,99
5181,19
5183,1
3205,17
1490,499
3332,19
3331,8
3330,49
1494,3
3336,264
3335,39
3334,384
5469,73
1995,72
3339,67
3338,55
423,20
1994,8
1700,18
1703,42
1704,92
3201,8
1706,50
1707,6
1709,3
5185,6
5269,28
5268,33
4573,12
427,1
1998,14
3217,6
1259,2
5188,7
1128,15
679,3
2093,35
1169,448
1121,1
1122,6
1127,16
4578,200
4579,28
313,3
2988,29
1807,8
3373,16
3029,17
3028,7
3027,2
3026,12
3025,25
3024,5
3023,1
2986,10
3020,105
1090,16
300,4
1018,148
1019,1276
1016,2
1017,3
1010,20
1011,50
1013,41
303,7
1232,4
2526,22
5674,27
4359,5
5678,8
5679,5
4356,4
4357,6
4350,4
4351,801
4352,1
4353,5
4679,8
4901,3
438,71
439,29
436,52
437,412
434,15
435,59
432,46
433,52
430,2
431,6
3809,8
3808,21
3805,7
3804,3
3807,5
3806,2
3800,73
3802,117
4671,38
4670,28
2285,7
5709,15
5704,42
5705,6
5707,15
5700,15
1967,1
3303,1
5703,2
49,59
1960,3
1697,10
4774,2
4775,7
4773,7
4770,8
4771,10
4779,20
4174,88
4175,2
4176,9
4172,1
4173,8
5819,2
4239,11
3060,5
5810,112
5815,4
5817,7
2464,10
4683,6
4618,32
238,1
239,23
234,8
235,185
4613,50
4612,50
230,63
2708,118
2226,10
2227,8
2224,9
2225,24
2222,12
2223,4
2220,22
2221,2
5924,3
5925,67
5926,13
5927,2
5920,17
5922,21
5923,46
4837,1
5928,15
5929,77
147,2
144,513
145,5
142,62
143,159
140,44
141,4
5069,12
148,4
998,65
1053,27
4500,21
4503,11
4509,46
1055,12
3401,3
2088,157
2089,135
1056,2
121,2
2082,7
2083,31
2081,18
2087,416
2084,41
2085,6
1537,1
1191,70
2538,220
2539,153
3343,1
2532,49
2533,30
2530,143
2531,124
2536,6
1193,18
2534,45
2535,21
2712,26
2710,134
2711,116
2716,6
2717,8
2714,46
4238,4
3346,7
915,1
1194,4
128,1
5079,67
129,1
5072,12
5073,9
5070,107
5071,29
5077,12
5074,52
5075,109
1832,3
1833,24
3799,382
3798,3
1834,4
1835,13
3795,1
3794,21
1838,88
1839,37
3791,63
3790,12
3793,18
3792,13
2154,35
2407,6
2404,18
4982,90
4985,8
2403,5
2152,415
4986,36
4989,2
932,12
931,19
930,33
2159,54
935,3
934,16
2829,4
5381,2
5382,4
5384,1
3091,89
5388,4
136,3
1957,61
1956,71
4825,1
1952,13
1959,4
1958,2
1754,97
3096,27
3370,4
3242,26
53,6
3247,64
3246,33
3244,8
1825,24
828,32
1824,20
827,3
4406,2
3097,63
1536,1
1176,42
227,3
1482,4
1481,18
619,5
1487,58
1486,100
1485,6
1484,129
3306,208
5496,1
3305,6
3302,31
5491,1
5492,70
5493,5
5252,29
796,80
5250,519
1710,15
1717,5
1716,2
5254,19
2146,139
5258,12
5259,13
799,65
612,13
4319,2
2143,1
4979,13
1139,2
4063,63
1137,3
5944,29
20,14
4974,50
4061,68
1276,25
5942,3
1178,13
3018,144
3019,56
3012,35
3013,7
3010,14
3016,11
3017,258
519,6
5530,16
926,2
1009,15
1007,11
1006,24
1005,32
2148,53
1003,12
1002,1
517,91
516,11
623,4
622,1
621,1
620,6
627,82
625,39
624,21
629,27
628,57
3309,7
5663,64
5662,43
5667,16
5665,38
4348,14
5669,87
5668,305
4343,31
4342,3
2882,3
2883,1
2880,46
2886,11
2887,11
2884,4
2885,175
23,1
2889,5
2,5
3099,1
4392,4
3879,14
510,2
3870,43
3871,105
3872,5
3873,91
3874,3
3875,32
3876,145
3877,83
1286,1
4358,9
13,24
15,32
14,49
17,7
16,13
5717,4
18,11
5715,410
5714,52
5713,239
5712,251
5711,8
5710,2
2740,9
3275,4
1924,14
1925,91
3904,10
3906,131
3907,28
3900,38
3901,1
928,4
3908,4
4761,11
4760,30
4762,12
4765,14
4769,91
4768,84
3193,5
4167,3
4165,170
4160,4
4168,3
5809,225
5808,11
5803,27
5802,27
5801,41
5800,277
5807,7
5806,12
5804,131
201,22
200,87
202,12
205,18
204,40
207,196
206,3
209,490
208,76
2745,7
1352,79
5012,8
831,3
1572,2
3470,21
1478,22
3471,1
2239,97
2238,4
1570,16
2231,8
2230,30
2233,1
3473,33
2234,3
2237,16
2236,6
5937,125
3575,6
5933,2
5932,31
5931,46
5930,214
682,18
1711,7
3577,1
5939,9
5938,87
3576,67
3498,31
3499,5
3496,148
3497,25
3494,14
3495,173
3492,42
3493,11
3490,3
3491,45
4570,16
2094,114
4572,6
2096,1243
2091,7
2090,103
4576,331
2092,77
3654,276
3655,378
3656,6
5097,23
3650,113
3651,49
3652,120
3653,14
2525,94
2524,34
2527,5
2188,229
2521,9
2520,110
2523,1
2522,1
2529,1
2528,58
4494,3
2791,1
4492,17
5065,28
5064,36
5067,58
5066,38
2709,10
5060,7
5063,2
2705,3
2704,178
2707,48
4883,95
4884,7
2700,4
2703,42
2702,63
5574,11
6119,1
2748,7
4408,42
4404,29
4405,20
1827,27
1826,29
4400,90
4401,44
4402,52
4403,44
2147,18
929,43
2413,21
2412,5
4978,12
2414,113
2417,412
2416,522
2419,67
2418,300
4977,27
4970,159
4971,101
2149,48
499,23
5393,11
5391,84
5390,37
5397,5
5395,32
5399,17
5398,15
4326,5
4564,26
4224,5
1922,203
1923,82
3272,3
3273,4
1926,106
1927,127
1928,242
1929,35
3278,63
3279,27
3474,231
3475,9
830,2
497,34
836,5
837,35
3472,20
835,32
838,7
839,23
3479,4
491,2
3,7
3319,91
3318,144
923,27
5488,1
5487,138
5486,19
3313,27
3312,14
3315,204
5482,9
3317,47
3316,4
784,77
786,25
787,4
5249,59
5248,52
1728,106
783,63
5245,336
5244,99
5247,69
5246,7
5243,49
1721,72
924,8
5626,19
3954,5
153,2
29,2
60,74
3311,35
62,39
152,2
3001,93
3000,48
66,103
67,60
68,99
69,32
3009,56
5485,68
5635,2
407,334
1588,1
1589,101
1582,22
1583,219
1580,12
1581,3
1586,45
3314,61
1038,32
1039,482
5634,7
508,203
1032,6
1033,5
1030,11
5329,19
1036,335
1037,277
1034,13
501,5
1212,123
1213,144
1210,1
633,5
634,3
1217,8
636,350
637,744
638,152
639,42
1219,48
4378,44
4379,185
5658,21
5656,7
5654,19
5655,20
5652,49
5653,53
5650,25
5651,23
1571,27
2899,18
782,29
2895,22
2894,85
2897,55
2896,6
2890,1
2893,28
2892,152
1106,11
1726,12
1456,138
1105,4
1531,9
1451,6
1452,2
1453,49
1898,4
1458,47
1459,4
1899,19
4080,2
3869,178
1725,1
3739,9
3863,20
3862,1
3861,59
3860,63
3867,135
1357,5
3737,2
1895,148
3735,8
323,4
5728,6
5729,3
5720,7
5727,15
1891,13
3917,7
4923,88
3915,13
3912,8
3910,75
4921,69
3918,3
2135,51
4798,5
4799,36
683,2
4973,49
4792,27
4694,21
4152,57
5837,26
4150,74
5835,180
5832,23
2130,98
5830,151
5831,412
4158,3
4924,68
5839,117
215,21
210,1
4339,4
3286,20
957,38
6088,12
6089,4
6086,5
6084,32
6082,28
6083,2
6080,10
6081,4
5903,2
462,24
5901,4
5906,2
4,29
5904,4
5905,59
5909,11
3489,6
3488,54
3480,17
3284,7
3485,13
3484,14
3486,60
4567,28
4566,3
4565,16
6050,1044
3647,13
4569,80
3643,10
3641,4
3640,441
2550,15
2551,19
2552,19
2553,1
2554,4
2555,1
2556,32
61,7
3283,3
2396,58
2397,50
2394,5
2395,48
2392,18
2393,1
2391,3
6041,1
2398,2
2399,4
2779,1
640,40
4898,9
5015,8
3282,3
5161,2
2770,42
2771,4
2772,5
3002,352
2775,2
4895,55
4894,4
2601,2
1858,161
1859,37
5693,2
1850,44
1851,11
1852,23
4414,7
1854,93
4412,1
4411,54
1857,136
6064,3
2173,2
2170,4
2171,168
6060,102
918,21
2174,212
4968,74
3941,16
914,20
917,2
4964,11
1355,1
913,28
4960,2
2606,6
2607,2
3847,5
1420,17
2608,2
1423,57
1933,56
1932,69
1931,171
1930,245
3265,10
1936,5
3267,28
1934,260
5124,8
1939,183
5121,2
5122,13
1424,38
3467,133
5630,11
845,229
844,5
3463,82
842,95
841,136
840,125
4277,15
5435,38
849,2
848,5
1429,1
5770,2
241,20
2406,19
459,5
4276,2
4905,5
6046,9
1585,1
1739,44
1738,8
5230,55
5231,79
5232,19
5233,59
1735,44
1734,68
1737,31
1736,176
243,4
5405,1
1195,29
753,84
752,26
751,1
750,34
757,71
756,3
755,3
754,179
759,4
758,13
3070,343
3071,21
3072,20
4930,2
3074,2
3075,2
3077,8
2954,2
2955,7
2956,143
2957,2
1599,3
1598,35
3787,1
5344,2
5346,77
1031,19
3784,12
1023,40
1022,63
4906,10
1115,10
1029,222
1028,212
503,2
794,4
605,4
630,12
4367,7
4366,46
601,3
600,10
4363,4
631,71
1205,3
1204,3
1207,4
1206,16
609,76
608,293
5649,22
5648,6
1358,15
5457,11
5640,75
4279,9
5644,3
5647,1
635,3
3696,6
3109,6
3107,52
3100,113
3101,137
3102,1
3103,7
1111,109
1110,18
1445,25
1444,2
5,99
1442,44
1441,1
1440,36
4589,5
1351,32
1449,7
1448,21
4093,118
4092,3
4090,8
4096,127
4094,59
5068,5
2401,8
4099,1
4858,1
791,1
5735,23
5737,5
5730,16
3704,4
484,22
483,4
2008,20
480,3
4581,4
4725,3
6044,1
3705,9
4724,9
5300,2
4582,2
2303,1
3920,71
4726,46
4721,4
3929,8
4720,1
2320,28
4789,3
4788,43
4787,1
4786,55
4785,60
4784,9
4783,5
4370,9
4781,5
4780,12
5821,6
5820,1
5823,3
5822,9
4149,3
5824,1
5827,70
5826,42
5829,31
4144,20
3992,15
4143,17
4377,5
3856,10
3854,19
3855,11
3852,53
3853,12
3850,11
3851,150
1801,17
992,34
3858,266
3859,67
4822,14
3005,10
6099,101
6098,8
4305,24
6095,21
6097,7
2898,1
4823,26
6048,19
5919,1
5917,2
5916,10
5911,1
5910,7
5912,1
198,9
195,26
194,1
197,35
196,1
3234,2
193,11
3672,15
4557,103
3670,433
3671,159
3676,157
3677,163
3674,58
3448,4
2543,20
2542,1
2541,13
2540,55
2547,65
2546,3
2545,5
2544,102
2549,49
2548,33
1104,10
2380,8
2382,1
2385,5
2387,11
2386,8
2389,1
1450,27
1103,6
3580,21
3581,22
5001,2
5000,13
3584,42
3585,40
3586,18
3587,7
2763,4
3589,10
2761,5
5008,3
2767,1
2766,12
2765,48
2764,9
1244,6
902,9
4620,11
900,3
901,6
906,4
904,3
1843,14
1842,33
4420,59
1840,235
1847,75
4427,58
1845,24
1844,50
6076,21
4958,8
6074,2
2169,27
2168,33
6071,5
3251,2
4953,356
4950,17
4951,3
2161,11
2160,23
4954,2
240,2
2617,1
2616,42
2614,115
2613,44
4916,59
2611,3
2610,13
4082,81
2618,29
3292,27
1944,3
5139,419
5138,31
1906,5
3295,129
5135,277
1905,15
5133,5
5132,50
5131,80
3293,58
3452,1
855,34
3450,3
3451,60
850,1
3457,45
852,1
853,68
372,10
3459,3
858,770
859,3
5425,2
6,141
2463,1
4546,9
4156,19
5229,10
5228,12
5223,17
5222,4
5220,6
5225,5
5224,2
3738,5
4588,3
740,2
742,48
743,123
744,30
745,44
746,69
747,35
749,25
1798,7
2949,7
2948,179
2947,38
2946,69
2945,86
2944,6
2943,7
2941,189
2940,31
5357,28
5356,134
1052,68
5354,5
5353,34
5352,32
5351,214
5234,17
1058,2
1059,4
5359,7
5358,4
1696,9
717,61
1694,15
1695,1
1792,151
2595,61
1791,13
1278,24
1279,1
618,4
4313,135
2042,12
4317,66
4318,8
613,1
610,24
611,268
616,12
617,55
614,10
615,66
4157,8
711,1
4429,10
710,1
3333,30
2377,6
3119,15
3118,24
3117,58
3116,15
3115,8
3114,25
3113,4
3112,1
2469,1
3110,9
1472,15
1473,22
1470,25
5462,1
1474,11
3260,18
1479,1
1495,3
1305,1
1306,37
5422,5
1300,169
1301,93
4469,35
1303,1026
1497,12
5740,50
5741,14
5743,1
498,39
4229,204
5747,6
494,19
495,38
4227,64
490,7
4221,21
492,5
493,93
24,29
26,211
5582,10
21,4
5581,12
927,5
28,54
5235,1
5589,12
3187,9
3599,1
1069,59
3938,43
3935,9
3934,8
3937,117
3936,30
3931,69
3930,11
3932,9
5031,31
4464,59
4139,65
5261,119
4130,3
4131,20
4132,8
4133,34
4135,15
5692,6
3840,28
5691,85
5696,27
3844,4
5694,16
3846,18
3849,16
5698,22
5699,172
1063,4
5303,1
3916,4
3649,1
5306,1
4044,20
4045,4
4046,25
4047,22
4040,5
4042,1
4048,9
5968,36
5961,81
5963,36
5964,11
5965,1
5966,6
5967,12
3665,122
3664,6
3666,41
3661,635
3699,4
2280,9
2281,3
2282,25
2283,3
3269,6
3668,97
4549,13
4548,3
4946,1
973,24
972,13
939,13
2578,8
2577,9
2574,42
2056,25
2572,2
2573,99
2571,15
4826,6
2379,7
2374,23
2375,2
1604,3
4824,2
2372,62
2373,157
3593,42
3592,39
2596,155
2597,2
2590,2
2591,377
2592,66
5039,104
5036,48
5037,18
5034,194
5035,69
5032,257
5033,24
5030,140
3695,112
1876,19
1877,6
1874,77
1875,13
4431,1
4430,102
1870,22
1871,10
1083,1
4533,13
1878,7
594,5
4945,19
4944,103
4947,9
974,95
4941,60
4940,29
971,58
4942,18
1080,5
4949,2
4948,23
182,53
4321,74
180,1
181,31
186,2
6047,4
603,1
6045,35
2111,42
2112,133
2113,15
2114,118
2115,44
2116,214
2117,62
2623,7
2620,2
2621,17
2626,66
2627,25
2624,7
2625,21
2628,24
2629,8
5108,674
4151,17
3288,5
1911,21
5103,55
5100,143
5101,183
5106,72
5107,9
5104,133
5105,117
869,10
868,33
3449,19
4154,41
3445,127
3444,24
4155,13
3441,3
3440,76
867,40
3442,388
2024,382
2757,24
2754,7
2755,15
2020,113
2021,5
2022,212
2023,51
2828,7
2758,13
2759,4
883,25
882,18
881,2
3971,9
5197,5
884,70
4590,6
5216,5
5217,7
5214,1
5215,287
5212,2
5210,9
5211,24
1503,6
5218,26
5219,60
1968,30
63,3
5549,75
353,40
3973,5
5414,9
777,2
773,1
5415,2
778,19
75,245
3385,99
73,83
72,8
71,15
70,16
3056,36
2973,6
3054,30
3055,21
3053,9
79,124
78,2
1043,142
5363,29
5360,48
1040,302
1047,14
1046,24
1045,41
5365,4
5368,108
5413,152
1681,11
1680,89
1687,1
1686,9
1689,1
1688,13
4303,200
4302,33
4300,11
4307,4
4306,10
669,270
668,97
667,5
666,9
1261,15
664,54
1267,137
662,97
661,289
660,1
3287,9
1910,4
2984,20
3285,7
3129,4
3122,3
3123,19
3120,18
3121,7
3124,145
3125,67
421,5
1468,98
1465,3
8,316
1467,65
3280,120
1461,12
1823,17
1463,5
1462,1
1317,30
1316,54
1315,1
1314,60
1313,12
1318,26
5751,12
5750,8
5757,2
5755,1
5754,8
4237,47
4236,6
4235,75
4234,3
4233,25
4232,218
4231,6
4230,2
5591,32
5590,363
5593,13
5595,131
5594,107
5599,2
861,37
860,5
3948,135
3949,92
319,76
318,14
3274,97
3940,144
312,33
3942,4
310,3
3944,33
316,4
3946,4
5168,7
3443,1
2756,4
4129,327
2025,1
4123,44
4122,53
4120,17
4127,29
4126,8
4125,48
443,3
5684,2
5681,4
441,11
3658,1
3405,1
440,10
2750,4
4422,3
2322,12
2751,5
4705,41
6062,158
5195,51
4703,166
2326,17
4057,144
4056,5
4055,56
4054,22
4053,46
4052,34
4051,19
4700,1
4059,84
4058,24
5194,16
5978,78
5972,5
4361,15
2983,16
5977,199
3477,1
5975,1
5974,6
3610,10
3611,3
3612,13
3613,2
5299,10
3615,15
3616,29
3618,4
3619,1
2297,85
2294,14
4354,34
880,14
4355,30
2982,1
2569,150
2568,1
2561,70
2560,463
2563,88
2562,6
632,17
4932,3
2566,156
2369,10
2368,287
2366,20
5776,3
2362,401
2361,3
5907,5
2587,45
5028,16
2585,1
2584,1
2583,16
2582,14
5190,6
5021,23
865,5
5022,7
5024,1
2589,132
5026,95
1861,55
1860,2
1863,6
1862,38
4444,20
1864,5
1867,6
4447,99
3724,6
3725,8
3726,16
3727,2
4490,41
3722,1
4686,63
965,7
4684,14
4933,8
4934,41
961,82
4680,40
4681,48
4938,41
4939,39
4688,35
2109,23
2108,35
6059,241
6058,2
5576,3
6054,5
2101,28
6056,42
6051,33
2106,47
6053,18
2104,26
5115,16
5114,69
5117,1
5116,2
5111,36
2638,4
5113,4
5112,46
2635,5
2634,154
2637,5
2636,25
2631,27
2630,84
2633,6
2632,15
5256,30
5403,4
3438,3
3439,21
5192,80
879,50
876,3
877,4
874,33
3433,1
872,27
1243,46
3436,9
3437,5
2741,56
2036,242
2035,259
2034,203
4596,5
2744,49
2031,1
2030,695
9,12
1533,13
4846,187
4840,83
2039,167
4843,4
891,3
892,12
893,14
894,21
895,54
896,142
897,280
898,6
899,65
1246,187
5201,19
5401,16
5202,3
5205,3
5207,7
1248,10
5208,21
5198,14
3544,32
3545,1
3547,46
3540,58
3541,9
3543,7
4369,27
1619,13
3548,41
3549,99
1964,53
1965,46
1966,173
5182,9
1788,1
1789,2
5196,1
2960,5
2962,9
762,16
1612,31
1782,109
761,123
1784,72
1785,69
1786,78
1961,15
3049,37
5193,31
3040,7
3043,17
1611,3
3045,17
3645,121
3046,29
5379,205
1078,16
1079,20
5375,5
1535,165
5377,37
1075,2
1072,82
5370,48
1070,19
1678,79
1679,26
1675,2
1676,1
1094,29
1096,18
1097,9
678,36
1091,35
4338,2
1534,118
674,39
4337,16
4334,46
4335,80
670,177
671,48
672,41
673,192
3135,45
3134,343
3137,44
3136,58
3131,18
3130,66
3133,15
3139,71
933,2
1915,6
3962,3
1622,2
1418,23
1419,7
1410,78
1411,4
1412,12
1413,7
1414,4
1415,5
1417,48
1322,6
1323,38
1320,4
644,202
1327,1
1324,13
774,6
2495,8
1328,28
5180,13
4209,17
5768,49
5769,68
5767,2
5764,80
4645,98
5762,2
5763,9
647,83
5564,48
5565,17
5566,190
772,9
5560,9
5561,7
5563,63
1524,16
1257,20
1526,1
1527,103
1250,91
1251,58
1528,97
1529,109
1258,6
1530,40
309,38
3959,8
3958,28
3953,18
3952,21
3951,36
3950,54
305,2
306,22
307,3
4116,1246
4117,910
4114,2
4115,884
4112,23
4113,46
4110,4
4111,116
4118,85
4119,8
4634,6
2254,2
2978,18
74,48
3340,46
4448,20
5159,48
5184,1
5011,4
2565,45
5702,7
3341,10
4062,6
5947,20
4060,107
1624,225
4066,1
5943,213
5940,4
5941,77
4069,29
5948,18
5949,17
5784,6
5018,4
5787,5
5782,2
5019,1
5788,7
4891,2
3603,5
5362,21
3601,4
2773,71
3606,121
3609,202
3608,76
1041,1
4896,3
5361,1
5157,53
2478,1
5367,43
6118,11
5364,20
6073,12
6114,36
6115,117
6116,92
6110,22
6111,66
6112,3
6113,72
2358,183
2359,4
2352,6
2353,117
2350,19
2351,1
2356,100
458,47
2355,2
1048,10
4453,22
4451,9
4450,4
4457,26
3968,28
4455,15
4454,8
1894,3
3736,109
1896,4
1443,74
1890,13
3732,24
1892,20
3730,15
2136,132
958,18
2134,91
4920,7
4695,121
4926,85
4925,10
2131,29
953,2
952,27
955,61
954,14
2138,118
956,120
3203,22
6020,6
6021,2
477,1
6026,4
2648,207
4800,3
4899,9
5163,60
5164,105
5165,3
4801,79
2640,4
5169,112
2642,3
2643,7
2787,34
2646,7
2647,831
4803,66
4804,18
4527,1
3429,7
3428,31
2783,7
4777,15
3422,21
4418,9
3427,150
3425,26
2003,2
2000,78
2001,106
2006,4
2007,6
2004,10
2005,82
4857,111
4584,9
4587,110
4854,20
4853,81
4415,32
4851,42
4850,206
1853,3
2118,16
1790,6
1856,77
2100,1
2996,27
3556,2
3555,6
3554,1
3553,35
3552,40
3550,185
6066,4
3558,3
6067,18
919,1
2911,37
2912,136
2913,172
2914,149
4969,40
719,47
2918,25
663,107
715,7
2175,4
1797,12
1796,15
1795,58
1794,49
4967,8
1265,135
716,5
4966,98
4079,6
4965,39
5954,2
5308,154
2179,35
1061,6
5301,5
5302,22
1062,8
1065,3
1064,19
1067,2
5307,32
4526,12
1907,2
1662,41
1661,16
1660,115
4329,92
590,3
1085,80
592,2
595,58
1082,19
597,1
596,366
599,239
4320,102
1088,13
3140,385
3142,13
3143,251
3144,65
3145,10
3146,14
3147,13
2824,58
2826,1
2821,5
2822,1
2823,68
3386,142
3387,6
5417,11
3382,105
5411,1
5412,9
3381,48
2032,5
5418,21
3964,22
3388,45
3389,379
1409,5
1408,2
1403,41
1402,6
1401,72
1400,182
1406,26
1086,3
1025,3
449,224
448,16
1339,24
1338,51
1491,3
1335,3
1337,59
1336,29
1330,1
445,109
2609,6
5779,21
696,27
5772,8
5775,10
5774,17
1543,20
3261,2
1492,1
1540,2
1057,5
5578,2
32,29
695,6
37,104
5572,180
5571,14
5570,9
1241,38
3093,52
3090,78
1242,61
645,334
1532,87
1247,269
646,212
649,3
648,31
3098,5
5798,3
1027,96
1539,7
1538,7
1493,4
339,5
338,177
335,176
334,69
337,65
336,134
331,82
330,78
333,69
332,297
4101,1965
4100,45
4102,38
4107,1343
4106,339
3204,1
5347,29
2127,2
1901,2
3899,402
2980,15
1634,3
3892,37
3893,16
3890,20
3894,68
3895,47
847,18
3465,2
3464,10
1635,1
1464,2
843,5
1496,6
2119,6
3462,120
1353,72
5950,2
5952,2
5955,8
3461,65
5956,4
5959,1
5958,14
4071,17
3375,4
1460,6
3966,7
3967,2
5795,1
3965,11
5793,126
5792,3
3960,38
3961,50
1962,23
5081,1
5799,28
3969,12
3639,81
3637,3
3634,311
3635,2
3632,8
3630,609
3631,218
5343,3
4610,22
1498,3
3507,11
236,11
2345,4
2344,1
2347,18
237,23
2341,1
2340,40
6109,157
2342,45
6107,10
6106,53
6105,337
2349,5
6102,13
6101,48
6100,115
1499,16
5785,25
2594,10
3708,1
2346,62
3669,1
1889,5
1888,5
3702,13
1886,17
3700,238
3701,35
3707,60
4460,140
4461,1072
2121,9
2120,29
2123,62
2122,5
2124,120
4918,37
949,41
2129,122
947,9
944,53
945,44
4660,8
4913,132
4910,182
4911,76
6039,29
6038,6
6032,5
6031,8
6030,1
6037,18
6036,8
6034,2
5173,9
5172,27
5171,48
5170,4
5177,7
5176,9
5175,39
2652,129
2651,8
5178,127
2657,11
2656,25
133,12
132,349
131,32
130,41
137,2
3413,6
135,1
134,199
4371,1
3418,12
4868,203
2019,83
2018,9
2015,7
2014,2
4860,258
2016,12
4867,1
2013,1
4865,79
5349,1
1591,5
183,83
3563,11
3561,2
3566,38
3567,99
3564,77
3565,89
3568,20
3569,10
511,2
4484,7
4485,14
4480,1
4482,74
4483,10
4489,69
2903,14
2902,10
2900,12
708,2
2904,67
704,10
705,1
2908,9
700,9
701,2
703,6
3037,5
88,13
89,1
82,17
80,72
81,72
84,20
5319,5
5313,12
5312,1
5310,220
5314,5
1659,11
2487,2
1652,8
1651,1
1656,3
1654,8
586,49
1986,84
585,24
1631,1
5273,2
3216,18
3151,22
1633,121
2692,2
3156,7
2837,2
1982,46
3159,5
3211,89
1436,258
1437,16
1434,70
5404,35
3395,21
1433,20
3397,107
5400,51
1380,157
1981,52
1438,392
1439,13
1260,11
1731,13
4506,3
1730,11
299,2
4260,409
4261,205
4262,91
4263,37
4264,5
4468,119
4266,51
4267,30
450,898
451,1345
452,1033
453,54
1344,117
1345,1
456,6
1347,67
185,5
5236,19
4467,1
1885,11
766,5
2157,4
5548,89
4465,31
3263,7
5543,50
5540,12
5541,9
5546,9
2483,1
657,134
1500,8
1501,5
652,12
1507,58
1504,25
651,40
3085,24
3084,2
3087,327
1509,47
3081,6
311,46
3083,8
3082,20
3943,11
3369,9
5890,11
5891,11
5892,4
5893,10
5894,8
315,15
5896,9
5897,3
5898,5
5899,1
1992,13
3884,8
3886,13
3880,25
3882,8
4919,5
946,20
4914,12
4650,70
4912,34
4661,91
940,3
941,118
4008,1
4009,8
2017,62
4004,3
4005,43
4006,6
322,47
3970,374
320,25
3972,154
326,26
3977,47
325,67
3979,4
328,1
329,51
3629,235
3628,45
3620,4
3622,28
3625,40
3627,1
4714,189
4715,36
4710,11
4711,5
4712,8
4713,167
2338,61
6133,4
4718,25
1597,5
6135,10
5765,2
1880,1
2958,13
2010,1
50,6
3715,11
3714,2
3711,8
3710,13
3719,6
4479,317
4478,535
2658,11
4471,107
4470,127
4473,17
4472,10
4475,5
4474,6
4476,2
4909,4
6007,4
6004,10
6000,24
6001,140
2486,9
4676,2
2484,2
2485,139
2482,80
4672,33
2480,18
6009,6
2249,201
2244,2
2246,6
52,6
2241,9
2242,6
2243,32
995,17
994,417
997,133
2467,20
2461,29
2462,27
5149,14
5146,34
5147,7
5144,29
5142,38
5143,1029
5140,80
5141,60
120,47
3400,18
1026,172
124,18
3404,49
3407,171
127,3
3409,69
3408,24
3416,2
4871,5
4870,1
3417,3
3378,38
3414,19
363,10
1186,42
2798,14
5424,1
2792,6
2061,10
2790,5
2063,15
2064,1
942,24
2795,8
5348,3
3411,16
1183,21
3371,1
943,73
5098,426
5099,178
3579,45
3578,191
5090,4
5091,12
5092,10
5093,46
5094,19
5095,4
5096,39
3572,4
4497,2
4496,1
4495,2
2665,6
2662,42
2663,25
2660,3
2661,10
722,133
2938,10
2939,2
2936,94
2937,46
2932,6
2930,30
2931,16
5326,16
5322,4
5321,9
4880,2
1836,102
5328,125
1837,96
1645,6
1647,5
1646,2
1641,1
1640,5
1642,62
1649,181
4881,6
792,4
729,3
3796,87
1165,16
607,22
2808,26
606,11
3169,131
2803,9
3162,4
4360,3
1421,65
4981,112
5430,21
5431,55
3368,27
4248,40
4980,58
3364,7
1428,58
5438,6
5439,1
4983,19
3362,7
2405,8
735,509
734,6
737,4
2150,17
3390,4
2151,60
4273,50
4272,281
4271,39
4270,48
469,25
4987,15
4275,6
4274,16
465,12
464,5
467,590
466,14
461,49
463,28
1200,156
5555,3
5554,61
5556,12
5553,52
5552,4
5559,9
5558,131
936,1
1518,18
1515,28
1514,2
1516,12
1511,49
1510,1
1512,7
4225,5
281,8
4886,3
5883,43
5880,2
5887,47
5886,29
5885,64
5884,3
4859,120
5889,29
5888,2
5645,7
3184,5
3186,9
3394,10
3180,249
3181,9
3182,82
3188,57
3189,1
3505,7
1277,18
5970,3
4013,1
4012,108
4011,162
4010,22
1897,4
4016,43
4014,65
5797,1
355,34
3988,261
3989,38
3984,9
3985,1
3986,24
3981,6
3982,13
3983,4
2299,102
43,15
6125,24
6124,44
6127,54
6126,51
6121,3
6122,20
2323,2
4706,113
2321,83
4704,231
2327,26
4702,30
2325,31
2324,33
2329,9
1113,19
4709,41
289,136
288,8
1112,8
2830,4
2292,1
1793,21
280,30
283,13
282,8
285,16
284,2
287,34
286,44
3760,1
3761,8
3763,13
3764,9
3766,40
3767,8
3768,3
3769,3
1116,1
263,8
262,2
3248,16
267,22
266,17
265,20
264,8
269,229
268,52
6011,25
6013,5
6015,11
6014,13
6016,86
6019,23
2490,80
2492,132
4646,18
2497,153
2496,44
2193,4
1294,108
2259,46
2258,26
2257,49
2256,38
2255,5
1295,77
2253,16
2252,1
2251,2
2250,21
2477,81
5158,6
2475,57
2474,4
2470,4
5151,35
5150,4
5153,26
5152,40
5155,212
5154,14
2479,168
985,58
2198,127
117,18
2137,4
111,40
110,18
113,2
112,46
119,53
118,9
2785,181
2784,177
4802,55
2786,128
2781,1
4805,61
4806,80
4807,2
2788,2
2079,46
2078,212
2073,88
2071,1
4108,1
2076,8
2075,10
2074,56
2777,1
5895,4
3508,5
3509,2
5089,8
5082,5
3502,23
3503,3
3504,6
5086,2
3506,5
5084,15
641,31
2060,3
2674,2
2677,1
2676,7
2678,2
6103,10
2929,112
2928,67
2921,124
2920,92
2924,5
2564,3
5333,164
5332,27
3685,10
1630,24
3215,406
1984,149
1985,38
3210,293
1983,56
1636,100
1637,365
5739,31
604,2
1988,2
3222,3
2817,18
2816,105
2811,3
2810,2
2812,14
2819,1
2818,302
567,11
3178,174
5255,1
3171,7
3170,1
3173,31
3172,1
3175,10
3177,19
1483,4
5429,9
3379,6
1189,75
3377,248
1187,190
1184,8
3374,6
1182,12
3372,5
1180,74
1181,6
726,3
727,11
725,34
1748,53
723,164
720,5
721,54
1744,6
1745,2
1746,22
1747,20
1741,27
1742,7
1743,33
5029,152
1166,10
4393,24
1160,30
1162,84
4249,18
4246,1
4247,70
4244,22
4245,57
4243,20
4240,1
5520,3
5521,20
5523,58
5524,36
5525,2
5526,31
5527,64
5528,2
5529,1
3197,14
48,15
1367,15
46,21
47,42
1364,58
40,6
41,1
1568,235
1569,1
3194,63
5020,1
1561,62
3301,12
1566,38
1567,32
1713,7
474,13
5253,80
4693,20
591,4
795,12
5251,4
5027,147
793,5
2599,1
2915,43
5257,33
4399,6
5639,129
4390,6
4391,58
1201,2
5637,37
4394,8
5632,10
5633,2
472,25
473,10
470,13
471,6
1362,62
3192,2
1000,70
3190,2
478,5
479,59
1369,29
