1718,23
4446,11
1866,2
5745,60
4418,13
965,9
4026,35
4027,800
4024,121
4025,1719
453,264
4449,343
3798,6
4028,5
4029,84
3383,9
5988,40
5989,846
5982,54
4642,2
2993,5
5684,8
5986,47
966,15
5984,967
340,52
341,2
342,41
343,80
3997,57
3996,487
3995,210
3994,61
3993,64
3992,60
3991,26
3990,50
4686,219
4687,10
1343,6
967,2
4932,205
3573,29
4933,12
2919,2
3381,154
4935,267
4732,154
4731,11
4736,1104
4936,84
2318,510
2319,1974
2316,1556
2317,67
4738,1577
4681,367
2312,99
2313,52
2311,51
5854,3
4831,16
5856,33
5857,6
5850,4
298,19
5853,477
3237,6
294,17
292,277
3681,41
290,7
4023,18
3773,59
3771,38
3680,201
5749,5
3776,129
3775,16
3774,26
4835,41
3778,18
3686,6
270,39
4654,659
272,1106
4656,415
274,682
275,34
276,12
277,42
279,1
1992,204
4658,143
2146,464
4782,8
642,142
2269,48
2262,26
2263,18
2260,182
2261,61
2266,49
2264,111
5789,1
2446,533
2447,13326
2444,185
2445,894
2448,176
2449,20
2189,312
1136,2
108,450
109,128
2102,16
103,14
100,88
106,15
107,966
105,6
2046,95
4812,229
2044,15
4810,107
4817,763
2043,1281
2040,406
2041,153
6051,140
4819,1826
4818,728
2048,64
2049,2563
1373,1
2105,28
2104,145
820,1
5981,18
4031,45
4279,101
4843,16
2639,37
4456,3
2835,7
4979,95
1151,1
3519,22
3518,45
5298,40
3513,114
3512,94
3511,1
5299,117
1210,67
3516,42
3515,12
3514,2171
5297,14
2684,170
2685,10
2686,9
2687,243
2680,547
2681,6
2682,431
2683,410
3441,4
1437,40
5119,68
1211,45
3998,39
1434,394
99,109
5482,39
1435,32
4937,1
91,15
1432,11
5291,38
94,484
96,341
5182,69
1990,51
1621,139
5181,87
5186,304
5187,604
1625,384
5185,39
1216,32
1998,93
1629,212
5189,591
3145,18
3208,808
4974,407
3010,75
4526,14
2130,724
2862,3
3696,131
2864,135
2865,42
2866,157
2867,5
2868,135
2869,37
551,44
550,879
553,172
552,6
5054,36
5409,30
5055,206
5408,57
5458,213
1198,34
3348,973
3349,3069
3342,1347
1190,1343
1193,63
1192,18
1195,329
3347,67
3344,127
5457,144
5052,76
1758,17
1756,2483
1755,755
1754,639
1753,691
1752,97
1751,202
1750,595
4259,63
4258,883
1175,581
1174,243
1173,270
1172,55
1171,2963
1170,5064
4251,201
4250,53
4252,68
4255,1335
4254,63
4256,68
5533,980
5532,337
5531,271
2360,25
5536,43
5535,32
5534,506
5539,168
5538,16
1005,148
644,245
4433,1
1285,137
1287,341
1004,141
1281,27
1280,21
1282,676
1003,65
879,307
404,12
3430,5
1579,478
1578,2504
689,27
1001,21
1872,1
877,8
685,559
1572,23
1571,95
686,85
1577,26
2026,11
683,36
682,260
4260,954
875,2
1349,152
3434,5
873,34
3345,21
870,8
871,72
626,12
4592,34
4389,1
5629,28
2740,46
4383,49
4382,14
4381,29
4380,262
4590,30
4385,19
4384,12
1371,557
1370,199
405,38
1372,33
402,4
1377,2
1341,35
1379,76
4848,1238
6096,14
452,7051
409,2583
408,10227
3834,38
3835,99
3837,64
3830,33
3831,645
3832,323
3833,61
454,45
2030,3589
3839,501
1345,11
5995,180
9,81
5996,41
4035,12
5990,94
5993,1257
5992,1687
4038,94
457,124
5999,9
5998,52
977,3
4734,248
4735,15
3206,17
379,98
378,1199
3620,13
371,4
373,5
372,26
2314,36
377,1157
376,149
2343,5
1244,29
5107,41
5664,506
393,2
391,5
390,18
397,1233
396,7502
395,480
394,1200
398,2415
3790,25
5796,1
895,378
2309,1795
2308,104
4344,13
4729,8
4728,290
5855,4
2301,237
2300,380
4727,450
2302,1116
2305,136
4720,1
4723,79
2306,37
5847,20
5846,2
5845,194
5844,174
1917,4
5842,23
5841,101
5840,21
3592,154
5849,53
5848,88
5852,15
3749,1
3747,555
3744,1
299,20
3742,214
3743,189
3740,2
3741,117
245,128
4621,193
247,288
246,143
4624,351
4625,264
242,49
4628,1
3591,1
249,23
248,501
2275,222
2274,1
2276,45
2271,472
2270,123
2273,62
2272,498
5858,4
2279,508
2278,1028
293,41
4407,3
2154,290
291,25
2705,13
3201,77
125,14
2455,12
2454,1175
2456,2370
2451,5
2453,74
4673,234
3770,7
176,213
175,646
174,51
173,266
172,1076
170,988
2051,67
2050,225
2053,3
2052,2
2055,3
2054,103
2057,33
4829,387
2059,186
4827,26
3692,52
3693,94
4822,133
3695,1490
4820,179
4533,176
3596,79
3089,13
3088,75
1879,10
1110,147
1367,39
2769,6
1505,13
3526,10
3527,15
3501,56
3522,38
3523,23
3520,1
3521,6
3087,699
3528,6
3529,1
3086,41
271,46
1978,2
4657,140
3080,39
3225,137
273,13
658,9
1976,1253
2696,91
2695,26
659,19
1226,18
1603,2
2690,129
1602,12
4653,20
1605,11
4559,1
3220,34
2704,703
1971,66
4557,175
5832,30
1606,727
1362,269
3232,334
3233,28
5490,11
3236,243
1969,2117
3234,57
3235,29
1616,2200
5194,24
1614,215
1615,267
5191,1912
1613,111
1610,506
5192,371
2063,93
1363,21
3450,3
714,14
2873,41
2872,310
2871,88
2870,29
2877,586
2876,287
2875,100
2874,44
2153,9
2879,1378
2878,1237
4534,112
3355,13
3354,106
3357,3
3351,1392
3350,1687
3353,2
3352,2136
3358,3
5448,252
3745,24
5443,239
5442,8
5441,88
5440,36
5447,8
5446,51
5444,138
1768,261
1762,5
1763,75
1761,9
1766,29
1767,238
1764,125
1765,214
1140,80
3325,2
1147,6
2964,8
1148,2
2692,1
2966,7
505,1
5502,18
5500,15
5501,1
1547,1035
1544,41
691,171
696,96
1543,60
1540,58
1541,359
698,60
699,1
1548,641
1549,1227
546,25
3204,15
3784,90
548,495
760,114
3885,13
1783,32
400,103
2969,21
2064,28
2968,501
1627,2
6000,126
2649,9
4531,159
3321,6
5612,9
5495,1
5611,158
5474,55
5614,59
1946,2
414,1
415,465
416,1
417,63
1388,761
1389,71
412,2
5716,47
1384,68
5472,7
1386,57
1387,23
1380,930
1381,1694
1382,268
1383,667
5003,15
3825,80
4532,17
3326,5
3581,40
5001,59
3829,157
3828,39
5000,40
1177,7
1254,6
3584,164
4282,576
4280,414
4281,114
4286,103
4284,29
4285,4
5461,4
4288,52
5004,3
2403,27
2099,2
3044,21
1447,488
368,34
2762,12
366,337
367,3
364,4
365,1
362,19
363,28
3214,2
5274,14
2760,7
5460,135
5275,540
2098,195
1777,1
380,317
382,91
383,13
4985,11
385,9
387,75
388,462
389,305
2764,36
1770,7
4758,59
4759,85
5272,6
1369,14
4750,67
4751,31
4752,18
4753,99
4754,2
4755,11
4757,3
5872,346
5873,210
5871,432
5876,132
5877,1727
5875,24
5878,30
5879,53
2045,8
3759,35
5462,19
5376,1
4664,3
3751,79
1779,48
3753,310
3755,43
3754,16
3756,8
2190,1
2191,24
258,1666
2193,21
2194,85
4636,577
4635,5
4634,1079
2198,603
253,531
250,240
4638,167
256,29
257,23
254,157
255,143
2200,631
2201,56
2202,2030
2203,373
2204,60
2205,125
2206,5
2209,14
1301,245
5169,182
2429,2605
2047,17
2420,57
2423,29
2424,9
4811,297
2426,242
901,17
168,65
169,757
165,270
166,6
167,243
160,38
161,959
162,41
163,4
4839,183
4838,7
3688,28
4529,1
4528,19
3683,130
4830,89
4833,464
4832,14
3687,49
4522,90
4521,250
4836,145
4422,3
3212,176
2518,26
2519,43
1980,33
2514,9
2517,75
4420,369
2513,49
2734,2
2735,60
1676,53
2730,9
2731,631
2732,294
2733,1567
5296,173
1847,541
5294,4
5295,33
5292,1
5293,27
5290,39
1846,64
3531,436
3530,5
3533,78
3532,269
5058,49
5059,136
3537,15
3536,38
5469,60
3538,550
5056,138
5057,544
5050,48
5051,42
609,148
1158,183
1814,306
1815,13
1816,92
1810,180
4338,14
1812,7
1813,1207
1093,63
1818,631
1819,3
1107,2
5468,34
675,33
2169,115
676,467
4167,10
677,27
670,1193
1087,28
671,374
3042,18
672,120
4663,33
4331,5
2803,22
2167,32
1608,1011
4987,26
1979,8
5518,34
1601,86
3224,565
1975,264
1974,104
1973,1831
1972,135
3223,100
1970,938
809,19
808,9
803,7
802,2
801,1
6078,4
807,118
806,4
804,1
2846,2
4969,163
2843,11
2840,5
2841,9
5477,151
3322,128
3323,772
3324,17
5473,68
5470,21
3327,4
3328,28
3329,207
1259,101
1775,318
322,1310
5276,123
1776,81
5270,33
5271,400
1773,13
1772,66
5278,16
3973,45
321,86
608,774
2806,205
326,154
1083,2
1159,78
324,987
2999,2
1157,192
325,161
862,76
1150,237
1152,3
5519,171
914,67
1178,38
30,133
3038,22
146,1
5801,105
1554,101
1550,160
1101,4
59,1042
58,109
3034,32
5807,7
57,290
3037,31
3030,164
2995,577
2996,88
3033,610
54,11
2992,10
3571,68
56,1316
1908,48
2994,3
5138,109
3031,290
5605,308
5604,111
5607,6
5606,170
5601,60
5600,79
5603,66
1907,7
2997,34
5609,76
5608,29
3724,10
4690,43
3297,87
5133,33
3455,41
3291,16
429,1330
428,714
5131,760
1399,339
1398,40
1397,56
420,91
423,121
422,141
425,3
424,7
1391,40
426,13
3812,26
3813,132
3816,28
3453,186
3818,191
3819,578
4957,5
1420,5
3451,58
3456,22
4692,1
851,13
4299,11
4294,60
4297,33
1423,272
4291,59
4290,34
4293,1
4292,47
4691,37
3510,14
1422,539
2199,18
2776,2
1165,52
4749,10
4748,225
1425,1
4743,622
4742,499
4741,7
4740,209
4747,325
4746,11
4745,239
4744,9
2970,1
5869,236
5868,50
5864,86
5867,51
5866,2
5861,49
5860,116
5863,2
5862,51
2330,49
4715,256
5350,348
2183,77
2182,84
2181,37
2180,623
4696,3
229,1
2184,78
227,27
4607,185
225,18
2188,920
4602,19
3548,40
221,1
220,22
2213,6
2212,1
2211,43
2210,130
2217,7
2216,17
2214,19
2219,43
4713,233
3698,1
2339,4
151,90
150,87
2439,326
2438,126
154,360
156,10
159,27
158,45
2430,224
2437,27
2436,396
2435,98
4922,15
1429,5
4901,197
4519,45
4512,74
4510,2
4511,30
4516,4
4517,120
4514,110
4515,522
5095,2
1162,244
2507,10
2506,34
2505,12
2504,6
2503,31
2502,40
2501,45
374,16
2727,31
2726,8
2725,2
2723,347
2722,19
2721,21
2720,10
5280,1054
5283,46
5285,55
5284,74
2729,315
5286,13
1712,63
1163,1
5049,9
5048,71
5047,577
5046,2601
5042,15
5041,144
5040,13
3782,132
3783,131
1805,114
1804,38
3786,190
1802,37
1801,73
1800,444
3788,4614
3789,177
1809,5
1808,93
4994,118
4995,9
4992,65
4993,162
4990,3
4991,2
126,11
4998,214
4999,21
3699,5
4762,19
90,38
149,2
3710,2
3259,105
1948,42
690,5
2176,4
1257,99
1942,38
1943,242
1940,185
1941,689
975,25
1947,79
3256,94
810,10
811,6
812,262
813,112
814,320
815,140
816,38
817,202
1623,215
3495,416
5183,40
1523,1
3205,75
1490,1760
1491,105
1492,1
1620,1188
1494,10
3336,2280
3335,104
3334,1159
1498,6
1995,298
3339,178
3338,347
1395,29
1994,97
1700,33
1701,2
1703,26
1704,143
1705,3
5261,697
1707,9
1709,35
1624,726
5269,494
5268,579
1999,25
4573,43
3658,61
1390,1
5188,8
3659,3
1128,9
679,27
4576,3607
1122,65
1123,10
3556,2
1125,3
1127,8
4578,380
3655,960
313,27
5437,5
2988,134
1807,64
3029,47
3028,14
2983,85
3026,57
3025,67
3815,153
3023,23
2986,16
3021,1
3020,272
3953,3100
1018,478
1019,1060
312,160
695,13
1016,19
1017,18
1010,71
1011,223
5234,49
1013,320
3950,83
1232,45
6007,10
4269,13
5674,206
4359,5
4354,214
5679,13
4356,55
307,10
4350,17
4351,3371
4352,1
4353,66
2488,17
1266,4
1965,71
438,321
439,182
436,856
437,4737
434,95
435,850
432,54
433,51
430,2
431,21
3809,17
3808,181
2861,3
3805,28
3804,3
3807,52
3806,48
3800,415
3803,13
3802,796
2863,33
4671,93
3312,52
559,15
4906,33
558,1
3078,11
5709,40
5704,453
5705,25
5707,71
5700,40
5702,22
5703,24
2706,13
5362,16
554,19
2173,7
1960,10
2701,1
4777,69
4774,9
4775,8
4773,9
4770,153
4771,114
3887,3
4778,2
4779,48
4174,191
4175,6
4176,61
4399,11
4172,1
4173,34
1961,20
2700,5
5818,9
5819,23
4239,14
3060,16
3255,3
5810,453
2621,12
5815,35
5816,3
5817,21
995,79
4296,1
4683,22
3316,12
4619,22
4618,205
996,31
239,86
234,56
235,1456
4613,299
237,193
230,422
4614,58
5060,129
2944,7
993,11
2226,48
2224,49
992,199
2222,52
2223,48
2220,28
2221,9
5924,16
5925,576
5926,144
5927,33
5920,76
5921,42
5922,17
5923,591
3079,4
5928,143
5929,155
4824,10
147,11
144,2263
145,68
142,300
143,937
140,316
141,39
999,2
5355,9
148,45
998,266
1430,14
1053,99
4501,1
4500,208
4503,38
4509,131
5352,214
3401,29
2088,796
2089,841
1056,14
121,27
2082,6
2083,131
2080,5
2081,97
2087,2545
2084,86
1431,214
1537,9
1191,185
2538,692
2539,675
3343,41
2532,305
2533,91
2530,376
2531,763
2536,2159
2537,40
2534,127
2535,127
2712,90
2710,611
2711,498
2716,90
2717,26
2714,176
2715,16
4238,12
3346,5
2719,11
348,115
128,57
5079,40
3408,117
5072,91
5073,65
5070,339
5071,157
5077,74
5074,257
5075,351
1832,5
1833,40
3799,1639
1837,252
1834,11
1835,24
3795,8
3794,102
1838,538
3796,409
3791,324
349,11
3793,56
3792,70
2406,46
2155,546
2156,36
2157,36
2150,113
4984,175
2152,885
4986,151
4989,20
4988,9
931,168
930,65
2159,491
935,15
934,72
5381,7
5382,5
5384,4
5386,6
917,1
5388,11
5389,4
136,25
1991,343
1957,568
1956,3317
4825,6
1952,42
1829,1
1959,37
1958,3
3248,393
3096,155
5246,30
3242,204
53,69
3247,119
3246,148
3245,12
3244,72
4404,70
228,9
828,181
1824,139
824,9
827,17
4406,20
822,1
4310,22
3097,137
1536,26
1176,220
1821,21
1993,103
1483,43
1482,38
1481,124
619,24
1487,415
4402,294
1485,74
1484,816
3306,1142
3307,1
3304,28
5497,14
3302,110
3303,11
5492,322
3301,149
5252,58
796,896
795,207
794,82
5256,130
792,16
5254,46
5255,21
5628,37
5258,33
5259,76
4394,35
799,345
612,61
2144,6
613,11
4978,46
2414,425
1139,33
4063,43
1274,2
1137,27
5944,91
1135,1
20,50
2792,66
5945,3
614,55
2826,7
921,10
5942,25
615,421
2452,5
3018,545
3019,166
4064,1
3012,114
3013,19
224,608
3011,13
3016,43
3017,959
3014,11
2065,1
519,74
518,7
5530,113
4972,23
1009,64
4066,4
1007,52
1006,138
513,14
927,14
515,4
1002,15
517,232
1000,385
623,84
622,3
621,14
620,70
627,643
1997,8
625,415
624,177
629,204
628,241
3309,126
1228,21
5663,79
5662,109
5660,16
5667,11
5665,87
4348,117
5669,408
5668,890
4343,202
4342,18
4340,5
2882,31
2883,4
2880,107
1996,659
2886,45
2887,28
2884,12
2885,730
2889,37
2,103
3099,7
5602,1
3878,7
3879,291
510,26
5398,83
2085,68
3870,150
3871,403
3872,47
3873,321
3874,37
3875,298
3876,653
3877,655
4358,76
1920,1
13,63
15,147
14,281
17,7
5718,41
5717,20
18,64
5715,1036
5714,378
5713,888
5712,806
5711,66
5710,12
3275,5
2959,1
1924,43
2474,21
3273,63
3904,39
3906,1029
3907,348
3900,228
3901,66
3602,4
928,16
3027,16
3908,28
3909,3
4761,49
4760,82
1848,3
4765,116
4766,6
4769,817
4768,480
3161,5
4165,820
1105,7
4160,32
5235,8
1470,77
4168,20
678,442
5809,1423
5808,64
5803,31
5802,11
4321,175
5800,1740
3090,139
5806,86
5804,1360
201,68
200,541
202,61
205,116
204,99
207,725
206,21
209,2212
208,866
2745,35
830,12
1352,494
1573,17
3477,156
684,141
4320,149
836,14
687,545
3300,1
3471,11
2239,1055
2238,5
1570,126
834,6
2231,33
2230,179
2233,20
3473,220
2234,9
2237,75
2236,27
5937,734
5090,68
5933,8
5932,105
5931,543
5930,620
1574,28
3577,15
5939,15
5938,508
1631,6
5093,74
3498,121
3499,87
3496,520
3497,122
3494,46
4609,1043
3492,64
3493,53
3490,11
3491,199
4570,8
2094,2218
4572,34
2096,4937
2091,56
2090,571
2093,225
2092,692
3654,1756
4579,383
3656,3
5097,32
3650,308
3651,288
3652,740
3653,174
2525,579
2524,222
2527,10
2526,251
2521,59
2520,304
2523,45
2522,9
2529,5
2528,479
4494,22
1201,19
2663,148
5065,42
5064,92
5067,269
5066,209
2709,74
2708,677
5063,31
4880,35
4881,53
2707,231
4883,92
4884,12
5068,30
2703,226
2702,280
1070,62
4090,20
6119,3
2748,38
4408,25
2951,34
1825,330
4405,25
1827,175
1826,500
4400,496
4401,242
1823,131
4403,88
2147,32
929,272
2413,171
2412,57
2143,21
2142,141
2417,1554
2416,2068
2419,468
2418,1787
4977,196
4970,898
4971,405
2149,374
2148,325
5393,90
5392,6
5391,694
5390,417
5397,3
5395,133
5394,3
5399,35
5747,89
4326,3
3276,1
3277,6
1922,830
1923,409
3272,27
1925,708
1926,556
1927,584
1928,1162
1929,107
3278,405
3279,142
3474,1584
3475,81
3476,35
831,330
3470,59
837,131
3472,192
835,92
4220,3
838,26
839,117
3478,76
3479,79
4221,41
1365,44
3,14
4223,1
4319,6
5586,8
3332,110
3574,2
3319,710
3318,697
923,119
5488,24
5487,695
5486,95
5485,185
5484,79
5483,37
3314,203
3317,244
21,43
784,772
786,217
787,69
5249,75
781,2
1728,785
783,611
5245,1209
5244,313
5247,154
23,35
1722,33
1723,66
5243,239
1721,305
924,17
5626,72
4159,14
2415,1
468,1
153,80
4386,121
60,162
61,41
62,116
152,10
3001,155
3000,110
66,253
3002,639
68,299
1985,215
3009,399
3313,77
407,2770
1588,4
1589,532
406,9
1582,39
3315,250
1580,77
1581,20
1586,154
926,3
1584,5
1585,38
2433,13
1038,361
1039,2152
508,798
1982,97
1032,40
1033,33
1030,90
1031,55
1036,1401
1037,1647
1034,95
501,16
1212,402
1213,561
632,65
633,24
634,24
1217,83
636,1083
637,1511
638,711
639,89
1219,634
3024,17
4378,310
5635,41
5658,159
5656,25
780,2
5654,194
5655,160
5652,536
4377,80
5650,71
5651,85
2899,160
782,188
2895,34
2894,681
2897,331
2896,7
2891,37
2890,9
2893,131
2892,456
1106,31
1726,92
1456,342
1457,8
1102,129
1103,50
1452,33
1453,108
1898,18
1458,616
1724,33
1108,3
1899,92
4080,6
4081,2
3869,641
1725,8
4084,37
4087,3
4243,51
788,4
3861,343
3860,774
3867,638
1981,70
1720,24
1895,559
3148,2
1896,23
1455,19
323,42
5728,24
5729,52
5720,45
5727,193
1891,34
3731,2
3934,29
1576,10
4903,29
3917,10
3916,48
3915,48
3912,83
3911,8
3910,687
5631,3
2134,213
3918,32
2135,42
4798,19
4799,273
1575,21
4973,381
4797,6
4791,3
4792,348
4926,1869
4152,209
5837,130
4150,248
5835,617
4156,158
4697,2
4154,128
4155,67
982,98
4924,345
5839,253
5459,3
4834,9
1914,6
215,94
213,3
210,14
4339,25
3286,115
920,34
957,24
6088,99
6089,19
6086,34
1021,18
6084,150
2139,1
6082,57
6083,5
6080,138
6081,20
36,1
980,37
3190,3
5902,1
5903,19
5900,14
5901,15
5906,2
4,175
5904,104
5905,2202
5909,99
3489,16
3488,237
4368,1
3481,8
3480,69
3284,40
3485,53
3484,97
3487,16
3486,200
938,6
4567,89
4566,28
4565,95
4564,96
3647,53
3646,12
3645,1182
3643,118
3640,2210
2550,30
3005,62
2552,150
2553,35
2554,8
2555,7
2556,146
3283,18
2559,20
3007,1
2396,159
2397,227
2394,34
2395,123
3694,24
2393,10
2391,26
1402,38
6041,14
5206,49
2398,18
2399,47
5010,4
5011,12
5012,72
5013,26
5014,12
5015,73
3282,8
5161,21
2770,261
5019,17
4891,29
2773,408
4896,13
4895,108
4894,13
2601,4
69,68
1858,448
1859,193
3281,5
5693,10
1850,203
4416,23
4415,29
4414,76
1854,367
4412,22
4411,103
1857,461
2602,1
5168,21
6066,43
6067,167
6060,487
4900,29
6062,847
4968,537
4967,38
4966,498
4965,11
2179,70
1355,3
913,78
4960,13
5017,7
5432,11
2606,85
2607,1
3847,36
516,27
5433,8
2608,2
2609,23
1933,604
1932,678
1931,1033
1930,1181
3265,18
1936,34
3267,80
1934,2416
5124,89
5125,2
1939,732
1938,8
5120,4
5121,32
5122,91
1424,101
3467,176
845,778
3464,65
3463,497
3462,360
3461,282
840,455
4277,257
5435,148
849,32
848,14
1632,2
3364,19
241,26
1583,628
459,34
5452,29
932,30
4905,27
6046,90
1233,6
2407,26
3420,2
1739,260
1738,62
5230,246
5231,404
5232,81
5233,268
1735,249
1734,327
1737,142
1736,713
2404,156
4442,6
5454,4
753,967
752,162
750,198
757,207
756,21
755,13
754,1417
759,4
758,152
3780,10
3946,21
3070,1421
2405,14
3072,45
3781,36
3074,58
3075,41
1593,10
3077,96
2954,28
5455,15
2956,403
2957,2
2950,21
1598,167
3787,21
5344,16
1450,70
5346,499
5347,211
5340,2
1020,31
1023,351
1022,723
502,25
3785,63
1029,795
1028,1279
503,44
500,76
936,1
3701,152
605,26
4364,15
4367,105
606,91
4361,47
600,36
603,23
631,226
1205,17
1204,67
1207,52
1206,83
4369,144
1200,1248
5649,74
5648,9
1358,432
1196,1
5640,365
5642,1
5645,32
5644,40
5647,10
635,24
3109,38
3106,21
3107,171
3100,662
3101,722
3102,26
3103,21
1111,274
465,108
1445,361
1444,20
1443,725
1114,126
1441,6
1440,308
4589,31
2478,10
1351,168
1449,32
1448,204
4093,1301
4092,91
466,100
4097,2
4096,471
4094,828
1357,19
4099,2
2005,165
791,3
5735,168
5737,89
5731,3
5730,54
3704,28
484,111
5739,163
5738,19
480,11
5555,9
4586,2
4581,20
903,3
790,1
4725,8
4379,399
3705,19
4724,13
1061,5
4582,15
2303,11
3922,4
3923,7
3920,221
4726,419
3926,10
4721,20
3929,85
2304,25
4789,28
4788,62
4787,23
4786,131
4785,385
4784,14
4783,32
4370,47
4781,7
4780,6
5821,59
5820,3
5823,81
5822,85
4149,10
5824,28
5827,171
5826,118
5829,97
4144,127
4143,18
5653,223
3856,62
3854,214
3855,38
3852,303
3853,247
3850,62
3851,2614
1595,6
3311,181
3858,1344
3859,925
35,2
6099,2040
6098,75
5303,8
6093,36
6095,70
6097,127
2898,12
4823,114
16,31
5919,1
5918,10
5914,31
5917,1
5916,15
5911,1
5910,20
5913,15
5912,11
456,26
198,45
2465,2
195,123
194,4
197,277
196,5
193,50
192,3
19,1
3679,2
1117,4
3672,82
3673,1084
3670,2437
3671,919
3676,1625
3677,1143
3674,307
2543,55
4821,9
2541,33
2540,182
2547,161
2546,16
2545,22
2544,3605
2549,88
2548,64
1104,14
3179,7
2380,11
2382,14
2385,10
2387,31
2386,30
2389,17
2388,14
1451,12
3580,12
5002,10
3582,2
2768,56
5007,30
3585,93
3586,60
3587,35
2763,15
3589,14
2761,27
5008,3
2767,29
2766,48
2765,83
2285,93
3290,1
2007,20
902,38
4620,127
900,2
4429,202
906,4
904,18
905,15
1843,27
1842,243
1841,438
1840,1292
4426,160
4427,348
1845,69
1844,501
6076,198
4958,99
6074,30
6073,149
2168,115
6071,79
6070,23
4953,1163
4950,52
2166,1
4956,28
2160,150
4954,9
240,27
2617,18
2616,226
2615,3
2614,714
2613,392
2612,213
2610,22
3254,36
4627,142
4082,367
2618,91
3292,176
1944,30
5139,2129
1909,18
1906,42
3295,497
5135,983
1905,95
1902,35
5132,443
1900,513
1901,17
3452,18
855,275
856,12
857,12
850,43
3457,363
852,16
853,14
3458,1
3459,28
858,3358
859,45
3293,186
3863,102
6,909
4546,30
3402,4
5229,31
5228,29
5223,72
5222,8
5220,5
5225,38
740,4
742,361
743,733
744,156
745,441
746,228
747,317
748,9
749,89
2913,848
2949,452
2948,551
2947,136
2946,178
2945,366
4913,654
2943,32
2942,3
2941,857
2940,279
5357,161
5356,607
1052,531
5354,2268
5353,152
1055,99
5351,805
1057,13
1058,90
1059,183
2225,34
5359,50
5358,13
1696,11
1793,198
1694,36
1695,20
1692,7
1693,1
716,28
6009,19
715,57
1278,392
1279,9
618,11
4313,735
2042,41
4316,16
4317,239
4318,147
713,11
610,75
611,740
616,65
617,503
1276,849
1277,189
4157,89
4737,25
711,48
2325,45
710,9
5279,28
3333,105
2377,2
4374,1
3119,158
3118,209
3117,576
3116,71
3115,48
3114,90
3113,14
3112,12
2469,23
3110,26
1472,85
1473,173
5402,616
3330,171
1474,11
1478,73
1479,6
1495,16
1305,5
1306,58
1307,22
1300,186
5467,77
1302,49
1303,4046
1497,74
1308,34
1309,30
5740,157
5741,292
5743,27
498,103
499,160
1499,39
494,80
495,244
497,199
490,56
491,10
492,35
493,353
24,221
5587,8
26,939
5585,2
5582,100
5038,7
5581,217
3594,9
28,202
29,6
5588,1
5589,66
5037,268
3599,17
5833,5
1069,300
4467,7
3598,1
3938,118
3935,59
2598,6
3937,232
3936,82
3931,927
3930,119
3932,96
5195,36
1516,29
4138,41
4139,216
1706,121
4434,4
4131,101
4132,34
4133,191
4134,3
4135,138
5692,26
3840,165
5691,637
5696,103
3844,35
5694,92
3846,61
3849,115
3848,17
5698,115
5699,370
4612,407
1063,3
1600,152
5374,2
3649,8
1067,46
4615,2
1066,6
4044,93
4045,24
4046,169
4047,131
4040,42
4041,2
4042,5
4315,19
4048,36
4049,12
5968,136
7,7
5961,400
5963,101
5964,15
5965,26
5966,75
5967,74
3665,765
3664,39
3667,14
3666,87
3661,2877
3663,7
976,6
2280,49
2281,16
2282,90
2283,18
3669,101
3668,552
4549,53
4548,22
4946,10
4941,213
4545,2
4544,7
4940,96
939,96
4828,4
2578,39
2579,1
2577,70
2574,91
2056,258
2572,5
2573,206
2570,8
2571,67
4826,28
2379,1
4535,1
2374,77
2375,1
1604,6
1073,9
2372,1635
2373,2058
3593,137
2595,208
2596,791
2597,4
2590,4
2591,1799
2592,397
5039,309
5036,532
4530,58
5034,789
5035,445
5032,1136
5033,83
5030,548
5031,157
1876,51
1877,35
1874,316
1875,64
4431,15
4430,457
1870,100
1871,35
2133,1
3697,128
4438,66
1878,43
594,73
4945,83
4944,428
4947,75
974,606
973,210
972,94
971,487
970,52
1080,21
4949,3
4948,100
979,4
978,7
2118,111
183,552
180,63
181,155
186,8
6047,34
6044,52
185,14
2111,99
6048,134
189,2
2114,645
2115,141
2116,300
2117,208
2623,17
2620,8
5248,55
2626,169
2627,71
2624,27
2625,111
2628,33
6045,157
1919,3
5108,1399
4151,97
3289,16
3288,15
1911,114
5103,178
5100,258
5101,613
5106,138
2112,563
5104,156
3280,784
869,45
868,136
2113,52
3449,51
5830,772
3445,470
3444,112
3447,4
5831,2037
865,24
3440,234
867,184
3442,2088
2024,226
2757,339
2754,25
2755,62
2020,154
2021,5
2022,150
2023,61
2828,12
2028,1
4158,14
2758,235
2759,21
883,50
882,173
881,9
880,96
884,153
2371,1
888,1
5216,28
5217,25
5214,2
5215,1166
5212,4
5210,77
5211,152
832,37
1503,28
5218,221
5219,204
1968,116
356,1
63,19
418,19
3988,987
1727,16
5414,45
777,7
2629,40
771,70
64,1
3387,32
2008,69
779,3
4928,26
419,15
77,8
2978,234
3385,318
73,268
72,29
71,57
70,64
3056,122
2973,41
3054,120
3055,60
2976,4
3053,40
79,1381
78,17
1043,1442
5363,22
5360,147
1040,1256
1047,13
5367,86
1045,125
5365,9
4597,30
5368,695
1048,61
1681,39
1680,215
3525,18
1686,17
1689,3
1688,93
4303,1095
4302,316
1269,98
2980,135
4307,12
4306,41
669,2674
668,923
667,88
5418,42
1261,242
1260,394
663,1122
662,132
1265,308
660,11
3287,76
1242,228
1910,12
2984,49
3285,144
3725,30
67,85
3129,7
4595,2
3122,4
3123,149
3120,138
3121,32
3127,10
3124,376
3125,227
1697,39
421,30
1468,433
1465,21
8,1509
1467,68
5105,266
1461,25
1460,7
1463,8
1462,1
1317,172
1316,516
1314,640
1313,162
1318,159
5751,58
5750,48
5757,8
5755,7
5754,22
4237,396
4236,74
4235,384
4234,15
4233,72
4232,759
4231,59
4230,10
5591,153
5590,699
5593,33
5595,261
5594,613
5596,9
5599,22
5598,11
861,226
4454,49
3035,15
860,25
3948,462
3949,362
319,624
3446,20
3403,5
3274,489
3940,219
3941,51
311,222
3943,39
3944,1115
316,11
315,34
3947,6
4606,106
3299,2
3443,3
1618,227
866,1
2756,10
4129,1637
4128,5
4123,68
4122,145
4121,1
4120,105
4127,355
4126,98
4125,576
1335,50
2027,5
5689,1
5688,2
2752,26
5681,26
1337,165
2753,10
3405,32
2323,5
1336,206
2750,11
2322,60
3539,23
2751,46
4604,15
2321,201
4218,2
4704,1177
2327,67
4366,220
2326,67
4057,953
4056,41
4055,1463
4054,112
4053,449
4052,510
4051,70
2693,11
4605,4
4059,381
4058,192
630,78
4930,88
5978,306
5972,36
5971,1
5970,28
5977,1679
2136,163
5975,12
5974,63
3610,34
3611,32
3612,94
3613,49
3614,5
3615,81
3616,89
3617,2
3618,26
2292,2
2297,259
2295,8
2294,84
5678,53
4355,143
2982,9
3406,1
2569,979
2568,4
4357,4
2561,263
2560,1811
2563,352
2562,29
2565,86
5196,6
2567,2
2566,622
1354,2
908,24
3394,85
2368,2063
2366,81
5776,3
2362,1716
2361,48
5907,45
2587,201
5028,31
2585,2
2584,8
2583,52
2582,46
5190,62
5021,74
5020,7
1612,47
5024,7
5027,606
5026,482
1861,167
1860,10
1863,14
1862,104
4444,133
4445,9
1867,18
4447,627
1869,189
1868,91
3726,338
3727,23
4490,107
3722,12
964,401
4931,162
4684,448
4685,9
4934,129
961,181
4680,212
963,89
4938,235
4939,159
5578,22
968,13
4688,76
4689,31
2109,56
2108,392
6059,1108
6058,9
5576,16
6054,29
2101,111
6056,243
2107,70
6050,4625
6053,114
6052,19
5115,261
5114,2562
5117,4
5116,122
5111,98
2638,55
5113,41
5112,40
2635,20
2634,601
2637,58
2636,127
2631,93
2630,294
2633,24
2632,111
1717,40
5403,2
5570,28
3438,21
3439,65
1611,28
3093,235
876,10
3431,5
874,83
3433,9
872,115
1243,126
3436,104
3437,78
2741,211
2036,826
2035,561
2034,516
4596,58
2744,44
2031,6
2746,101
4844,695
1533,65
4846,591
4847,3
4840,161
4841,6
2039,291
2038,254
890,5
891,6
892,70
893,93
894,173
1247,1555
896,402
897,629
898,9
899,131
1530,443
1715,74
5201,135
5401,135
5203,7
5202,44
5205,7
5207,5
1248,35
5208,233
5193,62
5198,44
3544,164
3545,1
3547,338
3540,740
3541,147
3543,80
1619,49
1711,207
3549,217
1964,101
1617,107
5197,18
1788,7
1789,37
1967,22
2960,29
2962,130
1780,137
1781,24
1782,664
761,179
1784,273
1785,199
1786,212
1787,8
3049,175
3048,23
1962,41
3041,6
3040,41
3043,25
1963,202
3045,94
4569,218
3046,138
5379,729
1078,130
1079,239
5375,17
643,626
5377,155
1075,24
1072,223
5370,357
5373,15
1071,13
1678,100
1679,52
1675,51
5149,125
1094,109
1096,92
1097,26
1090,48
1091,102
1092,737
1534,1151
674,263
4337,133
4334,652
4335,527
1098,238
1099,94
4330,736
673,761
3135,139
3134,824
3137,188
3136,239
3131,71
3130,210
3133,88
3139,146
3138,14
933,3
1915,18
1622,7
1418,81
1419,9
1410,500
1411,68
1412,62
1413,18
1414,3
1415,10
1416,17
1417,84
1322,63
1323,167
1320,45
1321,766
1327,42
1324,74
1325,3
4421,9
4646,29
1328,237
5180,69
4209,52
5768,282
5769,216
4202,40
5767,1
5764,629
5,775
5762,31
5763,104
4204,12
647,342
5568,16
5569,24
5564,96
5565,48
5566,583
5567,459
5560,128
5561,70
5563,242
1524,10
1525,199
1526,15
1527,936
1252,29
1253,18
1250,422
1251,363
2392,41
1528,864
1529,1157
1258,379
646,288
309,119
3959,58
3958,12
300,109
3952,129
3951,2871
303,105
304,2
305,46
306,104
3954,500
4116,3648
4117,7034
4114,2
4115,4852
4112,63
4113,135
4110,7
4111,836
6002,1
4118,275
4119,38
2254,6
75,618
74,146
2250,74
3340,4
4448,104
5159,145
3058,9
2779,4
4899,155
4898,28
3535,5
3341,65
4062,27
5947,100
4060,459
4061,160
1966,333
5943,742
5940,1
5941,282
4069,410
5948,71
5949,48
5784,31
5018,35
5786,11
5787,19
5782,133
2771,2
5788,67
2772,19
3603,11
1446,9
3601,20
3600,90
3606,444
3604,2
3609,563
3608,270
3413,156
1041,5
987,1
5361,3
5157,126
5366,1
640,120
4435,1
1046,97
1897,19
3032,347
6118,292
5364,227
1489,1
6114,244
6115,650
6116,652
6110,91
6111,331
6112,44
6113,374
2358,841
2359,7
2352,53
2353,714
2350,30
2351,27
2356,406
458,109
5369,3
1488,5
5136,129
4453,119
5491,5
4451,70
4450,15
4457,174
3968,407
4455,133
3738,29
3737,22
3736,1541
3735,45
3734,320
1890,24
3732,160
1892,31
3730,163
4923,627
958,18
4921,401
4920,344
4695,446
4694,187
4925,414
2131,199
5415,3
953,42
952,106
955,497
954,186
2138,215
956,956
6028,2
3203,61
6020,23
6021,35
6025,10
6026,59
6027,7
2648,789
4800,11
5163,372
5164,793
5165,38
5166,1
2784,420
2640,70
2641,50
2642,39
2643,55
2645,23
2646,27
2647,3025
2786,450
2781,17
2749,6
4527,2
3429,20
3428,48
2783,73
3422,138
3421,6
2137,12
3427,592
3425,109
3424,22
2003,15
2000,46
2001,63
2006,2
4588,58
4859,678
1851,89
4857,590
4584,12
4587,895
4854,61
4853,197
1852,82
4851,195
4850,948
1853,15
4413,21
3331,20
4300,63
1856,346
4577,3
2100,1
507,1
6064,6
3555,14
3554,16
3553,75
3552,620
3550,660
2491,3
4304,18
2170,23
3558,8
2500,3
4942,35
2171,402
666,9
717,338
919,18
4309,5
918,13
2911,200
2912,658
664,593
2914,1294
2915,278
719,306
718,1
2918,131
1792,653
1791,12
2175,21
1797,21
1796,33
1795,195
1794,164
915,10
661,126
2106,375
4079,25
1194,1
5954,5
5308,667
1068,20
4964,36
5300,14
5301,39
5302,101
1062,10
1065,13
1064,214
5306,24
5307,248
1669,2
1668,1
1667,5
1663,1
1662,243
1661,129
1660,1219
4329,704
590,12
1085,133
592,75
595,695
1082,115
596,2587
599,2846
598,577
4324,52
1088,85
3140,2339
3141,7
3142,37
3143,878
3144,177
2829,34
3146,15
3147,16
2824,168
3149,1
1904,5
2820,7
2821,21
2822,2
2823,320
3386,841
5797,4
5417,59
3382,290
5411,21
5412,15
5413,509
2032,32
2603,1
1359,15
5795,8
3388,238
3389,1787
1409,56
1408,45
1403,802
3962,12
1401,273
1400,650
1407,1
1406,164
1630,61
1025,7
449,3208
448,144
1339,165
1338,216
443,33
441,74
440,386
1330,13
445,670
444,18
5779,135
5778,4
4623,22
4436,41
1542,165
5773,166
5772,25
5775,65
5774,66
5777,6
697,170
4837,1
3261,2
39,13
694,33
3260,64
33,1
32,494
31,3
5574,46
37,993
5572,534
5571,32
34,1
1241,161
1240,738
1535,1674
3091,251
645,911
1532,679
1531,108
1246,1140
649,9
648,171
3098,24
2496,162
1027,916
1539,39
1538,29
1493,20
339,6
338,1017
335,847
334,185
337,278
336,718
331,224
330,442
333,257
332,1191
4101,7604
4100,747
4102,534
4105,25
4107,6443
4106,2947
4108,26
1026,796
5771,17
2127,25
3377,1912
3898,2
3899,1033
4907,2
1634,30
3892,114
3893,30
3890,119
3894,354
3895,431
847,111
3465,6
844,13
1635,9
1464,13
843,31
2119,44
842,685
5950,15
5952,38
5955,88
841,897
5957,6
5956,26
5958,13
3460,9
4071,165
4073,14
3966,10
3967,59
3964,36
3965,15
5793,536
5792,4
3960,44
3961,207
5081,6
5799,140
3969,78
4305,110
5184,3
3639,365
3636,14
3637,40
3634,1301
3635,49
3632,27
3630,3236
3631,1425
1454,4
5343,31
5798,32
4610,61
3507,76
236,63
2345,38
4524,4
2347,123
2346,619
2341,51
2340,763
6109,599
2342,361
6107,84
6106,306
6105,2062
2349,25
6102,115
6101,523
6100,590
5785,95
1350,20
2067,9
4504,6
3709,1
4468,753
4469,474
3702,33
1886,24
3700,791
4465,279
4462,24
3707,272
4460,405
4461,1023
2121,19
2120,130
2123,194
2122,13
2125,6
2124,295
4918,172
949,41
2129,811
947,27
944,104
945,91
942,226
943,482
4910,1089
4911,408
6039,160
6038,17
6032,18
6031,33
6030,15
6037,49
6036,14
1594,5
6034,24
5173,150
5172,294
5171,430
5170,18
5177,19
5176,39
5175,401
2653,1
2652,504
2651,36
5178,387
2657,52
2656,103
3039,9
133,45
132,1293
3414,193
130,418
137,29
1774,871
135,42
134,1010
4371,7
138,1
1597,12
3418,71
5348,7
2694,8
707,2
4868,816
2019,105
2018,72
2015,24
2014,4
4860,940
2016,76
2010,7
4864,13
182,289
1012,3
5349,7
1937,13
1591,21
2926,11
3562,10
3563,51
3561,5
3566,232
3567,558
3564,1093
3565,491
3568,57
3569,16
511,19
4484,5
4485,111
4480,6
4482,264
4483,55
4489,451
2903,121
2902,73
2900,53
708,10
2906,4
2904,855
704,61
705,13
2908,19
700,38
701,23
703,62
88,30
89,3
1263,90
82,31
80,1058
81,813
84,1008
85,9
5319,6
1256,2
5313,150
5312,12
5310,1561
5314,40
1659,164
2487,16
1652,28
1656,28
1657,2
1654,30
1655,1
586,143
587,103
584,4
585,70
582,6
1987,36
3216,81
588,5
3151,106
3217,23
3157,7
3156,59
1385,1
2837,1
2836,13
3159,25
2834,6
988,12
1983,150
1436,1272
5406,42
5405,63
5404,116
3395,105
1433,116
3397,802
5400,259
3398,622
1637,1302
4333,6
3708,4
1438,1735
1439,51
1731,57
4506,25
1730,57
1348,232
4261,390
4262,322
4263,196
4264,8
1889,5
4266,454
4267,65
450,5004
451,4165
1342,51
1888,37
1344,232
455,60
1267,407
1347,828
318,114
5236,59
1459,15
5237,14
4464,658
766,1
5548,246
5549,151
3263,13
5543,348
5540,78
5541,119
5546,35
2483,1
4463,18
1502,8
657,239
1500,16
1501,6
652,48
1507,521
1504,134
651,304
3085,83
3084,2
1508,80
1509,109
3081,15
3942,20
3083,83
3082,109
310,22
1599,14
5890,51
5891,55
5892,43
5893,40
5894,56
5895,29
5896,80
5897,30
5898,35
5899,5
314,1
3534,25
1885,97
3884,32
4651,158
3886,23
3881,1
3880,212
3882,30
2481,1
4919,29
4916,237
2484,7
4914,109
4650,117
4963,1
4915,1
4912,206
4661,674
4662,36
941,744
1883,4
4008,28
4009,35
2017,236
4003,3
4005,210
4006,39
3971,33
3970,1281
320,488
3972,820
3975,332
327,13
3977,180
3976,47
3979,5
328,11
329,292
4652,1
3629,1017
3628,217
948,4
3623,11
3622,212
3625,515
3627,6
4714,621
2331,768
4710,38
4711,26
4712,16
3071,98
2338,700
6133,28
6130,4
4718,213
4719,16
6135,89
5765,2
1880,3
3250,1
2958,53
50,69
3715,110
3714,23
4289,6
3711,51
946,29
1592,1
3719,34
4479,1261
4478,2353
2658,25
3251,26
2955,35
4471,543
4470,1094
4473,46
4472,51
4475,34
4474,58
4476,18
4909,13
4908,49
6004,3
5422,39
4679,88
6001,1477
2486,49
4676,60
4675,25
2485,294
2482,689
4672,165
2480,70
4670,213
1518,25
2249,997
2244,14
2245,10
2246,24
52,45
2240,4
2241,87
2242,23
2243,242
2464,48
994,4124
997,1129
2467,131
2460,12
2461,146
2462,112
2463,53
5146,147
5147,21
5144,194
5142,260
5143,4182
5140,627
5141,482
120,219
3400,150
122,5
123,70
124,55
3404,273
3407,411
127,23
3409,219
129,71
3416,29
4871,34
1188,10
3417,92
1921,1
1189,943
131,146
1186,250
2798,58
3415,2
5424,15
2060,44
2061,90
2790,12
2791,62
2796,52
1184,19
4659,4
2795,139
1182,66
3411,23
2369,46
940,10
3372,11
1180,489
4030,192
3370,10
5098,286
5099,452
3579,114
3578,656
727,41
3575,15
5091,90
5092,50
3576,215
5094,12
3570,2
5096,34
3572,41
4497,2
4496,2
4495,64
2665,148
2662,90
4492,76
2660,21
2661,71
1748,261
4499,4
4498,2
2938,132
2939,74
2936,724
2937,227
2934,5
2932,33
2930,172
2931,103
5326,71
5327,1
5325,13
5322,66
5320,1
5321,134
1836,477
231,2
5328,1230
5329,124
1645,22
1647,84
1646,114
1641,11
1640,52
1642,482
1396,25
1649,876
3690,2
728,6
772,5
1743,254
5251,6
1839,192
1270,7
604,6
4890,8
570,46
4229,2860
607,44
574,25
2808,286
2809,188
2161,23
3169,659
3166,3
601,19
3162,18
4360,29
1421,385
4981,497
5430,401
5431,208
3368,120
3369,19
1427,4
4980,230
3448,55
1428,349
5438,7
3367,13
4983,65
3362,60
730,21
733,1
4982,338
735,1524
734,2
737,19
2402,30
3390,32
2151,149
4273,188
4272,1663
4271,571
4270,637
469,69
4276,13
4275,44
4274,28
1353,396
464,59
467,2960
2401,122
461,517
463,394
462,334
4660,57
5554,772
5556,99
5152,185
5553,942
5552,108
3393,150
5559,59
5558,1100
4224,12
2178,1
2542,5
4867,98
2013,18
1515,395
1514,2
4865,604
1511,86
1510,36
1513,2
1512,35
959,1
4225,59
4886,17
5883,195
5882,33
1894,5
5880,59
5887,148
5886,99
5885,164
5884,34
2004,39
5889,112
5888,13
1798,25
280,97
5770,4
778,28
3185,1
3186,28
3187,49
3180,787
3181,23
3182,93
4858,15
3188,135
3189,1
4227,501
3008,5
4018,23
4013,1
4012,283
4011,89
4010,135
4017,6
4016,87
4014,197
357,27
4904,9
355,503
353,802
3989,477
3984,190
3985,43
3986,856
3981,46
3982,23
3983,49
2299,625
43,84
6125,55
6124,179
6127,393
6126,240
6121,12
6120,3
6122,129
4707,27
4706,680
4705,290
2320,52
4703,882
4702,113
5053,54
2324,120
5257,53
2329,54
1113,150
4709,349
4708,27
289,394
288,52
1112,27
2830,41
3619,1
281,37
1115,203
283,36
282,59
285,31
284,18
287,70
1442,510
3760,22
3761,99
3763,116
3764,9
3765,2
3766,309
3767,52
3768,46
3769,66
1116,86
3167,1
263,8
262,29
267,58
266,42
265,35
264,28
286,102
269,1703
268,106
6011,120
6013,64
1291,5
6015,77
1215,11
6016,434
6019,255
2490,499
2493,1
2492,289
2495,23
2497,274
4645,222
4424,7
259,25
1566,40
2259,48
2258,38
2257,201
2256,389
2255,31
1295,72
2253,34
2252,1
2251,5
2195,26
2477,623
5158,6
2475,571
989,8
2473,2
2470,99
5151,98
5150,44
5153,276
2197,174
5155,604
5154,24
2479,875
985,386
252,110
117,6
2315,29
111,301
110,2697
113,417
112,3012
119,55
118,42
3432,46
2785,565
4801,704
4802,553
4803,837
4804,292
4805,524
4806,729
4807,3
3269,16
4809,1
2788,39
2079,138
2078,1186
2073,1094
2072,58
2071,3
2076,14
2075,58
2074,493
2777,25
2174,500
4363,6
3508,26
3509,24
5089,38
729,26
3500,3
5082,20
3502,88
3503,25
3504,65
3505,27
3506,27
5084,79
641,19
2675,6
2674,52
2677,12
2676,37
2678,13
6103,82
2929,1068
2928,1099
2921,199
2920,366
2924,104
2927,3
2564,21
5330,6
5333,400
5332,321
3685,43
5337,19
5339,4
5338,1
1986,227
3215,923
1984,351
1633,764
3210,990
3211,372
1636,864
3213,325
483,23
3218,9
3219,12
1988,27
1989,94
3222,20
3862,1
5345,52
2817,78
2816,314
2811,57
2810,15
2812,116
561,2
562,13
2819,22
2818,1256
567,51
5069,90
3178,334
3171,32
3170,6
3173,350
3172,9
3175,78
3177,80
5086,8
2364,7
5429,392
5428,11
3379,31
3378,275
5425,13
1187,1256
3375,104
3374,108
3373,46
1183,116
3371,42
1181,16
726,36
5634,79
724,23
725,110
722,427
723,1126
720,42
721,497
1744,47
1745,53
1746,33
1747,466
1741,150
1742,35
1486,636
1164,2
5029,848
1166,44
4393,149
1160,106
4248,254
4249,167
4246,11
4247,634
4244,173
4245,434
4242,3
1169,7792
4240,82
4241,6
5520,40
5521,143
5522,4
5523,128
5524,23
5525,27
5526,105
5527,257
5528,34
5529,5
4397,6
5496,18
3197,42
3305,60
48,242
49,884
46,408
47,435
44,2
1364,107
40,11
41,3
1568,707
1569,7
1298,6
471,31
1587,4
4021,32
1561,119
5493,17
1294,264
1567,96
1713,278
5022,21
474,158
5253,242
4693,16
591,37
2218,108
5250,1206
2425,6
4739,3
1245,1
1710,85
2589,883
2551,22
3092,1
793,44
2599,9
1716,28
4398,22
1366,34
5639,750
4441,4
4390,33
4391,195
4392,28
5637,156
5630,75
4395,1
5632,40
5633,22
472,276
473,68
470,82
3194,345
3193,20
3192,21
1360,161
2787,88
1865,6
478,29
479,260
1719,18
1368,2
1864,11
