1869,405
5259,252
4446,8
1866,22
5745,65
5197,42
965,30
4026,70
4027,1236
4024,203
4025,3091
4022,8
4023,25
1868,170
3798,18
4028,9
4029,129
5988,56
5989,1113
5982,84
4642,8
5981,35
5986,84
966,54
5984,721
3570,1
340,160
341,10
342,126
3998,80
3997,96
3996,824
3995,474
3994,161
348,241
3992,63
3991,49
3990,66
4930,99
4687,12
5747,100
4416,61
967,3
4684,616
1158,184
3573,44
3346,3
4685,11
5373,24
2919,16
3325,8
4935,493
4732,296
4731,10
4736,1636
4737,54
4734,359
2319,2782
2316,2813
2317,142
4738,1659
4681,613
2312,201
2313,73
2311,81
5854,4
5855,20
5856,10
5857,36
5850,1
298,25
5853,1267
294,31
292,328
293,79
290,23
291,37
3773,246
802,3
3771,40
3680,441
5749,11
3776,246
3775,83
3774,151
3687,95
4021,26
4522,150
270,80
271,94
272,1717
4656,1096
274,1038
4650,165
4653,43
277,88
278,3
279,13
4659,2
4658,473
4660,95
117,25
58,183
3446,37
5247,302
4782,11
642,309
2269,80
2188,1028
2262,56
2263,39
2260,526
2261,101
2266,95
2267,6
2264,104
2265,20
3968,934
2443,19
2441,4
2446,589
2447,16918
2444,214
2445,1088
788,9
2448,276
2449,15
3690,14
108,718
5822,123
1135,5
2102,37
103,42
100,1
106,47
107,1840
104,1
105,97
2046,311
4812,306
4811,618
4810,190
4817,1030
2043,3078
2040,1058
2041,353
6051,208
4819,2408
4818,1035
2048,153
2049,3943
2105,79
6052,57
2993,59
1372,53
1060,2
5116,118
5484,112
2836,20
2639,75
3159,26
2142,275
2360,47
3519,47
3518,101
2732,510
3513,171
3512,130
3511,9
2733,1436
1210,69
3516,123
3515,21
3514,3545
5483,61
2684,333
2685,21
2686,25
2687,657
2680,993
2681,14
2682,828
2683,1001
3441,22
1437,63
5119,154
343,92
1434,472
5118,1
99,30
5482,90
1435,36
2633,22
4937,5
405,27
90,74
5291,64
94,846
1433,163
1991,735
1622,21
5180,263
5181,228
5186,672
5187,847
1625,468
1624,1149
1999,98
3993,102
1629,305
5189,920
3209,4
3208,1190
3013,38
1686,38
349,16
3534,35
2861,1
2862,4
3696,166
559,60
2865,87
2866,515
2867,18
2868,229
554,52
551,43
550,930
553,317
552,27
3539,26
2744,88
5409,92
3538,1535
5408,113
5458,327
1198,114
3348,1154
3349,3897
3342,2420
1190,2215
1193,143
3341,106
1195,516
3347,89
3344,76
1196,279
5052,213
1758,46
1756,4103
1755,1095
1754,1061
1753,1083
1752,234
1751,342
1750,861
4259,144
4258,1546
1175,1032
1174,567
1173,489
1172,99
1171,4829
1170,6795
4251,429
4250,183
4252,155
4255,1375
4254,56
1179,5
4256,109
5533,1376
5532,646
5531,414
5530,249
5536,41
5535,48
5534,879
5539,357
5538,29
513,24
644,189
1285,288
1287,441
1286,17
1281,40
1280,40
1282,1067
515,4
879,588
404,28
3756,22
3430,9
1579,915
1578,3580
689,42
517,406
877,32
685,947
684,255
1571,317
1570,215
1577,19
2026,16
683,95
682,656
1348,348
875,7
1349,261
469,95
3434,2
5425,60
873,28
3345,74
620,144
1873,6
870,75
871,90
626,9
4592,103
4389,2
5629,49
5628,66
4383,119
5626,184
4381,48
4380,614
2191,36
4386,411
4385,15
4384,44
407,4041
1370,438
1373,4
2034,1104
1374,6
1377,3
4269,17
1379,167
4596,308
6096,17
1342,141
409,4620
408,16664
3834,51
3835,322
3836,3
3837,95
3830,48
3831,1292
3832,632
1242,356
454,78
2148,543
3839,993
3452,26
4031,52
4030,349
5996,61
4035,19
5990,60
5993,1942
5992,2281
4038,174
457,252
5999,15
5998,164
977,21
2318,642
5349,6
4735,16
3206,387
379,157
378,1610
1611,17
371,6
373,1
4843,38
2314,114
377,1884
376,200
1244,86
4348,278
393,22
391,2
397,1229
396,7638
395,533
394,1104
6007,25
399,1
398,2276
4345,5
2309,1261
1247,2179
5668,1338
4729,17
4728,419
2301,369
4724,81
4727,582
2302,1876
4721,16
2304,29
4723,58
2306,88
5847,54
5846,1
5845,594
5844,318
5842,78
5841,212
5840,55
1668,3
3592,314
5849,105
2746,232
5852,23
109,266
3749,2
3747,506
3745,63
3742,571
3743,411
3740,3
3741,179
245,246
4621,376
247,646
4973,733
4624,738
4625,462
4626,18
4627,175
4628,4
3591,1
249,42
248,670
2275,570
2274,3
2277,2
2276,154
2271,874
2270,191
2273,139
2272,806
5858,6
2279,841
2278,1791
4407,1
2705,23
5836,1
2651,51
3201,152
125,66
2454,1396
646,397
2456,2385
2451,17
2453,135
2452,13
3770,20
5208,335
176,315
175,911
174,69
173,393
172,1440
170,1521
2051,180
2050,671
2053,10
1111,533
2055,33
2054,309
2057,48
4829,741
2059,119
4827,23
4824,21
3693,132
4530,274
4531,423
4820,506
4533,291
2156,52
652,66
3088,170
1367,131
2769,2
1505,33
3526,6
2157,51
3525,39
3522,55
3523,48
3520,2
3521,16
1508,148
3528,7
3541,193
4655,7
3086,97
4654,863
5738,30
4657,239
4985,25
3594,9
1601,152
273,57
658,19
1976,2177
4651,438
2695,61
3082,225
2693,14
1603,21
2690,253
2405,56
1602,25
3782,235
1605,27
4652,4
3549,108
3223,96
4557,324
5832,96
1225,1
1970,1416
4554,2
3232,447
3233,45
1968,304
1969,3388
1618,307
1619,144
1616,4324
5194,124
1966,543
1615,591
5191,3029
5190,90
1962,50
5192,676
1114,220
1363,60
3450,19
714,25
2873,164
2872,546
2871,149
2870,121
2877,795
2876,467
2875,280
2874,109
2153,19
2879,2298
2878,1606
2047,67
3354,282
3357,3
3351,1663
3350,2026
3353,9
3352,4071
3358,1
5448,446
65,2
1366,87
5443,293
5442,15
5441,69
5440,58
5602,5
5446,246
5444,195
1768,572
1762,28
1763,103
1760,11
1761,3
1766,70
1767,217
1764,223
1765,275
1140,121
4988,16
2692,6
5509,8
505,6
2762,19
5505,8
5502,21
5503,47
5500,38
1547,1504
1544,68
691,257
1542,301
697,375
694,94
1541,701
698,99
1727,20
1548,913
1549,2037
546,33
3204,25
3784,51
548,609
1782,1372
2483,16
1783,55
400,112
3884,128
2969,63
2064,124
1785,560
1627,2
2388,10
1787,38
5137,21
2649,6
3321,17
5612,2
5611,406
3322,205
5614,108
5615,1
415,582
416,1
417,46
1388,1481
1389,93
412,5
18,80
1384,111
5472,17
1386,94
1387,75
1380,1080
1381,2223
1382,431
1383,1045
5003,28
3825,202
3326,7
3821,2
5002,36
3582,21
3829,265
3828,89
5000,171
1177,9
1254,6
3584,195
4282,715
4280,818
4281,100
4286,178
4284,42
4285,6
4288,200
5004,6
2403,54
3044,38
1305,7
368,40
3589,20
366,857
367,13
364,6
3218,14
362,14
363,28
833,2
3214,3
5274,30
5008,3
5275,951
380,498
382,255
383,23
385,13
387,116
388,756
389,419
2764,89
1770,22
4758,224
4759,209
1773,28
4750,95
4751,24
4752,21
5273,9
4757,13
5872,632
5873,464
5871,913
5876,260
5877,2066
5875,9
5878,55
5879,71
2045,82
1074,2
3759,51
5376,2
4664,14
3751,139
1779,77
3753,727
3755,78
3754,20
1073,29
2190,3
4632,10
258,3276
2193,31
2194,145
4636,870
4635,11
4634,1839
252,190
253,557
250,390
4638,370
256,60
257,50
254,271
255,357
2200,891
2201,80
2202,3114
2203,579
2204,255
2205,179
2206,12
2209,24
96,459
2429,2878
2343,10
2420,178
1446,12
2423,23
2424,17
2044,87
2426,431
3909,5
2641,73
901,22
168,104
169,1148
165,425
166,66
167,338
160,146
161,1434
162,47
4839,326
4838,45
3688,37
4529,7
4528,45
3683,172
4830,111
4833,603
4832,34
4835,24
3686,30
4521,310
4836,180
1343,20
4422,6
4762,5
2518,47
2519,62
1980,20
2514,10
2517,139
1841,1238
2513,121
2734,4
2735,71
4421,27
2730,21
2731,1156
5298,73
5299,253
5296,288
5297,31
5294,4
5295,61
5292,10
5293,25
5290,60
1846,74
3531,477
3533,155
3532,492
5058,68
5059,282
3537,38
3536,152
5054,78
5055,371
5056,257
5057,992
5050,73
5051,65
609,248
5053,116
1814,413
1815,40
1816,57
1810,251
4338,12
1812,14
1813,1970
4339,41
1818,921
1819,3
4336,6
6074,45
5888,42
5468,56
4337,167
2169,202
4334,876
677,43
1098,297
6070,40
1099,166
2128,10
3042,25
672,227
4663,49
4331,20
4950,93
1609,5
1608,983
1979,11
1978,1
3225,54
3224,887
1975,306
1974,205
1973,3718
1972,284
1971,107
1606,1136
809,40
808,13
803,4
908,55
6078,2
807,189
806,1
805,1
2846,7
2844,69
2843,33
2841,30
5477,225
5474,78
3323,1493
3324,35
5473,79
5470,12
3327,10
3328,60
3329,416
1775,447
1774,1281
5276,113
1776,129
5270,76
5271,476
5272,7
1772,103
5278,59
320,510
321,69
1990,37
3975,550
2167,26
1159,124
3977,314
2999,5
1157,375
3976,69
1150,521
5519,255
5518,86
3778,37
1178,37
5511,1
59,2192
5801,213
5517,2
3039,10
1550,570
3038,53
1554,250
3034,67
54,17
57,554
56,2729
3030,247
2995,712
3032,629
3033,1018
1427,1
3035,62
2992,26
781,2
3299,4
3037,63
1908,70
2994,5
1909,9
3031,453
5605,432
5604,170
1863,38
5606,262
5601,61
5600,101
5603,29
5136,169
52,97
5609,119
5608,91
3724,18
4690,65
3297,171
5133,47
3291,53
429,2669
428,1597
1900,817
1399,711
1398,121
1397,178
1396,30
423,354
1901,14
425,4
424,9
1391,77
4693,199
3812,46
3813,213
3811,24
3816,57
855,463
3818,297
3819,921
5124,308
1420,23
857,5
3456,128
4692,5
851,24
4299,44
4294,141
4297,63
3455,165
4291,77
4290,62
4293,4
4292,90
4686,417
3373,136
3510,49
2298,12
4989,31
2776,10
4749,6
4748,342
4743,1065
4742,774
4741,10
3474,1798
4747,550
4746,4
4745,413
4744,13
5869,425
5868,119
4697,5
5865,3
5864,236
5867,153
5866,6
5861,143
5860,262
5863,14
5862,113
4714,1192
2331,1066
2183,191
2182,270
2181,48
2180,1056
4696,4
229,8
4609,1545
227,47
4607,273
2189,435
224,1012
4602,57
222,19
221,5
220,21
2213,15
2212,13
2211,42
2210,131
2217,10
2216,16
2214,123
4828,1
2219,91
2218,183
3698,1
5607,5
5431,414
2339,11
151,67
1426,15
2439,394
2438,198
3971,23
154,353
157,4
156,9
159,44
158,66
2977,33
2430,307
2437,79
2436,473
2435,188
4719,11
4922,21
976,9
5767,6
123,81
4519,120
4512,100
4510,9
4511,77
4516,3
4517,202
4514,418
4515,1101
1359,20
2507,7
2506,11
2505,15
2504,2
2503,40
2502,26
2501,44
374,8
124,240
2726,5
2723,659
2722,18
2721,31
2720,7
5280,1455
5283,224
5285,270
5284,128
2729,555
5286,22
5049,11
5048,126
5047,1097
5046,6500
5042,88
2199,13
5040,23
1807,113
3783,401
1805,161
1804,49
3786,379
1802,57
5206,80
1800,737
3788,7517
3789,265
1809,3
1808,118
4997,14
4994,202
4995,24
4992,115
4993,400
4990,12
4991,14
2537,24
126,23
4998,558
4999,32
5561,202
91,14
127,40
3710,26
3258,3
3259,227
1948,164
690,6
1257,187
1942,79
1943,432
1940,360
1941,1012
3254,69
1947,160
3256,113
818,1
819,3
1255,3
810,41
811,1
812,271
813,154
814,399
815,212
816,24
817,277
1623,257
5183,121
2850,1
1523,2
2855,1
3205,108
3333,303
5460,269
3331,64
1620,1800
5465,4
3336,3037
5467,142
3334,2678
5469,55
1995,463
3339,342
3338,358
1395,92
1994,157
1700,69
1703,115
1704,260
5184,16
5261,968
1707,38
1709,84
1996,887
5269,571
5268,941
4573,65
427,2
1998,138
3658,89
426,13
5188,13
3659,6
1128,45
4576,5780
1121,1
1122,111
4577,1
1125,6
1126,2
1127,42
3654,1943
4579,766
313,87
4722,1
5437,13
2988,224
497,381
3029,56
3028,29
2983,290
2099,7
3025,96
2980,269
3023,17
2986,31
3021,20
2098,241
1090,123
300,104
1018,421
1019,802
312,189
695,36
1016,5
1017,36
1010,247
1011,486
1013,482
3950,258
1231,9
1232,33
1233,18
5674,319
4359,4
5678,77
5679,24
4356,85
307,13
4350,35
4351,4106
4352,8
4353,92
4679,146
1266,2
4901,424
1341,35
438,632
4900,84
436,1276
437,7339
434,80
435,1130
432,191
433,178
430,13
431,36
3809,46
3808,344
3805,41
4673,350
3807,107
3806,61
3800,499
3803,5
3802,1484
2863,84
4671,172
2864,247
4670,387
558,2
5709,77
5704,665
5705,57
5707,165
5700,136
1967,28
5702,24
5703,37
2706,10
3162,45
2869,74
1907,12
634,14
2173,13
1960,12
315,46
2701,7
4777,191
4774,17
4775,11
4772,10
4773,11
4770,184
4771,137
4778,1
4779,71
4174,384
928,41
4176,109
4399,19
4172,4
4173,53
1961,73
2700,14
5818,20
5819,85
3060,45
5810,560
5815,164
5816,2
5817,44
2464,115
4296,1
4683,47
927,17
4619,36
4618,369
996,14
238,8
239,44
234,77
235,1941
236,45
237,208
230,643
4614,106
2708,909
2944,12
226,2
993,45
2226,44
2227,7
2224,25
5149,255
2222,78
2223,54
2220,118
2221,32
5924,6
5925,601
5926,209
5927,50
5920,77
5921,142
5922,34
5923,1661
4837,3
5928,396
5929,118
146,17
147,7
144,3902
145,145
142,534
143,1601
140,683
141,63
5069,121
5355,14
148,60
5143,6235
1430,17
4506,20
4501,5
4500,330
4503,85
1054,9
4509,206
1055,140
3401,32
2088,1289
2089,1279
1056,13
4518,2
121,27
2082,27
2083,310
2080,25
2081,235
2087,3612
2084,225
2085,74
1537,8
1191,424
2538,1344
2539,1043
3942,68
2532,505
2533,235
2530,812
2531,1299
2536,2090
5452,23
2534,288
2535,225
2712,157
2713,2
2710,961
2711,850
2716,272
2717,30
2714,196
2715,70
4238,11
5454,13
2719,40
1194,7
128,74
5078,6
5079,155
129,70
5072,66
5073,153
5070,548
5071,390
5077,117
5074,406
5075,575
1832,6
1833,61
3799,2182
1837,385
1834,31
1697,64
1716,46
3794,114
1838,1024
1839,436
3791,621
3790,42
3793,127
3792,100
2154,481
2155,644
4983,128
4982,885
2150,258
4984,310
2152,1748
4986,226
933,28
932,90
931,416
930,89
2159,1575
935,52
934,106
5380,6
5381,15
5382,26
5384,5
5386,21
5388,26
5389,3
136,58
1587,2
1957,1108
1956,7567
1950,7
1952,76
1829,1
1959,94
1958,11
3248,618
3096,326
3370,25
3242,326
53,166
3247,274
3246,432
3245,11
3244,154
4404,120
228,9
829,7
828,359
1824,138
825,10
824,47
827,43
826,5
820,7
822,10
4310,38
3097,256
1536,48
1176,417
1821,97
5995,376
1993,104
1820,1
1483,59
1482,102
1481,85
619,54
1487,598
1823,170
1485,63
3309,161
3306,1043
5495,7
5496,44
5497,26
5490,74
3303,16
5492,674
3301,266
1713,417
5253,501
5250,2209
1710,184
5256,287
5257,175
791,5
2146,652
5258,34
1992,381
4394,49
799,554
1270,17
2144,37
613,34
2143,42
5693,14
1715,86
2414,656
5946,14
1139,77
3051,5
4063,120
1274,1
225,50
5944,217
2829,60
4974,599
5945,6
614,114
921,17
4066,4
615,670
2062,70
3018,834
3019,384
4064,2
3012,353
4970,1868
3010,112
3011,4
3016,153
3017,1740
3014,17
2065,7
519,148
518,12
4972,71
1009,152
1007,67
1006,288
1005,303
1004,217
1003,139
1002,32
1001,41
1000,650
623,109
1226,58
621,12
4740,344
627,887
1997,17
625,354
624,206
629,156
628,207
1229,2
1228,60
5663,77
5662,172
5661,1
5660,12
5667,32
5665,155
5664,629
5669,546
4344,23
4343,347
4342,34
4341,4
4340,54
2882,20
2883,22
2880,168
2886,89
2887,45
2884,10
2885,1116
23,42
2888,3
2889,34
2,156
3099,29
419,14
3878,12
3879,398
510,5
3870,221
3871,635
3872,60
3873,427
3874,104
3875,571
3876,1324
3877,1596
4677,4
13,135
15,254
14,465
17,52
5718,22
5717,49
5716,85
5715,2195
5714,531
5713,1940
5712,1237
5711,182
5710,23
547,2
2740,29
3275,18
3272,49
3310,1
3273,121
3904,67
3905,3
3906,1493
3907,295
3900,431
3901,68
3602,13
3113,48
3027,28
1927,880
3908,17
3601,138
3112,11
4761,120
4760,171
3600,160
4765,51
4767,7
4766,26
4769,1180
4768,618
3193,35
4167,5
4165,967
1105,18
4162,8
4160,33
3604,8
4168,22
5809,1557
5808,42
5803,81
5802,41
4321,288
5800,2458
5807,10
5806,79
5804,2333
201,124
200,900
202,113
205,193
204,253
207,754
206,16
209,2322
208,1001
2745,100
3476,78
679,45
2954,33
1573,17
5012,87
3477,202
1572,16
836,21
687,758
3471,28
2239,1536
2238,16
686,96
834,18
2231,75
2230,412
2233,23
3473,399
2234,13
2237,66
2236,76
5937,1101
3575,15
5933,29
5932,68
5931,298
5930,582
4565,108
1574,39
3577,31
5939,26
5938,969
1631,24
3576,355
476,2
3498,163
3499,195
3496,854
3497,205
3494,66
3495,478
3492,89
3493,43
3490,37
3491,345
4570,3
2094,3319
4572,34
2096,7139
2091,193
2090,913
2093,480
2092,1139
4578,508
3655,722
3656,11
3572,74
3650,558
3651,336
3652,833
3653,169
2525,1646
2524,335
2527,28
2526,656
2521,146
2520,693
2523,42
2522,10
2529,10
2528,885
3681,76
4494,17
2174,1148
940,19
4601,2
4492,144
5065,134
5064,147
5067,399
5066,311
2709,114
5060,310
5063,19
4880,85
2704,586
2707,328
4883,306
4884,23
5068,59
2703,393
2702,395
3220,41
6119,2
4408,92
2951,23
1825,672
4405,78
1827,213
1826,752
4400,881
4401,480
4402,417
4403,150
2147,17
929,359
2413,249
2412,111
4978,144
4979,140
2417,1909
2416,2477
2419,978
2418,2980
4977,307
924,18
4971,909
2149,905
499,301
5393,194
5392,14
5391,1191
5390,790
5397,6
5395,169
4155,146
5399,62
5398,109
4326,10
3277,27
3274,807
1923,385
1924,93
1925,857
1926,880
4225,128
1928,1646
1929,161
3278,609
3279,248
832,59
3475,102
830,13
831,248
3470,141
837,282
3472,233
835,170
490,121
838,90
839,195
3478,137
3479,100
4821,8
4221,62
3,24
4248,227
493,773
3068,2
4319,9
5586,25
43,79
3574,4
3319,928
3318,1528
923,431
4249,127
5488,82
5487,807
5486,175
5485,472
3312,86
3315,550
3314,343
3317,343
3316,33
784,1256
786,281
787,105
5249,71
5248,122
782,273
783,900
5245,1988
5244,465
1724,44
1725,32
1722,29
1723,147
5243,274
1721,509
4382,51
4159,2
3330,391
468,4
150,101
153,102
29,16
60,302
3311,239
62,183
63,53
3001,246
3000,210
66,243
67,149
68,549
69,115
3009,572
3313,149
5635,114
3337,8
1371,958
1588,5
1589,784
406,21
1582,49
1583,926
1580,105
1581,34
1586,182
926,3
1584,6
1585,22
2433,19
1038,395
1039,2853
508,988
1032,85
1033,55
1030,126
1031,171
1036,1614
1037,1662
1034,172
501,31
630,157
631,452
632,125
1211,25
1216,97
635,7
636,1259
637,1532
638,1239
639,73
1219,799
3024,35
4378,466
4379,1175
989,1
1983,270
5658,235
5656,41
780,1
4370,91
4371,12
3335,298
4377,102
5650,253
4375,8
4831,26
2899,414
1728,938
2895,50
2894,1038
2897,232
2891,44
2890,28
2893,232
2892,823
1106,54
1107,13
1456,679
1457,35
1102,204
1103,110
1452,36
1453,106
1898,17
1458,953
1459,68
1108,4
4456,1
4080,12
149,2
3869,1030
5246,31
4084,37
4087,6
4243,61
3862,2
3861,525
3860,1226
3867,1012
800,15
1981,138
1720,45
3736,2015
3148,4
1896,14
323,24
5728,39
5729,91
5720,57
3833,128
5727,364
3732,212
4466,4
3731,2
3730,434
3917,31
4691,150
3915,74
1123,2
3912,159
3911,3
3910,1091
2134,354
3919,2
3918,62
2135,76
4798,35
4799,530
1575,31
4797,3
4791,9
4792,600
4694,566
4152,355
5837,328
4150,519
5835,753
4156,372
4925,459
4154,163
5831,1930
4158,19
2131,251
5839,312
5459,2
5568,5
1910,16
1914,10
215,142
212,2
210,71
218,7
920,76
957,143
6088,182
6089,34
6086,73
1021,31
6084,331
2139,1
6082,120
6083,31
6080,298
6081,35
36,16
681,2
5902,8
5903,26
5900,38
5901,40
5906,22
4,392
5904,131
5905,3558
5909,172
439,332
3489,64
3488,419
981,41
3481,48
3480,416
3482,6
3485,128
3484,81
3487,11
3486,385
938,17
4567,123
4566,41
3649,32
4564,153
3647,113
3646,85
4569,303
4904,23
3643,125
3641,5
3640,3370
2550,24
2551,74
2552,417
2553,71
2554,46
2555,30
2556,369
61,100
3283,33
2559,25
3007,4
2396,483
2397,320
2394,71
2395,298
2392,56
2393,25
2391,71
64,3
6041,23
2500,14
2398,37
2399,72
5010,14
5011,21
4899,232
5013,21
5014,1
5015,75
3282,20
5017,5
5018,62
5019,20
2772,46
2773,616
4896,21
4895,188
4135,127
4081,2
2601,4
3307,4
2803,72
984,62
1858,736
1859,375
3281,5
4418,12
1850,342
1851,151
1852,173
4414,158
1854,847
4412,37
1856,554
1857,1018
6064,16
2640,147
6066,80
2171,694
2176,10
2177,6
6062,1319
4968,1003
4967,91
4966,1068
4965,30
2179,240
1355,3
6069,3
913,132
4960,15
5432,21
2606,151
2950,15
3847,58
2602,4
5433,14
2608,10
1423,477
152,10
2645,38
1933,943
3260,84
1931,1228
1930,1334
3265,19
1936,76
3267,154
1934,3542
3269,28
3368,300
1939,1026
2728,9
5120,29
5121,217
458,290
5123,61
3467,280
845,645
3464,144
3463,1055
3462,844
841,1454
840,857
5435,252
2975,5
849,39
848,29
1429,5
241,107
2406,97
459,37
2661,98
5439,4
4276,47
3695,1928
663,1634
4905,56
2407,39
1192,22
1739,290
1738,124
5230,483
5231,637
5232,112
5233,447
5234,119
1734,439
5236,223
1736,1106
243,6
5405,164
5041,216
2052,1
753,1138
752,187
9,164
757,344
756,44
755,26
754,1621
759,7
758,262
3780,27
3946,48
3070,2553
3071,171
3072,152
3781,113
2958,132
3075,357
3076,11
3077,216
3078,36
3079,21
2956,489
2957,2
1599,28
1598,278
3787,27
3700,1929
5345,52
1027,1525
5347,449
5340,1
1801,154
1023,572
1022,1269
5830,941
3785,124
1029,1543
1028,1842
503,52
500,82
3701,277
605,63
1212,618
4367,158
606,57
4361,392
4360,22
603,39
1213,667
1205,35
1204,216
1207,292
1206,365
1201,13
1200,1644
5649,173
5648,67
1358,609
5457,228
5640,597
5642,2
5645,41
5644,46
5647,20
1217,84
1806,1
3109,72
3105,2
3107,318
3100,967
3101,930
3102,70
3103,44
1447,727
1110,324
1445,543
1444,36
5,1385
1442,785
1117,2
1116,152
2006,6
1506,5
2478,9
467,4930
1449,37
1448,359
4093,1834
4092,121
4090,7
4096,818
3648,3
4094,1270
2401,249
4099,4
4858,10
4826,43
5735,302
5737,129
5731,9
5730,109
3704,24
462,454
5739,430
4855,14
480,21
4586,6
4581,20
790,1
4725,23
4583,8
3705,29
2300,639
5300,43
4582,27
2303,13
3922,12
3923,2
3920,372
4726,621
3926,8
2305,263
3929,141
4720,3
6045,276
2320,92
4789,24
4788,137
4787,10
4786,293
4785,587
4784,39
4783,45
5654,270
4781,34
4780,31
5821,108
5820,17
5823,86
5655,226
4149,20
5824,72
5827,289
5826,215
5829,164
4144,349
2466,1
4143,47
5558,1772
3856,89
3854,319
3855,104
3852,447
3853,379
3850,61
3851,3023
1595,11
4957,37
992,454
5651,71
3858,1910
3859,1215
4822,217
3005,45
6099,2360
6098,64
5303,5
6093,87
6095,139
6097,245
2898,20
5963,268
4823,333
6048,257
16,23
5918,6
5914,49
5917,1
5916,51
5911,4
5910,54
5913,28
5912,23
198,79
2465,2
195,240
194,10
197,785
196,6
193,110
192,16
3672,95
3673,1681
3670,2869
3671,1213
3676,2047
3677,1565
3674,407
2543,52
2542,12
2541,52
2540,317
2547,284
2546,53
2545,30
2544,5957
2549,293
2548,93
1104,19
4175,16
2380,19
2382,17
2385,30
2387,104
2386,60
2389,20
1450,105
1451,15
3580,107
3581,91
5001,214
2768,126
5007,34
3585,258
3586,121
3587,56
2763,17
2127,39
2761,32
2760,6
2767,22
2766,88
2765,152
2285,78
999,2
3290,9
1486,932
2007,28
902,49
903,7
900,6
4429,493
906,44
904,36
905,22
1843,23
1842,397
4420,531
1840,2361
1847,793
4427,568
1845,89
1844,862
6076,329
4958,111
246,282
6073,265
2168,286
6071,130
3251,50
4953,2008
484,385
2161,72
2160,242
4954,16
240,23
2617,32
2616,433
2615,6
2614,1183
2613,620
2612,306
2611,7
2610,70
1946,13
242,58
4082,801
2618,179
3292,359
4083,2
1944,38
5139,3284
5138,209
1906,41
3295,872
5135,2015
1905,106
1902,11
5132,691
5131,1131
3293,528
3002,1010
3453,258
856,19
3451,121
850,80
3457,606
852,57
853,34
372,23
3458,10
3459,100
858,4430
859,49
3863,137
6,1469
4546,28
3402,17
4813,2
5229,46
5228,56
5223,78
5222,37
5220,26
5226,2
5225,43
2609,44
3738,50
975,50
740,13
742,578
743,1350
744,240
745,788
746,327
747,422
748,11
749,59
5884,10
3737,69
2913,1541
2949,602
2948,808
2947,178
2946,317
2945,509
4913,852
2943,24
2942,56
2941,1068
2940,413
5357,284
5356,916
1052,988
5354,2313
5353,396
5352,371
5351,1345
5350,657
1058,110
1059,229
2225,39
5359,44
5358,6
1696,32
2918,150
1694,103
1695,40
1692,9
1693,1
716,53
6009,20
5657,1
2595,320
1791,48
1278,587
1279,23
618,28
4313,1384
2042,92
4316,56
4317,387
612,69
713,34
610,66
611,1051
616,78
617,674
1276,1463
1277,371
4157,68
3008,37
711,63
710,21
5279,14
1490,2773
2377,3
3119,225
3332,212
3117,982
3116,77
3115,238
3114,184
3734,763
1492,11
2469,43
3110,48
1472,207
1473,255
1470,149
5462,58
1474,4
2597,13
1494,20
1478,128
1479,5
1495,11
1304,52
2594,4
1306,143
1307,42
1300,318
1301,601
1302,150
1303,4489
1497,170
1308,38
1309,31
5740,281
5741,464
5743,40
498,293
4229,5100
2590,11
1499,92
494,157
495,444
4226,2
4227,779
4220,222
491,32
492,53
2591,3794
24,273
5587,37
26,1038
5585,7
20,88
21,91
22,3
5581,259
5039,470
28,278
5235,25
5588,2
5589,132
3187,95
3599,33
5833,4
1069,520
3583,9
3938,204
844,13
3935,141
3934,79
3937,471
3936,162
3931,1499
3930,161
3932,224
1705,11
4138,67
4139,454
1706,263
4434,7
4131,153
4132,44
4133,328
4134,6
4437,33
5692,56
3840,255
5691,709
5696,106
3844,82
5694,242
3846,130
3849,231
3848,41
5698,109
5699,604
4612,787
1063,16
4430,804
2136,327
4433,25
3916,65
1067,29
4615,2
1066,13
4462,21
4044,207
4045,42
4046,318
4047,212
4040,54
4042,11
4315,23
4048,68
5968,376
7,28
5961,679
1879,43
5964,61
5965,94
5966,203
5967,146
3665,996
3664,41
3667,16
3666,92
3661,3250
1345,18
3663,24
3699,52
2280,144
2281,124
2282,260
2283,62
3669,86
3668,671
5582,252
4549,115
4548,82
974,1128
973,533
4545,13
4544,6
972,164
939,61
420,70
2578,90
4435,6
1048,191
2577,82
2574,120
2056,207
2572,19
2573,304
2570,2
2571,147
4534,108
2379,1
4535,2
2374,171
2375,2
1604,20
3692,84
2372,2724
2373,3554
3593,481
1087,84
2596,1195
4825,5
4318,287
3596,109
2592,778
590,15
5036,649
5037,364
5034,911
5035,730
5032,1670
5033,130
5030,752
5031,227
1876,197
1877,152
1874,627
1875,125
4431,64
4532,52
1870,183
1871,68
1083,8
3697,200
4439,96
4438,174
1878,100
1082,135
4945,139
4944,811
4947,106
4946,16
4941,403
4940,280
971,981
970,260
1080,50
4949,1
4948,112
979,8
978,11
182,390
183,873
180,106
181,265
6046,62
6047,62
6044,98
598,998
2111,219
2112,1017
2113,123
2114,1046
2115,330
2116,721
2117,318
2622,4
2623,46
2620,12
2621,26
2626,309
2627,75
2624,38
2625,138
2628,64
185,37
4089,1
1919,15
5108,3362
4151,167
4368,1
3289,71
3288,29
1911,162
5103,430
3285,124
5101,1243
5106,307
5107,95
5104,374
3280,1269
869,109
868,299
189,8
3449,87
3448,90
3141,20
861,264
3444,241
3447,9
862,123
865,32
3440,406
867,338
3442,2738
2756,32
2757,468
2754,54
2755,63
2020,388
2753,33
2022,396
2751,59
2828,6
1243,183
2758,319
2759,31
883,120
882,339
881,19
880,212
887,2
884,351
4017,19
2371,1
888,12
4590,46
5216,77
5217,124
5214,5
5215,1792
5212,7
5210,137
5211,205
657,289
5218,338
5219,449
2460,38
3468,5
1025,37
418,12
6065,38
353,1075
4800,15
5414,84
777,9
2629,28
771,153
773,1
5415,6
2008,94
779,11
778,17
4675,65
77,6
2978,328
5417,116
73,524
72,45
71,113
70,104
3056,251
3057,8
3054,181
3055,152
2976,6
3053,97
79,1802
3383,23
1043,2623
5363,74
5360,266
1040,1520
1047,31
5367,224
1045,211
1044,39
5368,1043
3381,249
1681,91
1680,330
1683,4
1685,2
2982,27
1689,3
1688,141
4928,23
4303,1800
4302,673
1269,220
4300,97
4307,30
4306,133
669,3148
668,1325
667,67
666,15
1261,452
1260,507
1267,701
662,144
1265,903
660,21
3287,47
5653,344
5094,31
3286,134
5196,10
3020,429
5100,576
3725,24
3284,64
4595,5
5153,657
3122,5
3123,246
3120,220
3121,37
3127,6
3124,631
3125,471
421,102
1468,557
1465,12
8,2695
1467,160
5105,629
1461,46
1460,19
1463,26
1462,1
1317,259
1316,1144
1315,3
1314,773
1313,210
5028,70
1318,539
5791,2
5751,84
5750,123
5757,22
4239,38
5754,41
4237,525
4236,76
4235,628
4234,11
4233,85
4232,1170
4231,64
4230,9
5591,359
5590,1193
5593,105
5595,388
5594,856
5597,13
5596,4
5599,22
5598,20
3445,1285
860,24
3948,793
3949,535
319,772
318,127
3403,8
3940,317
3941,106
311,361
3943,78
3944,2000
316,13
3815,275
3947,21
4606,112
3443,20
866,3
4364,17
2024,349
4129,2321
4128,5
4123,224
4122,221
4121,1
4120,246
4127,531
4126,128
4125,845
443,44
2027,10
5688,2
2752,51
5681,26
1888,42
5683,4
2021,18
4707,57
1336,493
2750,27
2322,152
948,29
2023,123
4604,47
4705,406
5195,89
2696,78
2327,144
4366,427
2326,19
4057,1161
4056,21
4055,2239
4054,90
4053,465
4052,694
4051,132
4605,17
4059,644
4058,435
1617,224
5978,560
5973,2
4358,106
5971,5
5970,38
5977,2247
5976,1
5975,21
5974,84
3610,126
3611,91
2299,932
3613,111
3614,4
3615,170
3616,236
3618,46
2292,6
2297,297
2295,10
2294,289
1887,2
4354,339
4355,251
3406,1
2569,1850
2568,4
4357,18
2561,280
2560,1940
2563,667
2562,35
2565,220
2564,73
2567,5
2566,1108
2369,52
2368,2350
1712,146
2364,4
2362,3096
2361,15
5907,100
5029,1091
659,25
2585,1
2584,7
2583,89
2582,101
5021,146
5020,12
633,62
1612,100
5024,19
2589,1864
5026,535
1861,269
4441,37
4442,72
1862,206
4444,287
1864,46
1867,37
4447,931
4448,245
4449,623
3726,753
3727,35
3722,8
964,623
4931,241
4932,243
4933,20
4934,147
961,263
4680,367
963,198
4938,623
4939,397
5578,27
968,27
4688,150
4689,125
1337,169
2109,105
2108,828
6059,1502
6058,11
5576,8
6054,31
2101,318
6056,303
2107,95
6050,7309
6053,294
2104,245
5115,625
5114,3994
5117,1
30,198
5111,366
2638,124
5113,150
5112,99
2635,28
2634,1076
2637,134
2636,247
2631,143
2630,413
1245,8
2632,208
1717,54
5403,22
34,9
3527,5
3438,53
641,54
4936,387
3093,533
876,21
3431,25
874,205
3433,66
872,166
3090,316
3436,243
3437,94
2741,301
2036,1738
2035,1089
1534,2070
4848,2353
4597,122
2031,5
2030,6060
4844,1077
2748,73
4846,731
4847,2
4840,363
4841,5
2039,806
2038,512
890,2
891,8
892,163
893,149
894,234
895,497
896,1078
897,1308
898,5
899,249
1530,732
2984,93
5254,128
5201,282
5401,303
5203,9
5202,84
5205,21
5207,30
1248,102
3236,694
5193,262
5198,37
3544,491
3545,4
3547,510
3540,871
3234,94
3543,151
4369,242
3235,111
3548,55
5255,34
5400,368
1964,202
422,343
1965,141
1614,498
5182,181
1788,22
1789,30
2966,22
2960,35
2962,229
1780,367
1781,69
760,139
761,356
1784,567
2968,1211
1786,573
1613,207
3049,365
3048,24
1610,774
3041,26
3040,86
3043,57
1963,397
3045,157
3645,2003
3046,437
4568,5
5379,1093
1078,179
1079,448
5375,19
643,1233
5377,417
1075,50
1072,501
5370,608
1070,100
1071,30
1678,251
1679,80
3804,19
1675,85
1676,94
5394,6
1094,246
1096,162
1097,55
678,583
1091,433
1092,1043
1093,75
674,380
675,43
676,778
4335,767
670,1791
671,585
4330,968
673,1024
3135,170
3134,1163
3137,260
3136,318
3131,134
3130,226
3133,72
3139,270
3138,25
3015,2
1718,53
1915,77
3962,17
919,7
1418,85
1419,78
5789,2
1410,1152
1411,59
1412,32
1413,56
1414,8
1415,6
1416,7
1417,101
1322,79
1323,327
1320,98
1321,1153
1327,50
1324,101
1325,12
4646,71
1328,514
1621,188
4209,172
5768,409
5769,297
4202,80
1600,322
5764,981
2496,388
5762,57
5763,116
4204,56
647,262
1917,2
5569,27
4445,38
3118,293
5564,184
5565,93
5566,948
5567,509
5560,259
1053,372
5562,2
5563,312
1256,10
1525,435
1526,22
1527,1695
1252,75
1253,45
1250,940
1251,657
1528,1441
1529,1764
1258,691
1259,142
309,295
3959,89
3958,22
3953,3399
3952,250
3951,2336
303,183
304,2
305,74
306,128
3954,461
4116,3031
4117,5222
4114,2
4115,8881
4112,65
4113,286
4110,38
4111,1901
4118,288
4119,76
3343,25
2254,12
75,1232
2252,2
74,204
3340,26
2477,736
1484,1177
988,66
2972,3
4898,65
2973,96
4062,35
5947,146
4060,655
4061,211
5942,34
5943,1511
5940,7
5941,481
4069,502
5948,226
5949,72
5784,74
5785,237
5786,13
5787,26
2974,1
5782,199
983,85
78,30
5788,79
4891,60
3603,11
5362,29
3529,1
5152,178
3607,3
3606,753
1042,17
986,27
3609,1101
3608,433
1041,12
987,29
5361,6
5157,356
5366,2
640,302
1046,112
6118,438
5364,416
6114,575
6115,1425
6116,1294
5365,28
6110,61
6111,585
6112,60
6113,360
2358,1771
2359,28
2352,40
2353,994
2350,130
2351,46
2356,831
471,34
5369,14
1488,3
2991,7
5447,25
4453,188
5491,14
4451,96
4450,24
4457,244
1899,135
4455,326
4454,104
1894,9
1895,935
3735,129
1443,1137
1890,39
1891,67
1892,47
1893,2
4923,876
2137,45
4921,600
4920,577
4695,781
4926,3114
2130,857
4924,586
953,61
952,181
955,787
954,194
2138,245
956,1316
3203,101
6020,18
6021,60
477,3
6025,23
6026,73
6027,15
2648,978
5161,31
5162,7
5163,545
5164,946
5165,29
4801,1371
5168,29
5169,303
2642,79
2643,89
2787,77
2646,57
2647,3851
2786,717
1441,3
2781,9
2749,5
2780,5
3429,43
3428,104
2783,138
3422,151
3421,5
3420,2
3427,1539
3425,175
3424,34
2003,11
2000,211
2001,152
4589,20
4588,158
4859,574
2005,436
4857,710
4584,29
4587,1570
4854,123
4853,285
4415,93
4851,178
4850,1205
1853,24
2118,197
4413,19
1268,13
4411,191
3026,53
2100,2
2996,222
1147,7
3557,1
3556,14
3555,31
3554,30
3553,90
3552,404
3551,1
3550,599
2491,1
4304,16
2170,32
3558,10
1263,242
6067,300
6060,638
2997,35
4309,9
918,40
2911,365
2912,1203
664,681
2914,2053
2915,504
719,623
718,6
717,613
1792,1139
715,120
2175,35
1797,73
1796,108
1795,400
1794,471
915,35
661,178
2106,782
4079,26
1524,65
2178,6
5954,9
5308,757
1068,4
4964,55
1061,19
5301,42
5302,407
1062,30
1065,9
1064,327
5306,44
5307,289
4390,21
4526,30
1669,6
502,18
1667,4
4620,159
1662,267
1661,155
1660,1946
4329,997
1086,16
1085,161
592,17
595,934
594,153
596,4861
599,5565
4320,214
3966,20
4324,154
1088,94
3140,3381
3022,18
3142,67
3143,1281
3144,309
3145,42
3146,47
3147,34
2824,257
2825,1
2826,11
2820,73
2821,116
2822,5
2823,604
3386,1034
3387,42
3384,9
3385,517
3382,452
5411,31
5412,24
5413,860
2032,36
2603,4
5418,61
3964,232
3388,236
3389,2059
1409,77
1408,97
1403,1367
1402,85
1401,617
1400,1337
1407,17
1406,276
1630,125
5344,26
449,3926
448,230
1339,344
1338,333
1491,137
1335,83
442,1
441,167
440,570
1330,28
445,848
444,45
5779,322
5778,6
3129,8
4623,68
1432,36
4436,73
696,211
5773,98
5772,47
5775,16
5774,196
5777,5
5776,7
3261,6
39,22
1540,78
1057,41
1932,877
33,7
32,935
31,7
5574,112
37,993
5572,708
5571,18
5570,27
1241,247
1240,1226
1535,2609
3091,628
645,676
1532,1050
1531,145
1246,1420
649,19
648,342
3098,24
1632,13
5346,1512
1539,108
1538,64
5799,214
1493,17
699,6
339,72
338,1482
335,928
334,308
337,477
336,853
331,303
330,636
333,409
332,2060
4101,7479
4100,831
4103,1
4102,359
4105,34
4107,10695
4106,4455
1633,708
5771,25
1938,1
772,14
3694,40
3898,4
3899,1783
4907,2
5122,293
1634,50
3892,143
3893,91
3890,173
3891,7
3894,690
3895,776
847,144
1533,152
3465,3
2063,438
1635,11
1464,21
843,29
1496,3
2119,87
842,1221
1353,694
5950,38
5952,61
5955,149
3461,684
5957,34
5956,93
5959,8
5958,9
3460,43
4071,265
4073,81
4072,6
5797,11
3967,54
5795,7
1636,713
5793,1364
5792,17
3960,111
3961,463
5081,1
1352,783
3969,146
4305,262
275,65
3435,1
3639,556
3636,31
3637,78
3634,1977
3635,56
3632,22
3630,3565
3631,2005
5343,106
2442,35
5798,56
4610,112
1498,18
5084,103
1351,284
4613,587
2345,62
2344,6
2347,145
2346,1009
2341,75
2340,1072
6109,859
2342,423
2694,21
6106,532
6105,2919
2349,59
6102,165
6101,751
6100,809
1822,38
4504,9
1350,16
2067,5
3708,15
3709,35
1319,2
4468,1063
4469,758
1357,53
1886,42
4464,1008
4465,410
1883,13
3707,476
4460,348
4461,765
2121,24
2120,226
2123,268
2122,13
2125,19
2124,426
4918,228
4919,40
2129,1119
947,81
4914,154
945,126
4912,260
4661,954
4910,1401
941,1098
6107,93
6039,247
6038,80
6032,41
6031,81
6030,22
6037,159
6036,206
1594,8
6034,40
5173,220
5172,534
5171,515
5170,21
5177,27
5176,21
5175,1208
2653,3
2652,883
5179,2
5178,638
2657,72
2656,105
2348,14
133,36
132,1921
3414,565
130,835
137,66
3413,397
135,53
134,1703
5185,66
139,1
3418,75
4864,29
707,1
4868,1291
2019,254
2018,92
2015,102
2014,6
4860,822
2016,100
4867,138
2013,67
4865,643
402,13
3965,92
5277,15
1937,17
1591,24
2488,15
1793,260
3562,9
3563,33
3561,5
3566,329
3567,875
3564,1203
3565,669
3568,179
3569,24
511,29
4484,9
4485,153
4480,11
4481,6
4482,554
4483,95
4489,819
2903,177
2902,91
2901,1
2900,103
708,62
2906,7
2904,765
704,130
705,27
2908,11
700,47
701,6
703,115
88,40
89,10
1593,4
82,85
80,1483
81,1526
84,1852
85,12
5319,11
2770,323
5313,269
5312,14
5310,2563
5317,13
5316,28
5315,9
5314,72
1659,230
2487,16
186,24
1652,59
410,1
1656,6
1657,15
1654,86
1655,20
586,219
587,139
584,156
585,101
4890,11
411,3
1987,72
1984,737
588,4
589,1
2009,2
3151,206
1985,338
3157,12
3156,76
1385,1
2837,3
1982,233
2835,11
2834,6
2833,10
2832,5
2830,91
1436,1921
5406,82
3393,341
5404,201
3395,127
5402,1102
3397,1104
1431,404
3399,1
3398,812
3213,526
4333,26
1438,1743
1439,55
1731,59
1730,75
2308,79
299,33
4260,653
4261,475
4262,274
4263,404
4264,27
1889,20
4266,657
4267,81
450,8951
451,3195
452,5423
453,253
1344,401
455,110
456,48
1347,1504
3702,62
1737,277
4467,25
5237,41
1885,94
766,4
5548,415
5549,322
3263,36
5543,634
5540,92
5541,73
5546,32
5547,3
4463,22
1502,8
1503,63
1500,30
1501,45
3089,174
1507,761
1504,171
651,399
3085,179
3084,30
3087,1414
1509,295
3081,57
3080,120
3083,200
516,53
3355,22
310,52
3369,51
317,4
5890,50
5891,113
5892,144
5893,55
5894,78
5895,67
5896,125
5897,27
5898,44
5899,12
3439,77
3885,20
2195,105
3887,4
3886,36
3881,4
3880,194
3882,44
949,114
4916,354
2484,17
765,1
3963,3
944,179
4915,4
942,443
943,715
5151,291
750,133
4662,38
4911,619
4008,38
4009,8
4005,331
4006,64
2579,17
322,2176
3970,1799
3973,54
3972,1413
326,257
327,1
324,1092
325,203
3979,13
3978,11
328,1
329,438
1904,3
3629,1214
3628,370
4942,83
3621,2
3620,23
3623,19
3622,578
3625,322
3627,1
4406,107
2330,138
4715,481
4527,8
4710,32
4711,29
4712,33
4713,609
2338,1025
6133,62
6130,20
4718,378
1597,38
6134,6
6135,93
3073,5
5765,15
1880,6
3250,3
3074,71
2010,3
50,129
3715,187
3714,29
4289,8
3711,87
946,67
4959,4
1592,1
3719,43
4479,1475
4478,2907
2658,83
2955,29
4471,888
4470,1554
4473,209
4472,72
4475,65
4474,86
4476,39
4909,19
4908,83
6004,30
6000,158
6001,1855
2486,109
4676,127
4903,91
2485,508
2482,884
4672,277
2480,189
2481,18
914,123
2248,4
2249,1759
2244,77
2245,11
2246,35
2240,13
2241,130
2242,29
2243,317
995,132
994,6378
997,1585
2467,206
1137,44
2461,237
2462,197
2463,156
5146,244
5147,38
5144,269
5145,1
5142,449
998,520
5140,907
5141,684
120,462
3400,300
122,19
1026,1253
3405,55
3404,317
3407,615
5684,12
3409,598
3408,178
2654,1
1020,38
3416,40
1136,11
365,3
4871,25
3379,57
3417,151
3378,352
131,237
1186,337
2798,145
3415,1
1187,1721
2792,89
2061,264
2790,17
2791,66
2796,138
3375,155
2795,213
1922,965
5348,41
3411,86
1183,115
3371,76
1181,41
5098,608
5099,1022
3579,249
3578,1477
5455,9
5090,63
5091,131
5092,103
5093,146
3571,75
5095,15
5096,86
5097,53
4497,13
4496,10
4495,88
2665,247
2662,226
2663,208
2660,31
4490,315
722,629
2164,6
4499,10
4498,20
2938,226
2939,186
2936,1323
2937,270
2932,106
2930,268
2931,263
5326,180
5327,8
5325,23
5322,146
5320,1
5321,234
1836,1085
231,3
5328,1509
5329,245
1645,70
1647,105
1646,164
1641,17
1640,98
1642,477
1835,44
1649,1372
2598,9
3795,20
728,4
4881,82
729,31
5251,35
3797,4
3796,623
1165,64
572,3
570,83
607,116
574,58
2808,565
2809,308
4956,535
3169,814
3166,8
601,10
2801,2
2806,422
600,43
1421,635
4981,484
5430,848
1422,688
1425,7
1424,154
5434,1
4980,403
3364,44
1428,582
5438,15
3367,23
2404,361
3362,121
3363,4
730,62
733,6
732,10
735,3052
734,8
737,34
5652,916
2402,95
3390,21
2151,301
4273,366
4272,2649
4271,698
4270,959
4277,556
4987,64
4275,53
4274,70
465,154
464,59
4279,167
466,139
461,864
463,596
608,1415
5555,27
5554,1046
5556,229
5553,1736
5552,137
5559,82
2017,382
3003,7
4224,14
5374,5
936,9
1518,85
1515,694
1514,7
1516,42
1511,130
1510,13
1513,3
1512,75
4753,158
276,24
5755,9
4886,26
5883,569
5882,54
5880,112
5887,382
5886,278
5885,263
1735,299
2004,36
5889,151
1543,105
958,45
1798,13
280,134
5770,18
3184,15
3185,3
3186,23
3394,102
3180,1171
3181,111
3182,258
1024,9
3188,224
5972,17
3501,69
4018,41
2688,1
4013,1
4012,390
4011,205
4010,232
1897,21
4016,157
4014,421
357,128
356,6
355,661
3988,1779
3989,711
1726,71
47,815
3984,275
3985,49
3986,1451
3981,61
3982,45
3983,71
795,409
3612,286
5796,11
6125,127
6124,204
6127,817
6126,438
6121,119
6120,8
6123,1
6122,163
2323,32
4706,953
2321,467
4704,1779
4703,1170
4702,220
2325,152
2324,271
2329,77
1113,298
4709,526
4708,95
289,735
288,49
1112,50
4426,450
3619,1
281,48
1115,298
283,71
282,58
285,54
284,46
287,102
286,142
3760,53
3761,107
3763,163
3764,26
3765,6
3766,526
3767,69
3768,113
3769,126
1440,556
263,33
262,29
267,62
266,74
265,78
264,38
269,3032
268,235
2184,89
6011,127
6013,111
1291,21
6015,139
1215,25
6016,934
6019,640
2490,947
2493,3
2492,614
2495,76
2494,5
2497,481
4645,663
4424,19
259,46
1566,123
2259,99
2258,151
2257,459
2256,511
2255,102
1567,290
2253,68
5848,162
2251,11
2250,166
5159,233
5158,7
2475,597
2474,53
2473,4
2470,189
982,257
5150,118
980,73
2197,436
5155,1138
5154,49
2479,1251
985,738
2198,884
1790,7
2315,33
111,593
110,1961
113,421
112,3564
119,99
118,98
3432,5
2785,918
2784,1096
4802,866
4803,1418
4804,472
4805,859
4806,1391
4807,9
4809,3
2788,25
2079,244
2078,2213
2073,1646
2072,42
2071,17
4108,33
2076,17
2075,61
2074,763
2777,31
4969,525
4363,24
3508,46
3509,46
5089,146
3500,14
5082,19
3502,108
3503,63
3504,94
3505,57
3506,49
3507,89
2060,181
2675,7
2674,19
2677,43
2676,129
2678,42
6103,63
2929,1566
2928,1984
2921,391
2920,431
2924,153
2927,1
2926,41
5330,4
5333,864
5332,679
3685,141
5337,28
5339,2
4906,20
1986,442
3215,1682
3216,146
3217,66
3210,2210
3211,833
3212,215
1637,1128
483,64
604,16
3219,14
1988,23
1989,119
3222,27
2817,167
2816,627
2811,88
2810,29
2812,205
561,5
562,34
2819,70
2818,1555
567,124
3179,9
3178,603
2366,110
3171,39
3170,8
3173,652
3172,9
3175,128
3177,88
5086,6
4894,16
5429,749
5428,35
1188,10
1189,1094
3377,2279
5424,60
1184,34
3374,117
1182,82
3372,23
1180,505
5422,13
726,136
727,67
724,9
725,246
1748,459
723,1655
720,79
721,778
1744,76
1745,65
1746,72
1747,774
1741,197
1742,89
1743,463
1164,1
2587,336
1166,68
5637,487
1160,151
1162,326
1163,7
4246,14
4247,774
4244,255
4245,370
1169,12342
4240,173
4241,19
5520,87
5521,488
5522,4
5523,204
5524,62
5525,149
5526,155
5527,552
5528,76
5529,32
4397,14
3304,19
3197,89
3305,67
48,327
49,1342
46,695
3302,249
44,1
4491,24
1364,227
40,33
41,16
1568,1556
1569,12
1298,8
1365,131
3300,8
1561,327
5493,30
1294,651
1295,139
5252,90
5022,74
1360,175
796,1077
591,73
1361,1
1711,272
2425,1
794,155
5027,742
3092,19
793,137
2599,16
5125,16
792,59
4398,56
4440,56
5639,984
1860,14
5634,166
4391,233
4392,42
4393,343
5630,181
5631,5
5632,92
5633,44
472,322
473,198
470,67
3194,597
1362,462
3192,42
474,189
3190,7
1865,25
478,59
479,488
1719,24
1368,5
1369,124
