5259,293
4446,9
3923,5
5317,5
4447,1775
5745,120
4026,87
4027,1672
4024,349
4025,3583
4022,3
4023,45
4021,85
3798,18
1868,279
4029,199
5988,147
5989,1866
2030,9645
5982,185
160,33
5684,52
5986,89
966,40
5984,823
340,219
341,23
342,237
343,115
3997,149
3996,1061
3995,1151
3994,307
348,316
3992,159
3991,62
3990,108
4930,112
4844,989
965,25
4416,70
967,2
4684,759
3573,69
3346,8
4933,19
5373,70
2919,18
3325,7
4683,59
4732,758
5970,31
4731,8
4736,2263
4936,543
4734,460
2319,4610
2316,4211
2317,205
4738,1882
4681,699
2312,347
2313,114
2310,2
2311,152
5854,24
4831,49
5856,48
5857,19
5850,11
5852,39
5853,1764
294,48
4977,411
292,405
3681,70
290,49
291,55
3773,361
802,3
3771,47
4832,80
3776,281
3775,178
587,225
6085,10
3687,128
3778,32
3686,36
270,80
4654,1001
272,2008
273,46
274,1250
4650,319
276,23
277,135
278,6
582,8
4520,3
4659,1
4658,762
3211,1191
117,53
5676,2
374,34
3446,57
4782,16
1612,90
642,507
2269,105
4028,22
2262,119
2263,83
2260,748
2261,221
2266,61
2264,116
5789,1
2442,11
2443,6
2441,1
2446,678
2447,20433
2444,311
2445,1554
1137,53
2448,306
2449,55
3690,3
108,979
109,428
2102,39
103,45
5486,246
106,68
107,2615
104,3
105,152
2046,422
4812,488
4811,882
4810,266
4817,1093
2043,4349
2040,1547
2041,485
2107,123
4819,3666
4818,1411
2048,214
6050,9001
1088,212
6053,829
6052,74
820,2
5981,22
1086,66
5987,1
4031,85
5116,190
4849,1
5111,353
4456,18
2835,18
2142,441
2360,145
3519,25
3518,104
5674,390
2732,639
3513,265
3512,164
3510,86
1210,112
3516,120
3515,37
3514,4195
1420,31
5483,72
2831,12
2684,747
2685,40
2686,45
2687,805
2680,1414
2681,60
2682,1038
2683,1589
3391,1
3441,86
3850,95
1437,108
2631,221
3998,73
1434,665
5118,1
99,12
1435,30
2633,26
4937,6
91,25
90,102
94,1023
96,489
1623,296
5183,146
5180,399
1620,2726
5186,802
5187,1059
1625,513
1624,1484
1999,58
1998,176
1629,459
5189,1352
3209,31
3208,1840
3013,29
1787,5
4974,500
1293,8
3534,73
2862,14
2863,206
2864,346
2865,197
2866,922
2867,86
2868,338
2869,187
551,46
550,1173
553,480
552,42
3539,41
5409,90
3538,3442
5408,179
5678,118
5458,318
1198,158
3348,1261
3349,5673
3342,2705
1190,3428
5452,31
3341,106
1195,520
1194,48
3344,136
1196,124
3780,18
1758,48
1756,3034
1755,828
1754,1082
1753,1235
1752,169
1751,363
1750,687
4259,338
1176,496
1175,1299
1174,343
1173,785
1172,197
1171,6110
1170,8192
4251,575
4250,329
4252,265
4255,2243
4254,177
1179,5
4256,216
5533,2283
5532,1096
5531,729
5530,194
5536,45
5535,82
5534,1075
1875,196
5539,350
5538,23
1005,295
644,288
1285,342
1284,15
1287,585
1286,4
1281,53
1280,49
1283,17
1282,1373
515,10
3517,20
3756,7
876,21
1579,2118
1578,8218
689,67
1001,74
1872,10
3431,67
685,1336
1572,38
687,1053
1000,1160
1577,36
874,246
683,93
682,744
4260,1588
875,2
4261,611
3434,15
1240,1455
873,55
3345,133
870,130
3437,280
4687,13
1888,65
4592,138
4389,13
5629,70
2740,42
4383,181
5626,286
4381,98
4380,935
4386,626
4385,42
4384,150
1371,1134
1370,709
1373,9
1372,76
402,11
1377,1
400,186
1379,312
4848,3241
1342,227
409,5941
408,26365
3834,33
3835,554
3836,20
3837,70
3830,53
3831,3220
3832,976
3833,218
1344,859
2746,428
3838,2
3839,1481
1345,8
5995,532
4030,645
5996,68
4035,34
5990,76
5993,3180
5992,3313
4038,244
457,397
5999,11
5998,250
4737,72
2318,1072
4735,13
3453,356
379,210
378,2148
3620,11
5660,8
4816,27
371,7
373,25
4843,36
2314,41
377,2761
376,269
2343,63
2315,63
5107,112
4348,221
3205,115
393,16
391,9
390,18
397,1389
396,8483
395,675
394,1285
399,6
398,3012
4345,6
2309,1677
1247,2631
4344,6
2195,70
4728,939
5855,35
2301,566
2300,1136
4727,1080
2302,2620
2305,435
4720,3
4723,137
2306,198
5847,56
5846,3
5845,1025
5844,659
1917,3
4676,106
5841,263
5840,49
3592,542
5849,90
5848,291
298,110
3748,3
3746,6
3747,630
3745,100
3742,745
3743,457
3740,2
3741,289
4620,176
4621,402
247,953
246,501
4624,1052
4625,683
4626,5
4627,374
226,6
1106,38
249,83
248,1236
2275,864
2274,10
2277,3
2276,264
2271,1077
2270,214
2273,233
2272,844
5858,14
2279,902
2278,3505
293,69
2705,24
2232,2
2889,41
3201,234
125,132
2455,1
2454,2343
2456,3110
2451,25
2453,195
2452,8
3770,11
179,1
5208,321
176,415
175,1061
174,117
173,584
172,1553
170,1720
2051,256
2050,803
2053,14
1111,542
2055,45
2054,281
2057,110
2056,243
2059,172
4827,46
4824,44
3693,214
4822,324
3695,3463
4820,621
4533,422
970,325
2156,129
3596,151
853,32
652,81
1507,1480
1110,466
2769,1
1505,48
3526,4
3527,28
3525,49
3522,60
3523,50
3520,5
3521,26
1508,201
3528,36
3529,4
4655,5
1509,491
271,106
5738,36
4657,387
4985,8
3225,37
4656,1840
658,21
3224,1078
4651,545
2695,129
2694,24
2693,16
1603,22
2691,2
2690,389
2405,83
1602,35
3782,364
1605,21
4652,4
3220,67
5466,1
499,295
4557,588
5832,144
1115,405
3232,746
3233,127
5490,96
3236,758
1969,4909
1618,320
1619,356
1964,274
1617,262
1966,696
1615,1149
5191,4832
1613,341
1610,858
5192,738
2063,632
65,2
714,6
2873,188
2872,794
2871,263
2870,82
2877,1344
2876,733
2875,186
2874,101
2153,26
2879,3682
2878,2546
4632,18
4534,114
3355,23
3354,209
1724,23
3351,2814
3350,3368
3353,8
3352,6019
3358,2
5448,541
5443,424
5442,21
5441,80
5440,151
5602,17
5446,264
5445,2
5444,361
1768,622
1942,65
1762,17
1763,96
1761,11
1766,73
1767,379
1764,268
1765,252
1140,148
4988,8
1789,79
2692,9
5505,22
5502,49
5500,43
1546,19
1547,1603
1544,82
691,308
1542,441
697,487
694,135
695,46
698,116
699,14
1548,1153
1549,3190
546,60
547,4
3784,170
548,722
549,8
760,282
5627,1
3885,1
1783,45
4530,389
2969,67
1785,1516
1627,10
2388,20
1256,8
5137,27
4531,359
3321,19
5611,572
3322,324
5614,197
5615,2
415,1172
416,4
417,67
1388,2259
1389,129
412,2
18,137
1384,170
5472,22
1386,36
1387,165
1380,1913
1381,3067
1382,758
1383,1240
3827,2
3580,29
3825,405
4532,140
5402,1710
3581,131
3582,45
3829,378
3828,120
2768,143
1177,9
1254,8
5007,63
5006,1
4282,1132
4280,879
4281,246
4286,197
4284,84
781,11
4288,195
5004,4
2403,38
4524,1
2099,7
368,46
2762,31
366,804
367,2
364,16
3218,18
362,28
3574,8
3214,5
1775,582
5008,10
5275,1319
2098,631
1777,2
380,939
381,1
382,281
383,29
384,3
385,17
387,219
388,1028
389,515
2764,170
1770,21
4758,199
4759,240
5463,4
5272,43
4750,172
4751,34
4752,57
1772,139
4755,15
4757,18
5872,1127
5873,789
5871,1690
5876,208
5877,2089
5874,5
5875,12
5878,79
5879,111
1074,1
3759,93
5462,45
4664,32
622,10
3751,232
1779,113
3753,898
3755,79
3754,72
1073,29
2190,7
2191,43
258,4250
259,73
2194,145
4636,1134
4635,15
2197,415
2198,1129
253,860
250,714
4638,411
256,75
257,66
254,481
255,575
2200,1233
2201,177
2202,4601
2203,744
2204,244
2205,381
2206,27
901,62
2209,51
680,1
2429,3629
2304,60
2047,98
2420,315
1446,22
2422,4
2423,64
2424,26
2044,87
2426,639
2641,98
2045,55
168,153
169,1150
165,537
166,24
167,342
5467,202
161,1605
162,62
163,8
4839,291
4838,19
3688,47
3583,13
4528,32
3683,301
4830,187
4833,967
3680,635
4835,41
4522,207
4521,459
4836,237
1343,19
4422,6
3212,434
2518,53
2519,77
1980,11
2514,7
2778,1
2517,186
4420,529
2512,2
2513,224
2734,12
2735,99
2736,3
4421,10
2730,37
2731,2394
5298,126
2733,2210
5296,336
5297,28
5294,14
5295,83
5292,8
5293,59
5290,116
5291,110
3531,597
3530,5
3533,207
3532,740
5058,136
5059,413
3537,55
3536,371
5054,143
5055,516
5056,368
5057,1215
5050,83
5051,53
5052,268
5053,148
1814,521
1815,22
1816,96
1810,311
4338,20
1812,9
1813,2587
4339,66
1818,1407
1107,6
6074,54
5468,65
4337,323
2169,294
676,962
677,33
1098,528
1087,112
6070,43
1099,283
3042,34
672,265
4663,94
4331,13
3774,145
2167,29
1608,1044
1979,12
1978,2
1601,273
1976,3089
1975,399
1974,372
1973,5101
1972,618
1971,163
1970,1813
809,75
808,25
4884,11
2163,1
803,3
908,53
801,1
2349,55
807,287
806,1
5842,101
4437,54
1426,37
2846,15
2843,27
2840,4
2841,40
5477,284
5474,112
3323,2308
3324,55
5473,113
3326,7
3327,9
3328,48
3329,814
1259,117
5274,23
1774,1862
5276,238
1776,135
5270,117
5271,454
1773,24
323,67
5278,82
3973,62
321,178
1990,37
3975,792
1159,262
1158,377
2999,3
1157,510
3976,96
1150,846
2162,4
5519,356
5518,150
1178,110
3038,47
3277,42
5517,6
58,202
1550,668
1101,7
59,2909
1554,407
3034,104
54,9
57,757
56,3260
3030,869
50,280
3032,801
2997,37
1427,1
533,2
531,5
3035,69
2992,32
3571,86
2993,55
1908,121
51,32
1909,22
2995,1799
5605,396
5604,607
5607,12
5606,629
5601,104
53,156
5603,117
5136,352
52,84
5609,136
5608,62
3724,13
1905,101
2772,48
3290,24
3291,34
429,3228
428,1916
3292,524
1399,1450
1398,141
1397,160
1396,47
423,475
422,515
425,9
424,8
1391,71
4693,169
3812,73
3813,227
5465,2
3811,28
3816,76
4608,1
3815,281
3175,151
3818,367
3819,1259
5124,473
3450,9
4493,12
857,42
850,95
4692,4
851,38
4299,31
852,23
5369,33
4294,141
4297,108
1423,903
4291,129
4290,60
4293,10
4292,120
1503,56
4959,2
307,8
2775,1
2588,1
2298,10
1422,1346
2199,39
2776,12
4749,16
4748,422
1324,118
1425,8
4743,1459
4742,1064
4741,11
4740,466
4747,708
4746,13
4745,522
4744,23
5869,434
1847,837
4697,5
5865,1
5864,607
5867,190
5866,5
5861,253
5860,272
5863,31
5862,194
2330,215
4715,837
2977,31
2183,414
2182,457
2181,117
2180,1746
4696,8
229,6
4609,1781
227,94
4607,288
2189,461
2188,1117
4602,107
222,3
221,7
220,48
2213,18
2212,5
2211,66
2210,287
2217,21
2216,58
2214,132
2219,101
2218,264
1845,140
2339,13
5600,193
151,166
150,172
153,165
2438,300
122,14
154,488
156,13
2433,44
158,98
2431,10
2430,406
2437,147
2436,859
2435,312
4719,24
976,38
5767,23
4518,2
4519,148
4512,189
4510,23
4511,101
4516,9
4517,212
4514,406
4515,1297
1359,35
2509,4
2507,4
2506,29
2505,11
2504,3
2503,41
2502,45
2501,51
5932,80
124,246
2726,12
2725,2
2723,1235
2722,58
2721,49
2720,19
5280,2186
5283,504
5285,216
5284,210
2729,942
2728,14
1163,16
5049,11
5048,289
5047,1964
5046,4269
5042,146
5041,269
5040,33
1807,112
3783,329
1805,219
3781,114
3786,446
1802,117
5206,115
1800,1695
3788,9568
3789,435
1809,14
1808,162
4996,4
4997,5
4994,318
4995,21
4992,148
4993,506
4990,28
4991,10
2537,52
126,20
4998,705
4999,60
5340,6
4762,70
149,1
3710,50
3259,305
1948,146
690,2
2176,3
1525,484
3250,7
3251,42
1940,634
1941,1439
3254,105
1947,152
3256,162
819,1
810,41
1520,1
812,255
813,322
814,575
815,326
816,30
817,394
1991,721
3206,59
1523,9
1993,147
3333,428
5460,305
3331,82
5181,360
1494,8
3336,3480
3335,438
3334,4039
1498,26
1995,679
3339,424
3338,341
4535,2
1395,91
4189,2
1994,190
1700,61
1701,3
1702,3
1703,156
1704,479
1997,35
1706,312
1707,41
1709,59
5185,78
5269,618
5268,1135
4573,77
427,3
2091,776
426,15
237,376
5188,30
3659,12
1128,36
472,424
2093,709
1121,7
1122,135
4577,6
1125,2
1126,1
1127,30
3654,2736
184,1
3655,798
5437,17
2988,485
497,530
3029,121
3028,28
2983,256
2982,38
3025,208
2980,393
3023,17
2986,27
3021,35
3020,641
1090,281
300,173
1018,545
1019,1238
312,181
1541,952
1016,12
1017,17
1010,357
1011,627
5234,274
1013,627
3950,503
1231,6
1232,117
1233,25
3086,171
1238,1
4190,1
2526,784
4358,155
4359,23
311,468
4376,2
4354,437
4355,346
4356,110
4357,76
4350,16
4351,8075
4352,5
4353,117
1545,1
6000,205
1266,7
2486,217
1341,48
438,629
439,425
436,1241
437,7797
349,15
435,1038
432,281
433,340
430,13
431,15
740,8
3809,51
3808,410
3805,43
2482,1217
3807,134
3806,60
3800,600
3803,5
3802,1687
89,21
4671,222
3312,177
473,207
559,87
6009,43
3078,30
5709,128
5704,1132
5705,81
5707,241
5700,219
1967,34
5702,46
5703,71
2706,15
3162,100
554,32
1907,13
634,39
2173,17
1960,17
4777,190
4774,7
4775,56
4773,15
4770,444
4771,109
4778,4
4779,140
4174,464
4175,29
4176,274
4399,49
4172,4
4173,100
1961,62
2265,6
2700,14
5818,17
5819,72
5810,1071
5815,182
5816,1
5817,84
995,149
4296,6
1962,42
927,30
4619,58
4618,386
996,27
238,4
239,120
234,160
235,2106
236,75
4612,978
230,629
4614,176
5060,447
2944,1
993,120
2228,10
2229,8
2226,88
2227,15
2224,78
992,672
2222,159
2223,97
2220,105
2221,28
5924,44
5925,953
5926,319
1433,232
5920,145
5921,350
1846,134
5923,3634
3058,6
4837,4
5928,652
5929,127
146,33
147,34
144,4517
4883,238
142,677
143,1888
140,1014
141,107
5069,121
5355,40
148,84
5068,91
4504,13
5354,1917
4501,3
4500,406
4503,101
4502,15
4509,510
1055,159
3401,66
2088,1889
2089,1303
4188,4
1056,62
121,42
2082,40
2083,424
2080,28
2081,295
2087,5339
2084,290
2085,105
1537,13
1191,664
2538,1632
2539,1594
3343,38
2532,657
2533,220
2530,1114
2531,1930
2536,1630
1193,217
2534,721
2535,328
2712,281
4321,417
2710,1205
2711,810
2716,314
2717,39
2714,231
2715,112
4238,37
5454,16
2719,13
3347,51
1136,70
128,125
5079,255
129,225
5072,151
5073,128
5070,661
5071,355
5077,148
5074,448
5075,611
1832,11
1833,124
1836,1031
1837,410
1834,67
1835,119
3795,21
3090,414
1838,1225
3796,851
3791,1536
3790,111
3793,226
3792,212
2154,761
4980,513
4983,152
4982,1026
2402,96
4984,471
2152,2295
4986,325
4989,33
932,77
931,417
930,102
2159,2002
935,41
934,148
5380,1
5381,10
5382,42
5384,21
5386,29
3091,784
5388,37
5389,3
136,52
1957,1884
1956,5008
1951,1
1950,2
1952,118
1829,2
1959,159
1958,13
3248,764
3370,18
3242,477
3247,364
3246,472
3245,29
3244,188
4404,193
228,13
829,1
828,403
1824,239
825,22
824,23
827,35
826,6
4406,81
822,2
1278,428
3097,701
1536,47
4258,2037
1821,176
3092,18
1482,61
1481,153
619,34
1487,927
1486,1426
1485,72
1484,1642
3306,1176
5495,29
3304,58
5497,22
3302,505
3303,18
5492,628
3301,521
1713,395
1712,187
1711,293
794,394
1717,72
1716,41
1715,105
929,466
5628,67
5258,59
1992,495
4394,61
799,1033
4318,310
2144,18
613,27
3712,7
2143,53
2414,698
5946,20
1139,94
3051,4
4063,248
1274,15
4395,2
225,87
4060,955
1135,44
1134,1
2060,344
5945,19
614,98
921,32
5942,48
1277,381
2062,96
3018,876
3019,458
4064,3
3012,519
2064,167
3010,310
3011,17
3016,239
3017,2339
3014,21
2065,1
519,364
518,38
4972,95
1009,151
1007,76
1006,302
513,82
1004,463
1003,145
1002,64
517,553
516,91
623,104
1226,88
621,25
620,171
627,1137
626,9
625,684
624,279
629,282
628,435
3309,358
1229,7
1228,102
5663,111
5662,249
4298,6
5667,29
5666,2
5665,209
5664,1052
4347,1
5669,830
5668,1577
4343,370
4342,39
4341,12
4340,31
2882,11
2883,23
2880,233
1996,1210
2886,97
2887,83
2884,4
2885,2171
23,63
2888,2
2678,45
2,206
3099,23
419,20
5868,187
3878,23
3879,571
3870,307
3871,711
3872,187
3873,426
3874,86
3875,612
3876,1412
3877,1691
1893,2
4677,2
13,175
15,293
14,460
17,70
5718,49
5717,49
5716,118
5715,2431
5714,886
5713,3953
5712,1844
5711,116
5710,31
3275,6
3272,69
3307,4
3310,3
3273,180
3904,115
3905,5
3906,2034
3907,249
3900,766
3901,129
3602,14
928,29
3027,60
3908,103
3909,11
4957,9
4761,149
4760,194
3600,162
4765,93
4766,11
4769,1592
4768,954
3193,55
4167,40
4165,805
1105,25
4160,79
5235,20
4168,19
5809,1640
5808,70
4230,14
5803,76
5802,7
5801,158
5800,3478
5807,11
5806,85
5804,2619
201,194
200,1252
203,29
202,137
205,308
204,391
207,787
206,16
209,2729
208,1005
2745,108
830,7
679,75
1573,28
831,321
684,292
3470,296
1571,554
3471,10
2239,1639
2238,75
686,198
834,19
2231,85
2230,508
2233,60
3473,377
2234,12
2237,175
2236,137
5937,1654
5090,94
5933,17
1575,42
5931,281
5930,613
1574,71
3577,54
5939,58
5938,1219
1631,58
3576,486
2049,3288
712,6
3498,422
3499,399
3496,1126
3497,344
3494,97
3495,888
3492,169
3493,65
3490,39
3491,702
4570,31
2094,3062
4572,50
2096,9429
3658,114
2090,996
4576,6979
2092,1343
4578,700
4579,1101
3656,8
3572,105
3650,1082
3651,449
3652,1020
3653,251
2525,2916
2524,505
2527,105
224,1132
2521,78
2520,856
2523,142
2522,47
2529,10
2528,1359
4494,21
940,45
2663,306
5065,319
5064,210
5067,697
5066,523
2709,94
2708,1244
5063,20
4880,172
2704,1215
2707,436
2661,173
2701,4
1823,208
2703,410
2702,459
6119,2
2748,114
4408,149
4409,1
2951,17
1825,741
4405,83
1827,266
1826,836
4400,1091
4401,616
4402,499
4403,231
2147,56
2146,937
2413,361
2412,118
4978,192
4979,209
2417,2051
2416,3365
2419,1141
2418,3594
923,581
4970,2548
4971,1207
2149,909
2148,720
5393,230
5392,16
5391,1154
5390,913
5397,26
5395,248
4155,158
5399,92
5398,202
4224,26
3274,922
1923,441
1924,198
1925,1591
1926,1102
1927,1728
1928,2137
1929,238
3278,624
3279,285
3474,1953
3475,127
3476,114
3477,398
836,14
837,235
3472,214
835,163
490,489
838,105
839,305
3478,258
3479,163
491,34
3,52
4248,379
4622,5
4223,2
4319,5
5586,35
2727,44
3332,218
3319,1218
3318,1653
2594,4
5488,87
3311,317
5582,367
3313,237
5484,133
3315,812
3314,490
3317,394
3316,45
784,2036
786,393
787,133
5249,111
5248,192
782,285
783,1287
5245,2748
5244,772
5247,389
1725,73
1722,36
1723,141
5243,400
1721,1103
924,24
4382,77
2355,2
4159,44
468,7
1042,8
2439,441
60,512
5487,959
62,239
63,151
3001,425
3000,358
66,378
67,276
68,713
69,118
3009,608
5485,673
5342,1
407,5867
1588,13
1589,1042
406,59
1582,131
1583,1409
1580,234
1581,48
1586,252
405,71
1584,45
5482,50
159,63
1038,343
1039,5120
508,1092
1982,483
1032,122
1033,80
1030,99
1031,135
1036,1807
1037,1297
1034,283
501,22
1212,796
1213,960
632,343
1211,49
1216,155
1217,140
636,2321
637,2404
638,1621
639,172
1848,1
1219,1499
3024,57
4378,545
4379,1551
989,5
5658,364
5656,52
780,3
5654,327
5655,268
5652,1194
5653,533
5650,196
5651,151
2899,349
1728,1256
6058,16
2895,37
2894,1344
2897,562
2896,10
2891,51
2890,17
2893,274
2892,1072
4864,27
1726,179
1456,943
1457,41
1102,261
1103,163
1452,45
1727,14
4457,270
5994,1
1458,1614
1459,46
464,115
1570,388
4080,14
4081,5
4082,824
5246,62
4084,46
3739,10
4087,2
3863,205
4089,9
3861,559
3860,1783
3867,1373
800,5
3864,1
1981,181
1720,40
1895,1488
3148,9
3735,211
1455,22
5728,82
5729,171
3733,2
5720,119
1718,72
5727,665
3732,179
4466,13
3731,2
3149,2
1576,6
3917,53
4691,243
3915,125
1123,7
3912,262
3911,4
3910,1672
5631,5
2134,488
3919,20
3918,104
2135,105
4798,31
4799,630
4795,5
4973,771
4797,12
4791,13
4792,809
4694,561
4152,444
5837,376
4150,784
5835,984
4156,382
2130,1380
5830,1497
5831,2932
982,298
4924,702
5839,620
5459,7
4834,20
6057,26
215,255
213,4
210,102
218,3
920,137
957,177
6088,304
6089,50
6086,71
6084,658
6056,416
6082,233
6083,29
6080,416
6081,40
420,46
681,2
5903,35
5900,46
5901,72
5906,26
5907,114
5904,203
324,1839
5908,19
5909,178
3489,5
3488,539
981,41
3481,46
3480,367
3485,183
3484,151
3487,20
3486,636
938,2
4567,147
4566,155
4565,299
4564,228
3647,179
3646,60
3645,2834
3643,186
3641,2
3640,6471
2550,82
2551,143
2552,399
2553,62
2554,61
2555,21
2556,456
61,179
3283,63
2559,55
2396,1010
2397,518
2394,197
2395,528
3694,60
2393,30
2391,103
3022,4
64,4
2500,108
245,475
2398,31
2399,100
5010,3
5289,3
5012,187
4898,68
5014,5
5015,91
3282,51
5161,38
2770,707
5019,27
4891,100
3002,1593
4896,42
4895,343
2777,34
3076,19
667,138
2803,56
4269,30
1858,953
1859,493
3281,8
5693,20
1850,512
1851,251
1852,270
4414,290
1854,860
4412,81
1856,856
1857,1118
6064,24
6065,8
6066,86
2171,897
6060,625
918,169
6062,1908
4968,1179
915,15
4966,1023
2178,20
2179,396
1355,4
6069,4
913,180
4960,22
5017,9
1421,1274
2606,200
2607,23
2950,11
2601,20
2602,1
5433,32
2608,11
2609,71
1933,1222
1932,936
1931,2010
1930,2885
3265,73
1936,141
3267,187
1934,5000
3269,38
5125,59
1939,1344
5286,26
5120,41
5121,289
5122,498
1424,429
3467,574
2484,31
845,1374
3464,175
3463,1806
842,1363
841,1759
840,1648
4277,686
5435,408
3469,28
3468,8
1429,12
5770,53
241,104
2406,321
459,33
5439,13
4276,41
4905,54
6046,158
2407,55
1585,37
1192,40
1739,371
1738,144
4753,380
1731,98
1730,145
5232,320
5233,602
1735,521
1734,695
1737,324
1736,1656
243,2
2052,11
753,1663
752,444
751,2
750,268
757,635
756,49
755,20
754,1809
1147,3
759,4
758,291
2348,36
3946,52
3070,4072
3071,469
3072,303
1804,28
2958,173
2959,5
1593,3
3077,251
2954,48
3079,21
2956,886
2957,9
1599,20
1598,347
3787,26
5344,30
5345,219
5346,2611
5347,610
1021,19
1020,43
1023,594
5343,200
502,61
3785,155
1029,1923
1028,1980
503,96
500,189
4045,20
1035,1
3701,413
605,82
630,303
4367,218
4366,559
4361,139
4360,61
603,40
631,786
1205,95
1204,353
1207,409
1206,611
609,275
1200,2379
5649,211
5648,58
1358,535
5457,397
6041,36
5642,9
4279,267
5644,79
5647,26
635,18
3696,283
3109,73
3104,1
3105,4
3107,485
3100,1208
3101,1304
3102,64
3103,76
1447,992
1353,777
1445,689
1444,46
1443,1593
1114,288
1441,9
1440,738
4589,24
467,6611
1449,60
1448,511
4093,2716
4092,138
466,185
4097,1
4096,1187
78,43
4094,1515
461,1016
4099,26
4858,20
791,16
5735,426
5737,186
5730,232
4584,30
3704,31
4729,86
484,445
5739,584
4587,2491
480,77
5555,25
4586,14
4581,45
790,8
4852,1
4725,35
4583,16
4724,87
1061,7
4582,19
2303,10
3922,12
3420,1
3920,467
4726,1116
3926,48
3924,2
4721,27
3929,207
3993,182
4789,85
4788,158
4787,51
4786,455
4785,1171
4784,36
4783,75
4370,98
4781,10
4780,58
5821,170
5820,7
5823,181
5822,150
4149,4
5824,133
5827,465
5826,254
5829,278
4144,374
4143,61
5558,2608
3856,93
3854,658
3855,116
3852,614
3853,314
3697,302
3851,3229
1595,7
1801,137
4375,4
3858,2268
3859,1909
35,2
3005,179
6099,2354
6098,102
1062,31
4814,1
6093,70
6095,127
6097,179
6096,42
5963,416
4823,591
16,43
5919,3
5918,20
5914,49
5917,15
5916,62
5911,1
5910,52
5913,32
5912,14
198,219
2465,4
195,675
194,25
197,1903
196,17
3234,207
193,209
192,12
19,3
3678,9
3679,2
3672,161
3673,2782
3670,3571
3671,1333
3676,3551
3677,2707
3674,555
3675,1
2543,78
2542,5
2541,58
2540,317
2547,310
2546,108
2545,42
2544,7870
2549,226
2548,202
1104,77
2381,1
2380,39
2382,26
2385,30
2387,162
2386,138
2389,18
1450,208
1451,27
5003,27
5002,36
5001,158
5000,120
3584,360
3585,438
3586,169
3587,85
2763,8
3589,43
2761,82
421,43
2767,62
2766,88
2765,172
2285,92
999,13
2007,38
902,89
903,10
900,13
4429,640
906,38
904,28
905,29
1843,49
1842,547
1841,1380
1840,3347
4426,615
4427,866
998,696
1844,1162
6076,375
4958,158
4623,50
6073,310
2168,437
6071,161
1943,568
4952,5
4953,2677
4950,90
2161,175
2160,507
4954,2
240,24
2617,40
2616,555
2615,40
2614,1384
2613,873
2612,442
2611,6
2610,56
1946,18
242,108
3869,2087
2618,216
4628,23
4083,1
1944,49
5139,4684
5138,278
1906,67
3295,1605
5135,2871
3297,294
5133,41
5132,738
1900,974
3293,1179
3452,29
855,757
856,28
3451,147
3456,209
3457,704
3454,3
3455,229
372,42
4545,38
3458,7
3459,87
858,8081
859,65
5425,145
3161,2
6,1975
2463,243
4546,33
3402,51
811,5
4571,28
5229,46
5228,140
5223,62
5222,54
5220,32
5226,2
5225,31
3738,123
975,95
275,81
742,646
743,1331
744,337
745,874
746,481
747,501
748,52
749,157
5884,47
3060,55
926,8
2949,948
2948,1198
2947,291
2946,533
2945,533
4913,1250
2943,51
2942,36
2941,1812
2940,705
5357,233
5356,1361
1052,1476
1053,506
5353,526
5352,388
5351,2133
5350,921
1058,174
1059,340
718,5
2225,115
5359,72
5358,6
1696,46
2918,131
1694,160
1695,58
1692,15
1693,2
1792,1569
5470,28
1791,69
4310,54
1279,40
618,56
4313,1453
2042,115
4316,45
4317,669
612,103
713,49
610,73
611,1861
616,104
617,813
1276,1261
615,830
1201,20
4157,210
3008,59
711,86
710,35
5279,43
1490,6053
2377,10
4374,2
3119,360
3118,496
3117,1212
3116,167
3115,194
3114,222
3113,64
3112,17
2469,138
3110,44
1472,180
1473,570
1470,224
3330,597
1474,94
2597,12
3337,31
1478,209
1479,6
1495,60
1305,54
1306,352
1307,13
1300,550
1301,779
1302,161
1303,5885
1497,201
1308,16
1309,6
5740,381
5741,605
5743,77
498,259
4229,7519
5746,4
5747,179
494,380
495,521
496,5
4227,952
4220,23
4221,97
492,44
493,959
24,300
5587,47
26,1297
5585,7
20,136
21,143
22,17
5581,347
3594,42
28,338
29,26
5589,200
4311,5
3599,49
5833,16
1069,599
3938,261
5309,1
3935,154
3934,79
3937,708
3936,171
3931,3191
3930,262
3933,19
3932,431
5195,138
1705,24
4138,117
4139,785
5261,1052
4434,14
4131,308
4132,88
4133,453
4134,7
4135,159
5692,87
3840,364
5691,723
5696,181
3844,73
3847,82
3846,123
3849,255
3848,66
5698,168
5699,909
1063,13
1873,6
2136,566
4433,43
3916,75
4432,5
3649,42
1363,50
1067,51
4615,1
1066,19
4044,252
4922,24
4046,363
4047,191
4040,83
4042,6
4332,1
4315,3
4048,115
4049,17
5968,423
7,29
5961,921
1879,51
5964,104
5965,158
5966,397
5967,177
3665,1839
3664,162
3667,48
3666,195
3661,3044
3660,1
3663,116
3699,42
2280,126
2281,82
2282,646
2283,81
3669,96
3668,556
4549,109
4548,70
446,1
1910,43
973,772
606,107
4544,31
4940,395
939,75
4828,8
2578,257
2579,25
2577,121
2574,229
4829,1700
2572,11
2573,941
2570,4
2571,149
4826,67
2379,7
2058,1
2374,227
2375,2
1604,13
3692,65
2372,2698
2373,4030
3593,497
2595,433
2596,1849
4825,16
2590,25
2591,5390
2592,1223
5039,667
5036,745
5037,492
5034,1877
5035,882
5032,2172
5033,146
5030,952
5031,466
1876,199
1877,165
1874,861
4436,119
4431,92
4430,1035
1870,379
1871,96
1083,1
2516,6
4821,21
4439,38
4438,265
1878,115
594,183
977,34
4944,1595
4947,134
974,1290
4941,617
972,268
971,1255
4942,167
1080,38
4949,2
4948,204
979,34
978,22
182,675
183,1146
180,142
181,348
186,44
6047,73
6044,84
4320,496
2111,304
2112,1593
2113,268
2114,1645
2115,561
2116,1342
2117,279
2622,2
2623,63
2620,33
2621,66
2626,484
2627,117
2624,48
2625,139
2628,107
6045,420
1919,7
1918,2
5108,4564
4151,344
3289,57
3288,46
3287,55
5103,597
5100,941
5101,1586
5106,478
6048,401
5104,642
5105,965
869,87
868,367
189,18
3449,54
4154,254
3445,2991
3444,591
3447,6
862,145
865,43
3440,570
867,445
3442,3220
2024,778
2757,768
2754,90
2027,20
2020,539
2021,22
2022,572
2023,167
2828,17
1243,265
4158,16
2758,325
2829,37
883,202
882,441
881,27
880,225
5197,86
884,469
3728,2
888,7
4590,116
5216,107
5217,106
5214,8
5215,2436
5212,10
5213,2
5210,137
5211,350
832,16
657,605
5218,354
5219,544
418,32
3988,1660
4800,50
5414,143
777,26
2629,90
771,184
3387,131
2008,121
779,12
778,86
4675,45
77,5
2978,382
74,285
73,694
72,51
71,74
70,124
3056,357
2973,136
3054,287
3055,165
2976,33
3053,212
79,3485
3383,16
1043,2984
5363,138
5360,311
1040,2246
1047,41
1046,183
1045,365
1044,42
4597,152
5368,2177
3381,352
1681,67
1680,468
1683,11
1685,12
1684,3
1686,33
1689,7
1688,111
4303,2291
4302,585
1269,331
4300,128
4307,33
4306,95
669,3787
668,1537
608,2304
666,19
4309,12
664,829
663,1539
662,238
661,370
660,43
1911,215
1242,443
2760,15
2985,10
3286,358
5196,9
2984,115
3285,184
3725,37
4458,1
3284,109
640,478
3120,244
3121,47
3127,25
3124,820
3125,560
1697,80
1468,767
1465,22
8,3731
1467,114
3280,1300
1461,62
1460,15
1463,33
5361,5
1317,486
1316,2131
1315,5
1314,1002
1313,261
2139,3
1310,1
1319,5
1318,687
5791,5
5751,136
5750,165
5757,37
4239,38
5754,75
4237,752
4236,112
4235,874
4234,17
4233,152
4232,2116
4231,100
3448,87
5591,492
5590,1780
5593,178
5595,668
5594,1188
5597,4
5596,8
5599,61
5598,14
861,365
3123,277
860,49
5367,408
3948,1243
3949,704
319,1175
318,223
3940,384
3941,148
3942,89
3943,146
3944,2848
316,17
315,72
3947,23
4606,227
3299,8
5168,15
3443,42
866,1
5157,565
4364,25
2756,42
4129,3214
4128,10
4213,6
2025,1
4123,284
4122,391
4121,5
4120,587
4127,716
4126,122
4125,908
1335,98
2755,70
5688,8
2752,31
5681,33
1337,283
5683,8
2753,21
2323,37
440,773
2750,36
2322,223
948,6
2751,88
4604,61
2321,494
4218,2
2320,133
2696,81
2327,247
2326,48
4057,1828
4056,57
4055,2496
4054,221
4053,689
4052,766
4051,151
2028,3
4605,15
4700,1
2908,32
4059,824
4058,532
4153,1
5194,90
5979,3
5978,934
5972,25
5971,9
2759,64
5977,3001
5976,6
5975,34
5974,101
3610,332
3611,217
2299,985
3613,102
5299,314
3615,205
3616,268
3618,49
2292,15
2297,445
2295,19
2294,316
404,54
5679,27
887,14
3406,1
2569,2945
2568,16
2561,331
2560,2628
2563,1023
2562,53
2565,482
2564,62
2567,48
2566,2316
1521,3
2369,80
4969,974
2366,195
5776,32
2362,5745
2361,41
4,649
5029,2057
5028,290
2584,10
2583,172
2582,186
2580,2
5021,149
5020,12
633,93
5022,65
5024,13
2589,2795
5026,520
4440,185
4441,56
1863,107
1862,299
4444,457
1864,43
1867,58
5250,3697
1869,722
4449,1099
3726,1094
3727,37
3722,19
4686,555
4931,255
4932,261
4685,12
4934,337
961,368
4680,453
963,241
4938,890
4939,702
5578,38
968,41
4688,149
4689,239
2109,179
2108,1199
6059,2554
5251,45
32,1633
6055,13
6054,103
2101,479
286,233
6051,306
2106,794
2105,123
2104,256
5115,675
5114,3283
5117,7
30,226
2639,81
2638,172
5113,199
5112,185
2635,47
2634,1573
2637,175
2636,216
5119,145
2630,595
1245,23
2632,203
4672,265
5403,17
34,1
3765,6
3438,62
1241,403
1611,20
879,791
3430,51
877,32
3432,46
3433,37
872,239
1535,3650
3436,264
871,128
2741,270
2036,2487
2035,2077
2034,2033
4596,338
2744,179
2031,10
4595,4
9,232
3096,336
4846,1011
4847,6
4840,330
4841,4
2039,836
2038,750
890,7
891,5
892,196
893,173
894,314
895,761
896,1345
897,1857
898,30
899,500
1530,893
5254,187
5201,373
5401,306
5203,15
5202,97
5205,20
5207,51
1248,176
1968,428
434,126
5198,82
3544,836
3545,3
3547,544
3540,1192
3541,377
3543,366
4369,328
3235,200
3548,55
3549,170
5400,537
1616,5871
1965,227
1614,937
5182,297
1788,11
2964,21
2966,30
4569,448
2960,41
2962,371
1780,476
1781,111
1782,1669
761,616
1784,939
2968,1593
1786,1283
5190,146
3049,458
3048,54
5193,259
3041,33
3040,103
3043,62
1963,577
3045,211
3044,48
3046,545
1430,35
5379,1790
1078,268
1079,662
5375,24
5374,23
5377,606
1075,68
1072,528
5370,1045
1070,145
1071,36
1678,317
1679,67
3804,15
1675,192
1676,193
5394,6
1094,246
1095,1
1096,190
1097,58
678,775
1091,422
1092,1461
1093,134
674,543
675,47
4334,1813
4335,1315
670,2470
671,764
4330,1629
673,1335
3135,250
3134,1649
3137,313
3136,410
3131,217
3130,341
3133,162
1916,6
3139,247
3138,25
645,1519
933,26
1915,35
3962,48
1622,9
1418,178
1419,88
4102,577
1410,1169
1411,73
1412,63
1413,53
1414,8
1415,27
1416,13
1417,127
1322,137
1323,667
1320,129
1321,1332
1327,93
1914,8
1325,36
2495,113
1328,830
1621,152
4647,1
4209,252
4644,2
5768,454
5769,362
4202,106
1600,290
5764,1086
2496,577
5762,46
5763,254
4204,66
647,774
5568,12
5569,17
4445,61
5564,362
5565,143
5566,1117
5567,903
5560,517
5561,360
5562,7
5563,361
1524,39
1257,172
1526,41
1527,2191
1252,90
1253,38
1250,1030
1251,841
2392,97
1528,1830
1529,1921
1258,747
646,578
308,3
309,369
3959,151
3958,26
3953,5122
3952,163
3951,1572
303,297
304,2
305,47
306,167
3954,578
4116,5203
4117,7844
4114,11
4115,10290
4112,57
4113,439
4110,20
4111,2093
1491,100
4118,207
4119,182
4634,1493
2254,5
2858,7
1626,1
4908,106
75,2120
3340,20
4448,314
2477,1064
5184,10
5011,39
4899,268
2972,1
5013,28
3057,6
2970,2
4062,66
5947,325
5944,209
4061,413
4066,10
5943,2228
5940,9
5941,673
4069,495
5948,406
5949,139
5784,115
5785,442
5786,16
5787,25
2974,5
5782,353
983,45
2975,7
5788,117
980,111
3603,26
5362,52
3601,110
2773,842
3607,4
3606,778
3604,19
5155,1875
3609,1388
3608,656
1041,19
5154,65
5038,6
5469,108
984,187
2478,13
4435,48
4945,192
1897,46
6118,575
5364,321
1489,1
6114,575
6115,1394
6116,1609
5365,33
6110,96
6111,627
6112,147
6113,365
2358,3246
2359,57
2352,88
2353,1256
2350,360
2351,59
2356,1683
458,408
471,101
1048,193
2991,13
5447,4
4453,195
5491,6
4451,123
4450,51
1898,93
1899,235
4455,439
4454,161
3737,57
3736,3761
1896,60
3734,1056
1890,57
1891,53
1892,63
3730,433
4923,1182
4690,124
4921,497
4920,557
4695,950
4926,2480
4925,419
2131,442
953,74
4928,28
955,951
954,230
2138,321
956,1479
6028,2
3969,216
3203,133
6020,64
6021,54
3971,34
477,3
6025,24
6026,96
6027,44
2648,1479
2649,18
5163,657
5164,1626
5165,48
2784,1284
2640,168
5169,316
2642,115
2643,163
2645,42
2646,83
2647,5471
2786,878
2781,6
2749,4
4527,5
509,1
3429,100
3428,208
2783,315
3422,203
3421,21
4418,30
3427,1867
3425,220
3424,40
2003,15
2000,346
2001,193
2006,11
4588,262
4859,1077
2005,612
4857,1012
3033,2535
4855,85
4854,127
4853,412
4415,180
4851,192
4850,1473
1853,17
2118,219
4413,28
2137,7
1268,9
4411,209
3026,104
2100,2
2996,287
5262,1
5417,184
3556,8
3555,18
3554,12
3553,101
3552,365
3551,2
3550,650
2491,4
4304,32
2170,56
3558,16
1263,285
6067,373
919,34
1261,532
2177,10
2911,425
2912,1130
2913,1568
2914,2549
2915,842
719,628
2898,23
717,871
1267,1095
715,154
2175,32
1797,63
1796,147
1795,533
1794,553
4967,73
1265,1116
716,87
914,174
4079,77
5260,1
4965,75
5954,11
5308,871
1068,4
4964,125
5300,47
5301,38
5302,538
5303,43
1065,46
1064,440
5306,57
5307,397
4390,10
4526,55
1669,5
1668,19
1244,123
1662,340
1661,263
1660,3577
4329,1352
590,39
1085,506
592,9
595,1134
1082,190
596,6916
599,8099
598,2272
3966,15
4324,165
4326,26
3140,5615
3141,20
3142,68
3143,1459
3144,368
3145,39
3146,142
3147,66
2824,392
2825,4
2826,18
2820,54
2821,101
2822,10
2823,689
3386,1751
5415,23
3384,14
3385,1005
3382,489
5411,41
5412,23
5413,1255
2032,54
2603,30
5418,129
5795,13
3388,366
3389,3301
1409,106
1408,87
5410,3
1403,2612
1402,170
1401,1227
1400,1937
1407,18
1406,435
3963,4
1025,52
449,3436
448,354
1339,438
1338,284
3198,16
443,75
442,2
441,165
1336,566
1330,36
445,1105
444,71
5779,467
5778,4
3129,9
1902,23
1432,32
5771,75
696,364
5773,138
5772,93
5775,30
5774,275
5777,12
1543,181
3261,5
39,66
1492,20
1540,63
1057,27
3260,139
33,15
5576,20
31,12
5574,178
37,1640
5572,1279
5571,51
5570,27
641,114
3093,1089
643,1852
1534,3635
1533,259
1532,2250
1531,189
1246,1779
649,10
648,350
3098,65
1632,36
1027,1734
1539,183
1538,123
5799,254
1493,27
339,59
338,2515
4391,335
335,1681
334,528
337,892
336,1290
331,425
330,1002
333,1003
332,3688
4101,8384
4100,898
4103,12
3378,631
4105,103
4107,18344
4106,6078
3204,23
1026,1334
3967,170
1938,3
2127,46
1901,28
3898,4
3899,2632
1634,85
3892,191
3893,140
3890,211
5123,91
3894,898
3895,894
847,356
3465,4
844,48
1635,28
1464,36
843,49
1496,4
2119,69
3462,1232
5950,27
5952,97
5955,174
3461,1662
5957,21
5956,88
5959,2
5958,22
4946,26
3460,59
4071,408
4073,61
5797,7
5796,5
3964,292
3965,112
5793,1522
5792,23
3960,188
3961,809
1462,1
5081,11
3968,1562
5798,27
4305,209
3639,1018
3636,106
3637,91
3634,3182
3635,156
3632,25
3630,3875
3631,2517
1454,5
849,114
4610,198
5084,186
152,20
4613,727
2345,53
2344,7
2347,307
2346,1466
2341,91
2340,1057
6109,1902
2342,443
6107,132
6106,534
6105,3479
6103,56
6102,278
6101,835
6100,882
1822,9
1499,151
1350,22
2987,8
2067,10
3708,10
3709,22
4468,1098
4469,867
3702,77
1886,66
4464,1197
4465,465
4462,35
3707,598
4460,482
4461,1121
2121,51
2120,262
2123,472
2122,17
2125,55
2124,827
4918,263
949,163
4916,420
5905,3863
944,310
945,218
942,1031
943,900
4910,1744
941,1446
6039,294
6038,149
6032,25
6031,69
6030,22
6037,175
6036,312
1594,9
6034,57
5173,184
5172,537
5171,697
2658,144
5177,42
5176,125
5175,1534
2653,3
2652,1289
2651,86
5178,839
2657,108
2656,195
3039,16
133,50
132,4686
131,456
130,1323
137,70
3413,628
135,73
134,2902
4371,16
1606,1121
3418,93
5348,102
707,2
4868,2160
5927,128
2019,353
2018,126
2015,109
2014,6
2017,843
2016,146
2010,29
2013,39
4865,1057
1012,18
5922,16
5349,11
2483,3
5277,7
1937,35
4377,135
1591,58
2488,27
3562,6
3563,111
1453,400
3566,555
3567,1330
3564,1283
3565,2271
3568,204
3569,29
511,19
4484,34
4485,197
4480,28
4481,1
4482,697
4483,155
2881,9
1374,14
4489,1334
848,54
4243,102
2902,78
2901,5
2900,101
708,48
2906,2
2904,663
704,192
705,38
510,51
700,65
701,36
703,165
3037,68
88,58
145,144
5338,1
82,138
80,2550
81,2434
84,2527
85,91
5319,22
5313,459
5312,40
5310,2965
3217,50
5316,8
5315,5
5314,133
1659,411
2487,28
1652,145
1651,3
1656,9
1657,28
1654,90
1655,14
586,297
1986,728
584,55
585,159
4890,27
583,1
580,1
3215,1943
5273,8
1984,1322
588,14
3151,295
1633,1012
3157,12
3156,122
507,1
2837,4
2836,34
3159,42
2834,10
2832,1
988,39
2830,97
1436,2736
5406,122
5405,196
5404,228
3395,185
3394,146
3397,1515
1431,788
3398,966
1637,1869
4333,38
1438,2153
1439,81
1260,591
5230,712
4506,31
5231,704
2308,134
299,68
3031,469
1348,545
1349,334
4262,743
4263,353
4264,12
1889,11
4266,653
4267,86
450,10397
451,5638
452,8334
453,216
454,217
455,266
456,74
1347,2165
185,45
5236,135
4467,64
5237,50
3700,2318
766,5
2157,98
5548,524
5549,611
3263,67
5543,784
5540,66
5541,61
5546,45
5547,6
4463,38
1502,18
313,112
1500,44
1501,9
3089,157
3088,774
1504,277
651,447
3085,244
3084,44
3087,1996
3705,58
3081,70
3080,139
3083,232
3082,323
310,28
833,1
5890,77
5891,234
5892,230
5893,63
5894,134
5895,95
5896,122
5897,35
5898,53
5899,27
314,23
3439,108
1885,156
3884,219
3887,7
3886,49
3881,3
3880,270
3882,36
2481,23
4919,109
2129,1284
947,68
4935,681
4914,122
1884,1
4912,401
4661,1051
4662,79
4911,897
1883,15
4653,11
4008,76
4009,37
4002,1
4003,1
4005,371
4006,134
322,2036
3970,3731
320,865
3972,2508
326,390
327,21
3977,375
325,244
3979,13
3978,5
328,14
329,617
1904,5
3629,1355
3628,410
788,10
3623,31
3622,811
3625,387
3627,3
5253,518
279,2
4714,1970
2331,1277
4710,70
4711,44
4712,49
4713,1033
2338,1356
6133,60
6130,22
4285,11
4718,548
1597,27
6134,3
6135,81
3073,4
5765,6
1880,10
3074,100
4867,124
3075,65
3715,323
3714,43
4289,8
3711,85
946,95
2713,2
1592,4
3719,93
4479,2258
4478,5721
5170,64
2955,63
4471,1028
4470,1739
4473,176
4472,97
4475,81
4474,105
4476,117
4909,4
6007,22
6004,32
6005,7
4679,174
6001,3529
4901,301
4900,116
4903,104
2485,865
4673,423
4904,17
2480,260
4670,475
2248,8
2249,2310
2244,79
2245,17
2246,42
2247,18
2240,3
2241,161
2242,51
2243,526
2464,142
994,7943
997,2583
2467,303
2460,162
2461,246
2462,235
5149,276
5146,331
5147,27
5144,568
5145,2
5142,659
5143,7982
5140,1100
5141,728
120,794
3400,306
3403,36
123,96
3405,95
3404,444
3407,1012
127,80
3409,782
3408,200
2654,1
5341,7
3416,40
793,228
365,2
4871,88
1188,27
3417,290
5018,102
1022,1463
3414,994
363,59
3377,3215
2798,317
3415,2
5424,56
2792,127
2061,449
2790,36
2791,121
2796,304
3375,228
2795,319
1922,1091
1182,74
3411,94
3255,17
3372,26
3371,83
5422,23
139,1
5098,904
5099,1996
3579,216
3578,1948
5455,5
3575,17
5091,346
5092,128
5093,204
5094,68
5095,11
5096,123
5097,108
4496,2
4495,101
2665,298
2662,392
4492,182
2660,35
4490,465
722,606
4499,6
4498,20
2938,519
2939,365
2936,2320
2937,466
2934,5
2932,72
2930,267
2931,295
5326,293
5327,3
5325,44
5322,248
5320,1
5321,362
3799,3268
2903,140
231,3
5328,1921
5329,342
1645,72
1647,134
1646,177
1641,38
1640,197
1642,797
1649,2009
2598,12
728,2
4881,180
3794,168
792,174
729,57
3797,20
1732,7
1839,854
1270,57
1165,100
572,6
571,4
570,184
607,111
574,64
2808,663
2809,370
4956,129
3169,964
3166,7
601,15
2801,4
2806,444
600,38
5432,39
4981,910
5430,1394
5431,888
3368,352
3369,87
5434,2
2155,949
3364,94
1428,893
5438,12
3367,17
2404,501
3362,195
3363,3
731,8
730,69
733,6
732,3
735,4558
734,4
737,12
2150,217
3390,27
2151,311
4273,434
4272,3201
4271,772
4270,946
469,214
4987,172
4275,100
4274,47
465,222
1352,1267
1351,326
2401,280
1357,57
463,905
462,514
4660,117
5554,1435
5556,269
5550,1
5553,2180
5552,321
3393,438
5559,122
4860,1215
5694,283
936,28
1519,2
1518,61
1515,858
1514,6
1516,41
1511,175
1510,57
1513,6
1512,115
959,2
4225,182
281,94
5755,14
4886,9
5883,641
5882,86
1894,7
5880,242
5887,457
5886,381
5885,431
5640,743
2004,43
5889,172
5888,50
958,72
1798,14
280,267
5645,56
3184,20
3185,2
3186,37
3187,117
3180,1649
3181,234
3182,376
1024,27
3188,225
3189,1
3501,98
4018,38
2688,2
4013,7
4012,869
4011,413
4010,344
4017,46
4016,238
4014,719
357,84
356,5
355,700
353,1211
3989,810
3984,297
3985,55
3986,1313
3981,95
3982,48
3983,86
3612,382
43,116
6125,163
6124,274
6127,979
6126,643
6121,95
6122,209
3614,6
6128,3
4707,39
4706,1295
4705,798
4704,2645
4703,1933
4702,343
2325,114
2324,278
2329,81
1113,344
4709,835
4708,253
289,1180
288,105
1112,71
3619,2
1793,236
5,1820
283,128
282,125
285,92
284,74
287,211
1442,1033
3760,51
3761,226
3763,188
3764,49
1117,4
3766,881
3767,76
3768,49
3769,123
1116,96
263,68
262,90
261,4
3561,2
267,100
266,112
265,111
264,82
269,3465
268,387
2184,118
6011,143
6013,145
6015,228
6108,1
1215,53
6016,983
6019,793
2490,1151
2492,754
4646,102
2494,1
2497,794
4645,801
4424,29
2193,30
1294,926
2259,233
2258,286
2257,675
2256,546
2255,96
1295,197
2253,132
2252,18
2251,14
2250,369
5159,354
5158,9
2475,883
2474,86
2473,7
2472,1
2470,322
5151,244
5150,118
5153,905
5152,277
986,248
987,43
2479,1743
985,1197
252,292
1790,6
4090,40
111,374
110,1317
113,476
112,6116
119,268
118,165
2785,1272
4801,1701
4802,1119
4803,1610
4804,575
4805,1919
4806,2632
4807,16
4809,10
964,615
2788,74
2079,438
2078,3261
2073,1780
2072,26
2071,10
4108,18
2075,68
2074,878
952,228
2174,1114
4363,28
3508,56
3509,36
5089,143
5088,2
3500,33
5082,53
3502,118
3503,76
3504,137
3505,53
3506,38
3507,124
2675,6
2674,9
2677,165
2676,154
3435,5
2929,1801
2928,2244
2921,752
2920,641
2922,3
2924,288
2927,47
2926,202
5330,10
5333,1062
5332,919
3685,259
5337,33
5339,1
3223,158
4906,55
1630,166
1987,87
3216,143
1985,599
3210,3939
1983,524
1636,1373
3213,801
483,71
604,18
1988,43
1989,118
659,50
3222,38
3862,6
2817,215
2816,926
2811,100
2810,56
2812,248
561,4
562,45
2368,4201
2819,80
2818,1674
567,219
3179,19
3178,981
5255,19
3171,83
3170,15
3173,920
3172,19
5131,1349
3177,135
5086,18
4894,30
1483,34
2364,3
5429,1068
5428,33
3379,125
1189,1148
1186,410
1187,2115
1184,48
3374,141
3373,198
1183,232
1180,803
1181,30
726,113
727,131
724,19
725,294
1748,575
723,2211
720,54
721,616
1744,89
1745,110
1746,21
1747,827
1741,251
1742,92
1743,616
1164,16
2587,694
1166,89
4393,493
1160,201
1162,512
4249,293
4246,19
4247,1214
4244,303
4245,659
4242,12
1169,10510
4240,172
4241,20
5520,186
5521,875
5522,20
5523,302
5524,131
5525,81
5526,264
5527,739
5528,85
5529,28
5496,14
3197,144
3305,93
48,666
49,2884
46,1202
47,1413
5156,1
1364,184
40,26
41,17
1568,2488
1569,21
1298,4
3194,1033
3300,29
1561,471
5493,74
1296,1
1566,223
1567,411
5252,181
474,197
2026,18
796,1878
100,6
591,97
3190,9
795,1282
2425,5
4739,3
1710,205
5027,899
5256,334
2599,24
5257,139
4398,50
1861,433
1866,11
5639,1077
1860,17
5634,178
5635,138
4392,65
5637,534
5630,262
4442,9
5632,119
5633,72
1366,120
1367,267
470,202
1365,196
1362,542
3192,74
1360,256
2787,126
1865,15
478,77
479,887
1719,14
1368,4
1369,147
