511;512;517;518;520;521;522;527;529;530;967;1036;1068;1069;1070;1071;1073;1074;1075;1082;1083;1091;1093;1094;1095;1099;1100;1101;1102;1134;1137;1689;1690;1691;2486;2569;2570;2695;2797;2917;2970;3319;3338;3572;4168;4169;4170;4174;4175;4176;4177;4178;4184;4185;4186;4501;4503;4505;4506;4512;4513;4514;4515;4519;4520;4521;4522;4523;4524;4542;4545;4887;4888;4889;4985;5439;5544;5579;5793;5938;6089;6090
454;456;457;477;478;479;480;481;482;483;484;485;486;487;492;493;495;513;523;524;525;526;528;531;532;533;534;535;536;537;538;539;540;566;567;568;1092;1232;1868;1870;1960;2222;2223;2225;2269;2490;2491;2492;2493;2581;2582;2583;2584;2660;2661;2683;2684;2685;2692;2693;2694;2798;2799;2800;2801;3001;3019;3071;3106;3309;3446;3448;3531;3532;3533;3534;3574;3575;3576;3585;3597;3685;3686;3687;3688;3690;3691;3692;3754;3832;3833;3841;3842;4118;4119;4120;4121;4122;4137;4138;4139;4140;4141;4142;4143;4144;4145;4146;4147;4149;4150;4152;4179;4180;4181;4182;4183;4187;4188;4189;4190;4191;4192;4193;4194;4195;4196;4207;4208;4209;4992;4993;4994;5197;5228;5332;5333;5374;5375;5416;5417;5430;5431;5432;5436;5437;5438;5477;5478;5595;5790;5864;5919;5939;5940;5941;5947;5948;5998;6081
235;236;324;1285;1286;1287;1294;1295;1299;1776;1777;1778;1961;1963;1964;1965;1966;2027;2145;2160;2161;2435;2437;2595;2785;2786;3076;3090;3179;3447;3497;3577;3581;3582;3583;3593;3594;3595;3596;3663;3664;3700;4010;4011;4638;4645;4646;4647;4650;4651;5049;5050;5052;5053;5054;5176;5180;5313;5467;5592;5890;5944;5945;5946;5951;5952;5987;5988;5999;6019
55;56;57;58;59;60;65;66;67;69;70;71;72;99;100;101;102;103;328;329;330;429;430;458;1813;1814;1815;1816;1968;2190;2191;2978;3083;3084;3086;3107;3591;3592;3698;3699;3701;3798;3923;3937;3938;3941;3942;4060;4953;4954
209;210;211;514;515;516;680;1188;1302;1543;1623;1772;1773;1774;1775;1974;2184;2188;2189;2388;2389;2390;2408;2409;2410;2412;2415;2416;2520;2521;2559;2560;2576;2592;2593;2608;2609;2610;2658;2659;2819;3039;3305;3370;3372;3373;3374;3378;3379;3382;3397;3398;4002;4171;4172;4173;4275;4577;4578;4586;5183;5303;5304;5307;5377;5387;5388;5415;5486;5607;5818;5820;5821;5822;5823;5824;5827;5834;5835
295;307;308;309;310;311;380;381;382;383;591;592;593;594;698;699;1103;1141;1157;1166;1167;1168;1224;1225;1301;1303;1662;1664;1673;2395;2411;2413;2428;2532;2533;2534;2535;2577;3292;3615;3616;3621;3657;3679;3680;3681;4033;4034;4035;4043;4044;4045;4046;4047;4048;4049;4224;4225;4564;4565;4573;4574;4575;4600;4601;4873;4874;4875;4878;4879;5305;5306;5351;5352;5372;5778;5967;5973;5985;5994;5995;5996
82;143;144;273;313;314;722;836;867;868;869;870;871;872;873;874;876;877;878;879;880;881;882;886;887;888;949;1030;1031;1032;1033;1034;1035;1062;1063;1064;1065;1105;1106;1107;1121;1158;1159;1163;1164;1356;1362;2384;2385;2386;2387;2391;2392;2393;2394;2397;2398;2400;2401;2419;2420;2566;3291;3316;3317;3318;3420;3617;3619;3620;3622;3944;4029;4050;4346;4353;4354;4355;4356;4357;4358;4359;4363;4364;4365;4366;4367;4368;4372;4373;4374;4408;4471;4472;4473;4474;4475;4476;4495;4496;4497;4498;4526;4527;4528;4566;4571;4572;4684;4688;4689;5288;5289;5290;5291;5292;5293;5294;5296;5297;5298;5299;5310;5368;5792;5849;5969;5970;5971;5972;5974
875;1054;1055;1110;1111;1112;1116;1117;1363;2911;2912;2915;3618;3741;3743;3861;3902;3903;3905;4360;4361;4362;4488;4489;4529;4530;4531;4533;4534;6014;6015;6105;6130;6131;6133
5;671;672;673;674;675;746;841;842;995;1361;1370;1692;1934;2530;2894;2913;2914;3658;3867;4271;4272;4273;4687;4696;5542
283;290;731;732;734;735;736;737;738;1194;1309;1310;1311;1322;1394;1612;1613;1614;1615;1618;1785;1786;1859;1860;1861;2224;2227;2353;2354;2355;2356;2357;2358;2361;2362;2484;2485;2588;2728;2729;2730;2975;3000;3005;3006;3007;3056;3069;3070;3092;3422;3444;3460;3461;3488;3489;3633;3665;3831;3834;3835;3836;3837;3838;3839;3840;3894;3895;4031;4938;4984;4986;5198;5280;5281;5282;5328;5589;5594;5850;5870;5871;5872;5887;5977;6082;6083;6084;6085;6086;6087;6088;6125;6126
185;186;187;289;325;326;327;453;455;733;1000;1229;1230;1231;1279;1282;1760;1761;1762;1802;1803;1804;1806;1853;1854;1855;1866;1867;1869;1957;1958;2166;2167;2168;2169;2170;2171;2177;2178;2179;2185;2186;2187;2197;2232;2233;2315;2316;2370;2590;2591;2650;2651;2688;2764;2765;2883;2884;2891;2893;2957;2976;2999;3010;3011;3012;3020;3047;3072;3479;3584;3708;3710;3749;3753;3994;4059;4945;4980;4991;5047;5177;5178;5179;5186;5249;5250;5376;5411;5412;5533;5534;5573;5590;5625;5626;5882;6018
182;183;331;332;333;641;1280;1281;1283;1284;1293;1300;1465;1466;1467;1468;1469;1470;1471;1472;1473;1503;1515;1516;1517;1560;1736;1805;2025;2026;2028;2082;2083;2162;2163;2164;2165;2175;2176;2407;2436;2547;2548;2549;2686;2768;2769;2770;2787;2880;2881;2882;2892;2968;2969;3002;3003;3013;3014;3015;3016;3017;3018;3042;3043;3048;3049;3077;3078;3089;3091;3098;3178;3194;3480;3481;3482;3486;3498;3499;3578;3579;3666;3707;3993;4061;4255;4256;4257;4635;4636;4637;4758;4759;4760;4761;4762;4915;5359;5360;5433;5459;5591;5593;5610;5629;5630;5636;5637;5891;5942;5943
73;74;75;184;640;1550;1551;1552;1553;1554;1555;1556;1557;1558;1559;1561;1562;1563;1564;1565;1566;1567;1619;1642;1643;1644;1653;1654;1655;1742;1743;1744;1748;1749;2081;2084;2085;2147;2299;2301;2406;2538;2594;2967;3036;3037;3045;3085;3367;3368;3400;3401;3409;3566;3567;3568;3588;3589;3590;3704;3796;3855;3943;4866;5244;5378;6061
202;203;204;205;466;471;472;473;488;489;490;491;494;496;497;498;499;500;501;502;503;504;505;506;508;509;510;848;852;1043;1172;1173;1323;1324;1326;1327;1482;1490;1491;1492;1507;1620;1621;1792;1793;2146;2300;2523;3790;3791;3792;3793;4000;4001;4132;4133;4134;4148;4151;4153;4154;4155;4156;4157;4158;4159;4160;4161;4162;4163;4164;4165;4166;4167;4349;4477;4478;4479;4663;4664;4766;4767;4771;4772;4773;4814;4848;5243;5344;5937;6049;6051;6052;6053;6054
9;68;136;173;193;195;196;197;198;222;223;296;297;306;312;467;507;697;1041;1042;1131;1132;1133;1142;1143;1144;1145;1146;1148;1149;1151;1152;1153;1154;1155;1156;1161;1165;1437;1438;1622;1624;1625;1648;1649;1650;1651;1652;1663;1670;1671;1672;1676;2331;2332;3638;3639;3711;3788;3989;3995;3996;4005;4006;4042;4128;4540;4541;4550;4551;4552;4553;4555;4556;4558;4559;4560;4561;4562;4563;4567;4568;4739;4740;4849;4850;4851;4868;4869;4870;4871;4876;4877;4882;5261;5262;5968;6004
145;960;1160;1162;1357;1434;1764;1765;1988;3978;4417;4537;4569;4570;4929;4931
1213;1340;1435;1939;1941;2895;2922;3742;4302;4735;4736;4737;4738;5038;5549
745;994;1027;1028;1029;1212;1248;1249;1250;1251;1350;1351;1352;1825;1826;1827;1933;1940;2531;3223;3706;4468;4469;4470;4548;4610;4611;4612;4682;4960;5036;5349;5350
18;246;259;260;261;262;263;264;265;266;267;268;275;276;277;278;280;281;282;284;285;286;287;288;291;585;586;587;912;915;916;1016;1017;1184;1185;1193;1349;1464;1583;1629;1703;1704;1705;1787;2033;2034;2035;2040;2042;2051;2080;2108;2109;2110;2111;2112;2113;2114;2115;2116;2117;2118;2119;2120;2121;2122;2123;2124;2180;2181;2215;2216;2218;2602;2603;2604;2621;2622;2623;2624;2625;2918;2919;2920;2921;2944;2945;2946;2947;2948;2972;2973;2974;2996;2997;2998;3004;3053;3054;3055;3180;3181;3310;3311;3312;3313;3315;3389;3390;3407;3408;3427;3428;3436;3437;3442;3443;3462;3469;3470;3490;3495;3496;3538;3550;3809;3822;3823;3825;3826;3827;3828;3866;4020;4021;4022;4023;4024;4025;4030;4220;4382;4584;4585;4834;4894;5099;5101;5117;5138;5154;5155;5156;5157;5158;5159;5545;5546;5547;5548;5561;5562;5563;5564;5565;5699;5791;5839;5840;5860;5862;5863;5923;6078
151;153;212;213;214;219;279;315;316;317;913;914;932;933;934;999;1001;1002;1003;1004;1005;1147;1150;1264;1265;1266;1267;1268;1396;1397;1398;1399;1458;1459;1460;1462;1463;1497;1628;1696;1698;1699;1848;1849;1851;1852;1858;2172;2173;2174;2489;2500;2519;2596;2597;2598;2599;2600;2601;2721;2725;2726;2727;2868;2869;2870;2871;2873;3095;3097;3177;3183;3424;3426;3438;3580;4003;4004;4051;4394;4448;4449;4554;4557;4624;4625;4626;4713;4714;4715;4757;4853;4854;4891;4892;4893;4975;4976;4977;4978;4979;4981;4982;4983;5331;5335;5343;5379;5380;5381;5382;5383;5384;5385;5386;5521;5522;5523;5524;5525;5526;5852;5861
12;17;152;346;348;608;609;610;611;631;643;754;756;758;759;760;767;768;769;897;898;899;900;1006;1343;1344;1345;1461;1737;2571;2572;2573;2627;2628;2629;2885;2886;2887;2888;2889;2890;2971;2989;2994;2995;3033;3034;3035;3044;3093;3094;3096;3184;3189;3190;3195;3196;3221;3222;3234;3236;3329;3330;3439;3483;3484;3485;3494;3607;3608;3751;3856;3915;4231;4232;4314;4315;4316;4317;4318;4319;4320;4321;4322;4678;4832;4833;4913;4914;5370;5398;5399;5588;5608;5704;5719;5729;5730;5883;5884;5885;5962;6002;6102
19;249;252;254;345;347;442;443;444;445;845;1585;1630;1631;1632;1633;1634;1636;1641;1656;1738;1739;1741;1753;1754;1757;1758;1759;1931;2106;2902;2955;2988;3046;3387;3393;3394;3395;3396;3405;3406;3634;3635;3636;3637;3702;3794;3795;3802;3863;3864;3901;4064;4065;4836;4855;4856;4857;4858;4859;4860;4865;4916;4917;4922;4923;4926;4927;4928;5539;5609;5832;5833;6055;6106;6107
161;163;396;406;646;647;843;844;846;847;849;850;851;859;860;861;862;1180;1181;1182;1183;1481;1635;1645;1646;1647;1722;1723;1729;1730;1824;2226;2313;2314;2704;2705;3386;3388;3984;4351;4352;4582;4583;4867;4907;4908;4959;5152;5170;5171;5830
112;162;391;392;393;394;397;399;400;401;402;403;404;405;407;408;409;410;448;449;664;1358;1745;1747;1750;1755;1756;2055;2056;2057;2058;2733;2897;2903;2904;2908;2934;2935;3294;3295;3337;3612;3640;3689;3744;3745;3747;4097;4098;4099;4100;4101;4103;4104;4105;4106;4107;4114;4269;4685;4686;4919;4924;4925;5540;5780;5800
13;22;830;831;832;958;959;961;1260;1306;1307;1308;1359;1364;1365;1372;1373;1385;1386;1433;1746;1751;1752;1763;1947;1948;1949;1950;1987;1989;2513;2550;2551;2959;3113;3114;3116;3117;3118;3245;3415;3613;3882;3890;3891;3892;3893;4343;4416;4619;4653;4708;4709;4918;4920;4921;4930;5041;5068;5342;5361;5362;5575;5648;5649;5651;5652;5653;5846;5847;5848;6119;6121;6122;6123;6124
20;438;1339;1342;1346;1348;1366;1367;1368;1369;1374;1436;2399;2896;3246;3247;3257;3258;3416;3709;3715;3725;3732;3918;4674;4675;4676;4677;4679;4690;4691;4692;4693;4694;4695;4697;4698;4699;4710;5535;5536;5738;5739;5740;5749;6003;6005;6011
0;53;54;169;181;239;272;351;352;353;459;460;461;683;684;685;689;892;893;894;1022;1023;1290;1292;1347;1371;2075;2076;2482;3101;3102;3224;3322;3659;4067;4068;4069;4123;4124;4125;4276;4277;4278;4376;4463;4464;4642;4644;4681;5134;5986
244;245;1047;1048;1049;1072;1177;1178;1179;1191;1192;1495;1498;1500;1700;1701;1702;1935;1936;1937;1979;1981;1982;1999;2000;2014;2015;2018;2019;2020;2021;2022;2023;2032;2037;2038;2039;2041;2043;2044;2045;2046;2078;2079;2205;2206;2207;2208;2217;2494;2496;2497;2620;2632;2636;2657;2744;2745;2746;2747;3217;3218;3288;3314;3320;3328;3332;3333;3334;3336;3466;3467;3468;4012;4481;4482;4483;4502;4580;4581;4588;4589;4590;4944;5062;5063;5064;5078;5088;5089;5092;5093;5094;5095;5096;5098;5100;5103;5104;5105;5106;5107;5108;5109;5110;5111;5112;5135;5136;5137;5334;5452;5873
4;15;339;340;341;612;613;614;615;622;628;630;1493;1494;1496;1499;1501;1502;1504;1796;1797;1798;1837;1838;1839;1841;1850;1856;1857;1862;1863;1864;1865;1874;1875;1876;1877;1878;1879;1880;1884;1885;1886;1887;2254;2257;2258;2259;2260;2261;2262;2263;2359;2360;2373;2396;2615;2616;2617;2618;2619;2626;2631;2635;2820;2821;2822;2824;2872;2875;3052;3079;3120;3121;3122;3211;3219;4063;4233;4234;4774;4775;4776;4777;4778;4779;4780;4781;4782;4783;4784;4966;4967;4968;4969;4970;4971;4987;4988;4989;4990;4998;4999;5000;5001;5002;5003;5004;5005;5006;5219;5220;5221;5222;5284;5295;5392;5393;5394;5395;5396;5397;5400;5487;5488;5489;5491;5528;5613;5631;5655;5656;5657;5698;5717
87;88;90;199;200;247;248;293;365;366;367;616;617;618;619;621;623;632;633;634;635;755;757;1581;1582;1840;1842;1843;1844;1845;1846;1847;1888;1889;1890;2010;2011;2012;2013;2326;2329;2529;2589;2630;2633;2634;2748;2749;2750;2751;2753;2754;2755;2760;2761;2762;2763;2817;2818;3059;3169;3850;3910;3946;3947;3997;3998;3999;4032;4081;4082;4083;4235;4236;4237;4238;4239;4240;4241;4242;4243;4249;4250;4251;4252;4972;4973;4974;5007;5008;5086;5087;5258;5259;5348;5401;5402;5403;5453;5454;5484;5485;6097
89;91;294;434;435;437;855;858;923;924;925;1170;1930;2125;2126;2127;2131;2132;2133;2134;2297;2298;2327;2328;2333;2334;2336;2339;2340;2371;2372;2541;2542;2543;2691;2741;2756;2757;2953;2954;2956;3723;3724;3726;3727;4013;4014;4015;4386;4387;5033;5034;5160;5161;5162;5166;5167;5260;5263;5264;5266;5357;5358;5434;5435;5455;5456;5569;5570;5571;5572;5838;6006;6007;6008
7;208;436;450;636;637;638;639;644;645;657;659;660;662;663;839;840;856;857;1019;2307;2586;2587;2690;3549;3552;4253;4254;4258;4259;4260;4261;4350;4459;4460;5143;5248;5268;5269;5270;5930;5931;5983
110;111;194;206;207;395;451;452;666;667;670;1038;1039;1040;1189;1200;1201;1202;1605;1606;1608;1731;1732;1955;2308;2874;2876;2905;2906;2907;2909;3563;3623;3624;3625;3746;3952;3953;3954;3955;4115;4116;4117;4634;4844;4845;5045;5046;5527;5529;5541;5975
113;668;669;676;719;720;721;739;740;753;954;955;1060;1061;1256;1257;1258;1259;1261;1276;1277;1278;1297;1298;1312;1313;1320;1321;1807;1956;2877;2878;2961;3417;4274;4311;4413;4494;4617;4618;4620;4621;4649;4654;4662;4946;5267;5531;5532
141;174;175;176;177;178;179;180;354;355;356;357;358;359;360;361;362;363;364;368;369;370;371;372;373;374;375;376;377;378;379;384;385;386;439;440;441;665;678;679;681;682;751;761;762;763;764;765;766;771;772;773;774;775;776;777;778;834;853;854;1253;1341;1353;1354;1355;1383;1384;1387;1390;1740;1951;2024;2277;2337;2863;2962;2963;2964;2977;2992;3191;3192;3197;3256;3323;3656;3661;3904;3990;3991;3992;4070;4071;4072;4073;4074;4075;4076;4077;4078;4079;4080;4084;4085;4086;4087;4088;4089;4090;4091;4092;4093;4094;4112;4113;4270;4324;4325;4344;4661;4683;5576;5703;5747;5748;5984;6132
1;76;77;78;86;137;138;139;146;149;150;154;155;156;164;165;166;167;168;170;171;172;271;274;463;464;465;713;752;785;786;788;800;802;803;814;815;816;818;820;822;825;1037;1108;1109;1254;1255;1288;1291;1546;1547;1548;1549;1665;1666;1938;2451;2452;2483;2611;2942;2943;3452;3569;3644;3803;3819;3985;3986;3987;3988;4028;4126;4127;4282;4616;4643;4817;4818;4819;4820;5037;5580
250;251;700;702;703;707;708;710;826;883;884;885;895;896;1330;1331;1455;1611;1795;1799;1800;1801;1898;1952;1953;1954;1959;1962;1967;1970;1971;1972;1973;1977;1978;1983;1984;1985;2004;2005;2006;2007;2077;2240;2242;2243;2244;2245;2248;2249;2363;2364;2365;2656;2706;2707;2712;2713;3030;3031;3200;3201;3202;3203;3205;3207;3344;3345;3392;3487;3646;3789;3899;4016;4017;4288;4289;4293;4294;4369;4370;4371;4377;4378;4379;4665;4666;4846;4942;4943;5042;5043;5044;5048;5051;5055;5057;5058;5061;5065;5066;5082;5083;5209;5211;5212;5213;5214;5283;5413;5414;5443;5444;5604;5706;5707;5708;5709;5710;5711;5806;5831;5886;5981;6050;6120
338;604;605;606;607;629;701;709;715;716;717;718;1098;1429;1430;1431;1432;1590;1591;1592;1593;1594;1598;1600;1601;1733;1734;1735;1781;1782;1783;1784;1788;1789;1790;1791;1794;1832;1833;1834;1835;1836;1891;1893;1895;1896;1897;1944;1945;1980;1993;1994;1995;2246;2247;2250;2251;2252;2253;2273;2274;2275;2276;2539;2562;2563;2564;2565;3115;3185;3186;3204;3208;3209;3210;3380;3381;3384;3385;3449;3450;3453;4062;4229;4230;4300;4301;4733;4734;4840;4841;4910;4911;4912;4936;4937;4939;4940;4941;4963;4964;4965;5011;5072;5073;5074;5215;5216;5231;5232;5233;5366;5367;5650;5701;5702;5712;5825;5826;5828;5829
27;28;29;201;292;318;320;322;603;620;624;625;626;627;1584;1586;1808;1809;1810;1811;1812;1892;1894;1927;1928;1929;2278;2330;2540;2567;2732;2734;2735;2736;2740;2899;2900;2901;3040;3041;3457;3458;3459;3565;3682;3703;3713;3920;4052;4053;4054;4055;4244;4245;4246;4247;4248;4835;4837;4947;4948;4949;4950;4951;5009;5010;5030;5031;5355;5356;5369;5451;5538;5869
253;319;321;323;1050;1056;1058;1169;1171;1401;1402;2091;2092;2093;2544;2545;2546;2612;2613;2696;2758;2949;3542;3694;3695;3851;3852;3854;4056;4057;4058;4490;4491;4492;4493;4576;4716;5142;5389;5440;5566;5926;5927;6000;6098;6100;6101
107;108;109;124;125;133;134;135;431;432;433;813;931;1018;1024;1025;1026;1051;1052;1053;1057;1059;1190;1240;1244;1245;1823;2095;2135;2136;2137;2341;2368;2443;2444;2445;2446;2647;2925;3547;3548;3551;3654;3662;3748;3949;3950;3951;3964;3965;3966;3967;3971;3972;3973;3974;4111;4465;4466;4467;4484;4485;4486;4487;4587;4606;4608;4958;5168;5169;5390;5799;5928;5929;6016
117;132;157;158;159;398;811;812;863;864;1577;1607;1821;1822;1828;2234;2448;2449;2458;2459;2646;2648;2926;2927;3335;3411;3564;3980;3981;3982;4102;4955;4956;4957;5842
114;115;116;118;121;130;140;142;588;589;590;1414;1415;1419;1420;1820;2335;2381;2382;2383;2837;2838;2879;3108;3111;3414;3423;3956;3957;3958;3959;3960;3961;3962;3963;3975;3976;3977;4221;4222;4223;4722;4723;4732;4961;5203;5204;5256;5265;5285;5286;5287;5496;5497;5530;5643;5644;5646;5845;5851
120;131;1443;1474;1475;1476;1512;1513;1518;1522;1544;1545;2772;2776;2780;2839;2840;2842;2843;2845;2846;2847;2848;2849;2850;2851;2854;2855;2856;2857;2858;2859;2860;2861;2862;2990;2991;2993;3064;3067;3193;3198;3199;3212;3510;3529;3739;3969;3970;4615;4763;4789;4790;4791;4793;4794;4815;4816;5460;5462;5463;5498;5499;5500;5501;5502;5503;5504;5505;5506;5507;5508;5509;5510;5511;5512;5513;5514;5515;5516;5584;5585;5586;5587;5622;5705;5713;5901;5902;5903;6013
220;221;462;750;801;804;805;809;810;817;819;821;829;833;866;1012;1014;1015;1289;1296;1360;1388;1389;1442;1444;1511;2070;2071;3126;3511;3512;4455;4457;4458;4639;4640;4641;4648;4711;4744;4745;4746;4792
188;189;190;191;192;389;390;677;1241;1242;1243;1416;1609;1610;1616;1617;1678;1679;1871;1872;1873;1901;1902;1903;1904;1905;1906;1907;1908;1909;1910;1911;2150;2374;2375;2377;2378;2379;2697;2698;2699;2700;2701;2702;2703;2717;2718;3123;3124;3127;3128;3129;3130;3131;3132;3134;3136;3137;3138;3144;3187;3188;3213;3227;3445;3464;3465;3491;3492;3493;3525;3647;4095;4096;4607;4847;4883;4884;4995;4996;4997;5013;5014;5015;5016;5017;5018;5019;5020;5021;5441;5442;5660;5661;5662;5663;5664;5714;5724;5725;5888;5889;6091
642;741;743;744;824;835;837;838;889;890;891;901;902;903;1096;1097;1138;1139;1140;1595;1596;1597;1599;1677;1680;1681;2148;2149;2151;2192;2193;2194;2195;2196;2284;2285;2286;2287;2376;2380;2461;2552;2605;2606;2607;2766;2767;2773;2981;2982;2983;2984;2985;2986;3214;3215;3216;3279;3280;3463;3501;3502;3503;3504;3505;3506;3605;3843;3844;3845;3846;3847;3848;3849;3884;4312;4313;4340;4345;4347;4348;4375;4516;4517;4518;4546;4547;4549;4838;4839;4885;5032;5172;5173;5184;5185;5363;5458;5583;5715;5716;5892;5893;5894;5895;5896;5897;5936;5960;6092;6093;6094;6095;6096
92;93;94;95;96;97;98;234;240;241;242;243;1186;1247;1406;1483;1484;1485;1486;1831;2212;2213;2214;2279;2280;2473;2475;2476;2477;2479;2480;2481;2568;2578;2580;2642;2644;2670;2708;2709;2711;2731;2774;2979;2980;3125;3248;3546;4609;4768;4769;4770;5234;5235;5325;5326;5327;5447;5461;5581;5582;5658;5741
39;40;41;42;61;227;228;229;230;231;232;233;237;238;546;547;548;549;806;807;808;930;1187;1246;1400;1407;1408;1602;1603;1604;1724;1725;1726;1728;2198;2199;2200;2201;2203;2204;2614;2710;2742;2743;3182;3241;3541;3543;3544;3545;3553;3554;3555;3556;3557;3561;3562;3602;3677;3678;3693;3735;3797;3799;3804;3805;3853;3928;4336;4337;4338;4390;4391;4392;4842;4843;4909;5187;5188;5189;5190;5191;5192;5193;5373;5391;5700;5932;5957;5993;6056;6057;6062;6063;6099;6111
11;24;25;26;37;123;126;335;343;344;550;551;600;601;602;926;927;928;929;936;1325;1395;1578;1661;1922;1923;2029;2030;2031;2367;2369;2426;2427;2438;2439;2456;2457;2782;2783;2829;2830;3364;3365;3391;3425;3530;3627;3628;3629;3632;3660;3667;3800;3801;3824;3868;3914;4388;4389;4393;4712;4825;4826;4827;5026;5027;5465;5494;5495;5734;6058;6059;6060;6077
865;1411;1413;1573;1574;1575;1576;1579;1580;2264;2266;2267;2323;2324;2561;3022;3023;3024;3025;3026;3027;3028;3029;3032;3371;3869;3870;3871;3876;4720;4721;4828;4829;4830;4831;5223;5224;5225;5257;5596;5597;5598;5599;5600;5601;5602;5603;5605;5819;6108;6109;6110;6112;6114;6115
14;16;119;414;415;417;596;597;747;748;749;1210;1211;1412;1417;1418;1421;1422;1424;1426;1427;1912;1913;1916;1917;2209;2210;2211;2219;2220;2235;2270;2271;2272;2317;2318;2319;2320;2321;2322;2325;2348;2349;2350;2404;2405;2441;2514;2527;2771;2823;2827;2828;3021;3109;3112;3231;3232;3321;3331;3366;3410;3712;3877;3916;3917;4226;4227;4228;4724;4725;4726;4727;4728;4729;4730;4731;5097;5194;5195;5229;5230;5251;5252;5253;5254;5255;5271;5276;5277;5302;5314;5315;5316;5347;5490;5492;5493;5647;5726;5727;5798;5817;5841
3;416;426;428;1087;1088;1089;1090;1104;1409;1410;1423;1425;1428;1439;1440;1441;1445;1447;1448;1450;1451;1452;1453;1454;1514;1519;1520;1521;2342;2343;2346;2347;2414;2737;2738;2739;2781;2784;2788;2791;2792;2793;2794;2795;2802;2803;2841;2844;3050;3051;3057;3058;3060;3061;3062;3063;3065;3066;3068;3073;3074;3075;3429;3430;3431;3432;3433;3434;3528;3697;3909;4110;4508;4509;4510;4511;4525;4680;4741;4742;4743;4747;4748;4749;4750;4751;4752;4753;4754;4755;4795;4796;4797;5272;5275;5308;5448;5449;5450;5464;5471;5472;5473;5474;5475;5476;5479;5480;5611;5612;5614;5615;5616;5617;5618;5619;5620;5621;5623;5624;5627;5628;5853;5854;5855;5856;5857;5858;5918;6001
43;411;412;413;418;419;446;1446;2344;2501;2664;2687;2689;2752;2796;2950;2951;3705;3820;3885;3889;4108;5273;5274;5567;5568;5659
387;388;468;469;470;474;476;1304;1305;1992;1998;2001;2002;2003;2008;2009;2016;2017;2068;2069;2509;2510;2511;2512;2645;3038;3110;3119;3133;3135;3141;3142;3143;3145;3146;3147;3148;3149;3150;3151;3152;3153;3154;3155;3156;3157;3158;3159;3160;3161;3162;3163;3164;3165;3166;3167;3168;3170;3171;3172;3173;3174;3175;3176;3220;3225;3226;3228;3229;3230;3237;3238;3239;3242;3250;3251;3252;3253;3254;3255;3259;3260;3261;3262;3263;3264;3265;3266;3267;3268;3269;3270;3271;4129;4130;4131;4135;4136;4652;5079;5080;5081;5084;5085;5129;5130;5340;5341;5606;5645;5654;5666;5667;5668;5669;5670;5671;5672;5673;5674;5675;5676;5677;5678;5679;5680;5681;5682;5683;5684;5685;5686;5687;5688;5689;5690;5691;5692;5693;5694;5695;5696;5697;5718;5720;5721;5722;5723;5731;5732;5742;5743;5744;5745;5746;5750;5751;5752;5753;5754;5755;5756;5757;5758;5759;5760;5761
8;686;742;905;940;941;942;948;950;951;1066;1067;1508;1568;1569;1571;1766;1768;1942;1946;1969;1975;1976;1986;1990;1991;1996;1997;2065;2066;2067;2153;2294;2295;2296;2432;2460;2467;2469;2487;2488;2524;2553;2554;2555;2556;2825;2898;3099;3243;3272;3273;3274;3275;3276;3277;3278;3281;3282;3500;3648;3650;3672;3912;4380;4381;4399;4400;4401;4407;4409;4410;4499;4500;4821;4822;4823;4824;4932;4933;5039;5040;5056;5059;5060;5067;5069;5070;5071;5075;5076;5077;5090;5091;5127;5128;5241;5242;5329;5330;5364;5365;5736;5737;5762;5763;5764;5765;5766;5767;5768;5769;5770;5982;6017
23;62;63;64;789;790;791;792;1077;1078;1079;1080;1081;1084;1085;1086;1380;1381;1403;1404;1405;1477;1478;1479;1480;1509;1510;1570;1693;1694;1695;1727;1767;1829;1830;1925;2421;2463;2464;2465;2466;2470;2471;2472;2474;2579;2637;2638;2639;2640;2641;2643;2775;2936;2940;2941;3402;3649;3651;3655;3669;3670;3671;3886;3887;3939;3940;4504;4507;4703;4704;4705;4706;4717;4718;4719;4764;4765;4786;4787;4788;4890;4934;4962;5319;5320;5322;5323;5324;5404;5405;5406;5407;5408;5409;5410;5537;5557;5558;5559;5990
36;336;337;996;998;2202;2303;2351;2352;2422;2937;3342;3343;3346;3347;3348;3349;3350;3376;3377;3403;3421;3440;3441;3471;3472;3473;3573;3626;3652;3653;3668;3675;3730;3731;3776;3783;3872;4445;4446;4447;5278;5279;5804;5805;5807;5808;5809;5837;5874;5875;5876;5989;6010
81;334;342;653;654;655;793;794;795;796;797;798;799;935;937;939;943;944;945;946;947;953;957;997;1391;1392;1393;1505;1506;1572;1657;1660;2304;2305;2804;3539;3540;3630;3631;3676;3736;3860;3865;4331;4332;4333;4334;4335;4395;4402;4403;4404;4405;4406;4411;4412;4414;4415;4785;4872;5245;5247;5481;5924;5925;5976;5991;5992
79;80;992;1010;1011;1013;1217;1218;1219;1487;1488;1489;1658;1659;1685;1686;1687;1688;1881;1882;1883;2059;2063;2064;2073;2074;2089;2090;2239;2241;2255;2256;2265;2268;2338;2442;3008;3080;3081;3082;3570;3571;3609;3610;3611;3614;3714;3716;3717;3718;3720;3721;3722;3740;3761;3762;3859;3873;4453;4454;4456;4613;4886;5113;5124;5125;5126;5131;5132;5133;5208;5217;5218;5226;5227;5632;5633;5634;5963;5964;5965;5966
83;84;85;595;598;599;1682;1683;1684;2047;2048;2049;2050;2062;2072;2159;2440;2525;2536;2537;2939;2987;3009;3087;3088;3513;3535;3537;3945;5102;5114;5115;5210;5345;5353;5354;5635;5904;5920;5921;5922
423;424;425;427;1114;1115;1122;1449;1526;1527;1528;1529;1530;1531;1532;1533;1534;1535;1536;1537;1538;1539;1541;1542;1720;1721;2345;2779;2789;2790;2910;2916;3351;3641;3755;3756;3757;3758;3759;3763;3764;3765;3766;3767;3768;3769;3770;3771;3772;3777;3779;3808;3813;3862;4532;4801;4802;4803;4804;4805;4806;4807;4808;4809;4810;4811;4812;4813;5116;5466;5468;5469;5470;5543;5560;5978;6020;6021;6022;6023;6024;6025;6026;6027;6028;6029;6030;6032;6033;6034;6040;6069;6070;6072;6073;6075
447;964;965;966;969;970;971;972;973;974;980;981;984;985;989;990;991;1046;1113;1120;1123;1124;1125;1126;1127;1128;1129;1130;1274;2498;2499;2502;2503;2504;2505;2506;2507;2508;2518;2528;2662;2663;2777;2778;2831;2832;2952;3206;3369;3810;3812;3814;3815;3816;3817;3818;4420;4421;4422;4424;4425;4426;4427;4428;4429;4435;4436;4437;4438;4439;4442;4538;4539;5336;5337;5338;5339;6071;6074
215;216;217;218;256;258;269;270;349;350;475;652;687;688;723;963;1020;1021;1222;1223;1234;1235;1236;1237;1238;1239;1627;1899;1900;2087;2094;2096;2302;2417;2418;2429;2430;2649;2652;2653;2654;2655;2673;2674;2958;2960;3139;3240;3249;3307;3558;3559;3560;3674;3696;3728;3729;3752;3760;3857;3858;3880;3881;3883;4018;4026;4027;4066;4279;4280;4281;4303;4323;4461;4462;5012;5196;5309;5421;5422;5574;5733;5735;5933;5934;5935;6103;6104;6118
225;650;651;906;1076;1587;1588;1589;1674;1817;1818;1819;1932;1943;2086;2088;2129;2130;2152;2154;2155;2182;2183;2423;2424;2425;2431;2433;2434;2447;2453;2454;2455;2462;2468;2478;2495;2526;2557;2558;2826;3140;3235;3244;3404;3413;3456;3673;3750;3900;3906;3907;4262;4263;4264;4265;4266;5035;5139;5140;5141;5163;5164;5165;5181;5182;5311;5312;5317;5321;5346;5665;5868;6079;6134
46;47;50;1378;1379;1924;1926;2128;2930;2931;2938;3100;3103;3104;3105;3283;3284;3285;3286;3287;3289;3290;3293;3296;3297;3300;3301;3302;3303;3306;3645;3829;3830;3930;3931;3932;3933;3934;4952;5028;5029;5554;5555;5638;5639;5640;5641;5642;5771;5772;5773;5774;5775;5776;5777;5779;5781;5782;5784;5785;5786;5787;5980
2;48;49;104;105;106;127;147;148;298;956;968;975;976;977;978;979;1135;1136;1667;2098;2099;2714;2715;2716;2719;2720;3298;3299;3339;3340;3454;3455;3684;3773;3774;3782;3908;3948;3979;4019;4036;4423;4430;4431;4432;4433;4434;4543;4544;5144;5145;5246;5445;5446;5783;5801;5802;5866;5867;5997;6009;6035;6036;6037;6038;6044
422;938;952;1456;1457;3733;3734;3775;3784;4109;4396;4397;4398;4756;5023;6012;6045
917;918;919;921;922;993;2052;2054;2061;2102;2236;2237;2238;3600;3601;3603;3604;3606;4383;4384;4385;4443;4444;5118;5119;5120;5121;5122;5123;5206;5207;5917;5955;5956;5958;5959;5961
690;724;725;904;907;908;1337;1707;1710;1711;1712;1713;1714;1716;2036;2053;2060;2100;2103;2104;2105;2107;2158;3325;3326;3327;3361;3509;3536;4304;4305;4306;4898;4899;4900;4901;4902;5146;5147;5148;5149;5150;5151;5153;5174;5175;5205;5795;5796;5797;5816
1044;1174;1176;1335;1336;1338;1523;1524;1525;1540;1706;1708;1709;1715;1718;3352;3353;3354;3642;3643;3778;3780;3781;3785;3786;3787;3806;3807;3811;3821;4579;4670;4671;4672;4673;4798;4799;4800;4895;4896;4897;4903;4904;4905;4906;5979;6031;6039;6041;6042;6043;6046;6047;6048;6064;6065;6066;6067;6068;6076
543;545;552;553;554;555;556;569;570;571;572;573;574;575;576;577;578;579;584;982;983;986;987;988;1045;1175;1196;1197;1199;1203;1220;1221;1226;1227;1233;1252;1263;1269;1270;1271;1272;1273;1275;4197;4198;4199;4200;4201;4210;4211;4212;4213;4214;4215;4216;4219;4440;4441;4480;4591;4593;4594;4598;4599;4602;4603;4604;4605;4614;4623;4627;4628;4629;4630;4631;4632;4633
255;770;784;827;828;962;1007;1008;1009;1376;2221;2574;2575;2665;2666;2667;2668;2669;2671;2672;2852;2853;2928;2932;2933;3341;3874;4341;4342;4418;4419;4450;4451;4452;4535;5371;5418;5419;5420;5552;5556;5803
6;224;226;303;304;305;648;649;656;712;714;779;780;781;782;783;787;823;1118;1119;1375;1377;1382;1675;2676;2678;2679;2680;2681;2682;2759;2864;2865;2866;2929;3875;3878;3879;3911;4007;4008;4009;4039;4040;4041;4267;4298;4299;4326;4327;4328;4329;4330;4339;4536;4700;4701;4702;4707;4880;4881;5425;5426;5428;5429;5457;5518;5519;5553;6113;6116;6117
32;33;34;35;44;122;160;1204;1205;1206;1207;1314;1317;1318;1319;1626;1637;1638;1639;1640;2281;2282;2283;2402;2403;2450;2675;2677;2867;3304;3308;3412;3476;3477;3478;3924;3925;3926;3929;3983;4595;4596;4659;4660;4852;4861;4862;4863;4864;5236;5300;5301;5318;5423;5424;5427;5517;5520;5788;5843;5844;5879;5880;5881;6080
30;31;38;45;128;129;257;299;300;302;909;910;911;1315;1316;1668;1669;1697;1769;1770;1771;1779;1921;2097;2140;2141;2142;2143;2144;2156;2157;2309;2310;2311;2312;2366;2585;2722;2723;2724;2923;2924;3233;3737;3738;3921;3922;3927;3968;4037;4038;4655;4656;4657;4658;5025;5550;5551;5728;5789
51;52;301;420;421;920;1914;1915;1918;1919;1920;2138;2139;2288;2289;2290;2291;2292;2293;2306;2522;3935;3936;5022;5024;5237;5238;5239;5240
21;3523;3527;3919;5907
519;661;704;726;727;728;729;730;2101;2228;2229;2230;2231;3362;3399;3435;3451;3507;3508;3514;3515;3516;3522;3524;3526;4268;4283;4284;4290;4291;4292;4297;4307;4308;4309;4310;5199;5200;5201;5202;5794;5814;5815;5836;5859;5865;5898;5899;5900;5905;5906;5913;5914;5915;5916
658;691;692;693;694;695;696;705;706;711;1195;1208;1328;1329;1332;1333;1334;1717;1719;2515;2516;2517;2805;2806;2807;2808;2809;2810;2812;2813;2814;2815;2816;2833;2834;2835;2836;2965;2966;3324;3355;3356;3357;3358;3359;3360;3363;3375;3418;3419;3474;3475;3517;3518;3519;3520;3521;3586;3587;3598;3599;3683;3888;4285;4286;4287;4295;4296;4667;4668;4669;5482;5483;5577;5578;5810;5811;5812;5813;5877;5878;5908;5909;5910;5911;5912;5949;5950;5953;5954
10;541;542;544;557;558;559;560;561;562;563;564;565;580;581;582;583;1198;1209;1214;1215;1216;1228;1262;1780;2811;3383;3719;3896;3897;3898;3913;4202;4203;4204;4205;4206;4217;4218;4592;4597;4622;4935;6127;6128;6129
