486;487;511;512;513;517;518;520;521;522;523;524;525;526;527;528;529;530;532;536;539;967;1036;1068;1069;1070;1071;1073;1074;1075;1082;1083;1091;1093;1094;1095;1099;1100;1101;1102;1134;1137;1689;1690;1691;2224;2225;2227;2484;2485;2486;2569;2570;2684;2685;2695;2797;2800;2801;2917;2970;3019;3309;3319;3338;3572;3575;3665;3841;3842;3895;4145;4146;4147;4168;4169;4170;4174;4175;4176;4177;4178;4179;4180;4181;4182;4183;4184;4185;4186;4192;4193;4194;4196;4501;4503;4505;4506;4512;4513;4514;4515;4519;4520;4521;4522;4523;4524;4542;4545;4887;4888;4889;4985;5198;5430;5431;5432;5439;5477;5478;5544;5579;5594;5790;5793;5938;6089;6090
453;454;455;456;457;477;478;479;480;481;482;483;484;485;492;493;495;531;533;534;535;537;538;540;566;567;568;1092;1232;1286;1287;1295;1868;1869;1870;1960;2222;2223;2233;2269;2490;2491;2492;2493;2581;2582;2583;2584;2660;2661;2683;2692;2693;2694;2798;2799;3001;3011;3071;3106;3446;3447;3448;3531;3532;3533;3534;3574;3576;3584;3585;3596;3597;3685;3686;3687;3688;3690;3691;3692;3754;3832;3833;4118;4119;4120;4121;4122;4137;4138;4139;4140;4141;4142;4143;4144;4149;4150;4152;4187;4188;4189;4190;4191;4195;4207;4208;4209;4645;4646;4647;4992;4993;4994;5049;5050;5180;5197;5228;5332;5333;5374;5375;5416;5417;5436;5437;5438;5595;5864;5919;5939;5940;5941;5947;5948;5951;5952;5998;5999;6019;6081
235;236;324;329;1285;1294;1299;1776;1777;1778;1961;1963;1964;1965;1966;2027;2145;2160;2161;2435;2437;2595;2785;2786;3076;3083;3084;3086;3090;3179;3497;3577;3581;3582;3583;3591;3592;3593;3594;3595;3663;3664;3698;3699;3700;3701;3798;3923;4010;4011;4060;4638;4650;4651;5052;5053;5054;5176;5313;5467;5592;5890;5944;5945;5946;5987;5988
55;56;57;58;59;60;65;66;67;69;70;71;72;99;100;101;102;103;203;209;210;328;330;429;430;458;680;1173;1188;1326;1772;1773;1774;1775;1792;1793;1813;1814;1815;1816;1968;1974;2189;2190;2191;2388;2389;2390;2408;2520;2521;2576;2608;2978;3107;3370;3372;3373;3374;3378;3379;3382;3937;3938;3941;3942;4002;4275;4586;4953;4954;5244;5818;5820;5821;5822;5823;5824;5827
9;211;295;296;297;307;309;380;381;382;383;500;503;505;507;508;514;515;516;591;592;593;594;697;698;699;1103;1131;1132;1133;1141;1142;1143;1144;1145;1154;1155;1167;1168;1172;1224;1301;1302;1303;1437;1543;1622;1623;1624;1625;1663;1664;1670;1672;1673;1676;2184;2188;2409;2410;2411;2412;2413;2415;2416;2428;2532;2535;2559;2560;2592;2593;2609;2610;2658;2659;2819;3039;3292;3305;3397;3398;3615;3621;3657;3679;3680;3681;4033;4034;4035;4160;4161;4162;4163;4164;4165;4171;4172;4173;4224;4225;4540;4541;4550;4551;4552;4553;4574;4575;4577;4578;4600;4601;4814;4849;4850;4851;4873;4874;4875;4876;4877;4878;4879;4882;5183;5303;5304;5305;5306;5307;5351;5377;5387;5388;5415;5486;5607;5834;5835;5967;5973;5985;5994;5995;5996
82;143;144;145;273;308;310;311;312;313;314;867;868;869;870;873;878;880;881;882;886;887;888;949;960;1030;1031;1032;1033;1034;1035;1063;1064;1065;1105;1106;1107;1121;1151;1152;1157;1158;1159;1161;1163;1164;1165;1166;1225;1662;1671;2384;2385;2386;2387;2391;2392;2393;2394;2395;2397;2398;2400;2401;2419;2420;2533;2534;2566;2577;3291;3420;3616;3620;3622;3944;3978;4029;4043;4044;4045;4046;4047;4048;4049;4050;4353;4354;4355;4356;4357;4358;4359;4366;4367;4368;4372;4373;4374;4408;4471;4472;4473;4474;4475;4476;4495;4496;4497;4498;4526;4527;4528;4537;4558;4559;4560;4564;4565;4566;4570;4571;4572;4573;5288;5289;5290;5291;5292;5293;5294;5296;5297;5298;5299;5310;5352;5368;5372;5778;5849;5968;5972;5974
722;836;871;872;874;875;876;877;879;1054;1062;1110;1111;1112;1116;1117;1356;1362;1363;2911;2912;3316;3317;3318;3617;3618;3619;3741;3743;3902;3903;3905;4346;4360;4361;4362;4363;4364;4365;4488;4489;4529;4530;4531;4533;4534;4684;4688;4689;5792;5969;5970;5971;6014;6015;6105;6130;6131;6133
5;671;672;673;674;675;746;841;842;995;1055;1361;1370;1692;1934;2530;2894;2913;2914;2915;3658;3861;3867;4271;4272;4273;4687;4696;5542
278;280;281;282;283;284;290;731;732;733;734;735;736;737;738;1194;1309;1310;1311;1322;1349;1394;1464;1612;1613;1614;1615;1618;1785;1786;1787;1859;1860;1861;2122;2123;2124;2180;2181;2353;2354;2355;2356;2357;2358;2361;2362;2588;2598;2599;2601;2602;2603;2604;2728;2729;2730;2948;2972;2973;2974;2975;2999;3000;3005;3006;3007;3020;3053;3054;3056;3069;3070;3092;3310;3311;3312;3389;3390;3422;3436;3437;3444;3460;3461;3462;3469;3470;3488;3489;3490;3495;3496;3550;3633;3822;3823;3825;3826;3827;3828;3831;3834;3835;3836;3837;3838;3839;3840;3894;4031;4938;4984;4986;5047;5280;5281;5282;5328;5384;5385;5386;5589;5850;5860;5870;5871;5872;5887;5977;6078;6082;6083;6084;6085;6086;6087;6088;6125;6126
185;186;187;279;289;325;326;327;999;1000;1001;1002;1003;1004;1005;1006;1229;1230;1231;1264;1266;1279;1280;1281;1282;1283;1284;1293;1300;1458;1459;1460;1462;1760;1761;1762;1802;1803;1804;1805;1806;1853;1854;1855;1866;1867;1957;1958;2162;2163;2164;2165;2166;2167;2168;2169;2170;2171;2172;2173;2174;2175;2176;2177;2178;2179;2185;2186;2187;2197;2232;2315;2316;2370;2436;2590;2591;2596;2650;2651;2688;2764;2765;2768;2769;2770;2882;2883;2884;2885;2886;2888;2889;2890;2891;2892;2893;2957;2976;3003;3010;3012;3017;3047;3049;3072;3183;3184;3424;3426;3479;3481;3498;3580;3707;3708;3710;3749;3753;3994;4059;4448;4449;4624;4635;4636;4637;4757;4945;4980;4991;5177;5178;5179;5186;5249;5250;5376;5379;5380;5381;5411;5412;5533;5534;5573;5590;5610;5625;5626;5882;6018
73;74;75;182;183;184;331;332;333;640;641;643;1465;1466;1467;1468;1469;1470;1471;1472;1473;1503;1515;1516;1517;1550;1551;1552;1553;1554;1555;1556;1557;1558;1559;1560;1561;1562;1563;1564;1565;1566;1567;1585;1736;1737;1738;1739;1741;1742;1743;1744;1748;1749;1753;1754;1759;2025;2026;2028;2081;2082;2083;2084;2085;2406;2407;2547;2548;2549;2686;2787;2880;2881;2967;2968;2969;3002;3013;3014;3015;3016;3018;3042;3043;3048;3077;3078;3089;3091;3098;3178;3194;3195;3196;3480;3482;3485;3486;3499;3578;3579;3666;3863;3864;3943;3993;4061;4255;4256;4257;4758;4759;4760;4761;4762;4836;4913;4914;4915;4916;4917;4922;4923;4926;5359;5360;5378;5433;5459;5591;5593;5629;5630;5636;5637;5704;5883;5884;5885;5891;5942;5943;6106;6107
202;204;205;471;488;489;490;491;494;847;848;849;850;851;852;862;1327;1491;1507;1619;1620;1621;1632;1641;1642;1643;1644;1645;1647;1653;1654;1655;1656;2106;2146;2147;2299;2300;2301;2538;2594;3036;3037;3045;3085;3367;3368;3386;3387;3393;3394;3395;3396;3400;3401;3405;3409;3566;3567;3568;3588;3589;3590;3704;3790;3791;3792;3793;3794;3795;3796;3855;4000;4001;4148;4151;4153;4349;4663;4773;4848;4866;5152;5170;5171;5243;5830;5832;5833;5937;6051;6052;6053;6054;6055;6061
68;136;193;195;196;197;198;222;400;403;406;407;408;409;410;466;467;472;473;496;497;498;499;501;502;504;506;509;510;1041;1042;1043;1146;1323;1324;1438;1481;1482;1490;1492;1648;1649;1650;1651;1652;1722;2331;2332;2523;3294;3295;3638;3639;3640;3711;3747;3788;3989;3995;3996;4105;4107;4128;4132;4133;4134;4154;4155;4156;4157;4158;4159;4166;4167;4477;4478;4479;4561;4562;4563;4664;4739;4740;4766;4767;4771;4772;4867;4869;4870;4871;4907;4908;5261;5262;5344;5780;6004;6049
22;173;223;306;958;959;961;1148;1149;1153;1156;1160;1162;1357;1359;1434;1751;1763;1764;1765;1949;1950;1987;1988;1989;3117;3118;3613;3882;3891;4005;4006;4042;4416;4417;4555;4556;4567;4568;4569;4868;4929;4931;5068;6119;6122;6123
1213;1340;1372;1373;1433;1435;1436;1939;1941;2513;2895;2922;2959;3116;3742;3890;4302;4735;4736;4737;4738;4930;5038;5535;5536;5549;5575;5651;5652;5653;6121
745;892;893;894;994;1027;1028;1029;1212;1248;1249;1250;1251;1350;1351;1352;1371;1825;1826;1827;1933;1940;2531;3223;3706;4068;4376;4468;4469;4470;4548;4610;4611;4612;4642;4681;4682;4960;5036;5349;5350
18;244;245;246;259;260;261;262;263;264;265;266;267;268;275;276;277;285;286;287;288;291;585;586;587;912;915;916;1016;1017;1047;1048;1049;1072;1184;1185;1191;1192;1193;1495;1583;1629;1703;1704;1705;1935;1936;1937;2000;2014;2015;2018;2019;2020;2021;2022;2023;2032;2033;2034;2035;2040;2041;2042;2043;2044;2045;2046;2051;2080;2108;2109;2110;2111;2112;2113;2114;2115;2116;2117;2118;2119;2120;2121;2205;2215;2216;2217;2218;2496;2620;2621;2622;2623;2624;2625;2918;2919;2920;2921;2944;2945;2946;2947;2996;2997;2998;3004;3055;3180;3181;3217;3218;3288;3313;3314;3315;3320;3407;3408;3427;3428;3442;3443;3538;3809;3866;4012;4020;4021;4022;4023;4024;4025;4030;4220;4382;4481;4482;4483;4502;4584;4585;4588;4589;4590;4774;4775;4776;4834;4894;5078;5088;5089;5092;5093;5094;5095;5096;5098;5099;5100;5101;5106;5107;5108;5109;5110;5111;5112;5117;5138;5154;5155;5156;5157;5158;5159;5545;5546;5547;5548;5561;5562;5563;5564;5565;5699;5791;5839;5840;5862;5863;5923
4;17;151;152;153;212;213;214;219;315;316;317;618;630;631;632;633;635;897;898;899;900;913;914;932;933;934;1147;1150;1265;1267;1268;1396;1397;1398;1399;1463;1493;1494;1496;1497;1628;1696;1698;1699;1848;1849;1850;1851;1852;1856;1857;1858;1862;1863;1864;1865;1874;1875;1876;1877;1878;1879;1880;1884;1890;2489;2500;2519;2597;2600;2617;2627;2628;2629;2721;2725;2726;2727;2868;2869;2870;2871;2872;2873;2875;2971;2995;3095;3097;3121;3177;3219;3234;3438;3439;3494;3607;3608;3910;4003;4004;4051;4249;4250;4251;4252;4394;4554;4557;4625;4626;4713;4714;4715;4777;4778;4853;4854;4891;4892;4893;4970;4971;4975;4976;4977;4978;4979;4981;4982;4983;4987;4988;4989;4990;4998;4999;5000;5001;5002;5003;5004;5005;5331;5335;5343;5382;5383;5398;5399;5489;5521;5522;5523;5524;5525;5526;5528;5631;5698;5717;5719;5729;5852;5861
12;19;88;247;248;249;252;254;294;345;346;347;348;366;367;442;444;445;608;609;610;611;616;634;754;755;756;757;758;759;760;767;768;769;1343;1344;1345;1461;1581;1582;1757;1758;2010;2011;2012;2013;2125;2126;2131;2132;2133;2326;2327;2529;2571;2572;2573;2630;2741;2748;2749;2750;2753;2754;2755;2760;2761;2762;2763;2817;2818;2887;2988;2989;2994;3033;3034;3035;3044;3046;3059;3093;3094;3096;3169;3189;3190;3221;3222;3236;3329;3330;3406;3483;3484;3634;3635;3636;3637;3702;3751;3856;3915;4013;4014;4015;4064;4065;4231;4232;4235;4236;4237;4314;4315;4316;4317;4318;4319;4320;4321;4322;4678;4832;4833;4927;4928;5086;5087;5160;5161;5162;5166;5167;5258;5259;5348;5370;5401;5453;5454;5484;5485;5571;5572;5588;5608;5609;5730;5838;5962;6002;6102
7;443;636;639;843;844;845;846;858;859;860;861;1630;1631;1633;1634;1635;1636;1646;1730;1930;1931;2226;2314;2704;2705;2902;2954;2955;2956;3388;3802;3901;4253;4254;4350;4351;4352;4855;4856;4857;4858;4859;4860;4865;5034;5539;6007
161;162;163;391;393;394;395;396;397;399;448;449;450;452;637;645;646;647;1180;1181;1182;1183;1723;1729;1731;1732;1824;2055;2056;2057;2058;2313;2733;2897;2903;2904;2905;2906;2907;2908;2909;2934;2935;3337;3689;3744;3745;3746;3984;4097;4098;4099;4100;4101;4106;4114;4115;4116;4117;4258;4259;4260;4261;4582;4583;4959;5540;5541;5800
13;110;111;112;113;392;401;402;404;405;664;721;830;831;832;1060;1061;1256;1258;1259;1260;1261;1276;1277;1278;1306;1307;1308;1358;1386;1745;1746;1747;1750;1752;1755;1756;1807;1947;1948;1955;2550;2874;2876;3114;3417;3612;3892;3893;3952;3953;3954;3955;4103;4104;4269;4343;4494;4617;4618;4619;4620;4621;4634;4653;4685;4686;4708;4709;4918;4919;4920;4921;4924;4925;4946;5041;5527;5529;6124
20;175;176;177;178;179;180;361;375;377;378;379;438;439;440;441;1339;1341;1342;1346;1348;1353;1354;1355;1364;1365;1366;1367;1368;1369;1374;1383;1384;1385;1387;1740;1951;2277;2399;2551;2896;3113;3245;3246;3247;3256;3257;3258;3323;3415;3416;3709;3715;3725;3732;3904;3918;3990;3991;3992;4091;4092;4093;4112;4113;4270;4661;4674;4675;4676;4677;4679;4683;4690;4691;4692;4693;4694;4695;4697;4698;4699;4710;5267;5342;5361;5362;5648;5649;5738;5739;5740;5747;5748;5749;5846;5847;5848;6003;6005;6011;6132
0;1;53;54;86;137;138;139;146;149;150;167;168;169;170;171;172;181;239;271;272;274;351;352;353;354;459;460;461;665;683;684;685;689;713;752;785;786;788;820;1022;1023;1108;1109;1290;1292;1347;1546;1547;1665;1666;2075;2076;2451;2452;2482;2483;2611;2977;3101;3102;3224;3322;3569;3659;3985;3986;3987;3988;4028;4067;4069;4123;4124;4125;4276;4277;4278;4282;4463;4464;4644;4817;4818;4819;4820;5134;5580;5986
15;250;251;826;883;884;885;895;896;1177;1178;1179;1330;1331;1498;1499;1500;1501;1700;1701;1702;1782;1784;1794;1795;1796;1797;1798;1799;1800;1801;1898;1952;1953;1954;1959;1962;1967;1970;1971;1972;1973;1977;1978;1979;1980;1981;1982;1983;1984;1985;1993;1999;2037;2038;2039;2077;2078;2079;2206;2207;2208;2244;2246;2247;2248;2249;2250;2359;2360;2494;2497;2616;2619;2632;2636;2656;2657;2744;2745;2746;2747;3202;3203;3207;3208;3210;3328;3332;3333;3334;3336;3344;3466;3467;3468;3646;3899;4016;4017;4369;4370;4371;4377;4378;4379;4580;4581;4665;4666;4779;4780;4781;4782;4783;4784;4936;4937;4939;4940;4941;4942;4943;4944;5042;5043;5044;5048;5051;5055;5057;5058;5061;5062;5063;5064;5065;5066;5103;5104;5105;5135;5136;5137;5213;5214;5215;5216;5334;5392;5393;5394;5397;5413;5414;5452;5706;5707;5708;5709;5711;5712;5806;5873;5981;6050
338;339;340;341;603;604;605;606;607;612;613;614;615;620;621;622;623;624;625;626;628;629;715;716;717;718;1429;1430;1431;1432;1502;1504;1584;1586;1590;1591;1592;1593;1594;1781;1783;1788;1789;1790;1791;1832;1833;1834;1835;1836;1837;1838;1839;1840;1841;1842;1843;1845;1846;1885;1886;1887;1888;1889;1891;1892;1894;1897;1944;1945;2251;2252;2253;2254;2257;2258;2259;2260;2261;2262;2263;2273;2274;2275;2276;2373;2396;2562;2563;2564;2589;2615;2618;2626;2631;2635;2820;2821;2822;2824;3052;3079;3120;3122;3211;4062;4063;4229;4230;4233;4234;4241;4242;4243;4244;4245;4246;4247;4248;4300;4301;4733;4734;4835;4837;4963;4964;4965;4966;4967;4968;4969;4972;4973;4974;5006;5007;5008;5009;5010;5011;5219;5220;5221;5222;5231;5232;5233;5284;5295;5366;5367;5395;5396;5400;5403;5487;5488;5491;5613;5650;5655;5656;5657;6097
27;87;89;90;91;199;200;201;292;293;320;321;322;323;365;617;619;627;923;924;925;1171;1808;1809;1810;1811;1812;1844;1847;1928;2127;2328;2329;2330;2333;2334;2336;2633;2634;2740;2751;2756;2757;2758;3723;3724;3850;3946;3947;3997;3998;3999;4032;4056;4057;4058;4081;4082;4083;4238;4239;4240;4386;4387;4947;4948;4949;4950;4951;5260;5263;5264;5266;5402;5451;5455;5538;6006;6008
208;432;434;435;436;437;638;657;659;660;839;840;855;856;857;1026;1057;1169;1170;2091;2092;2134;2135;2136;2137;2297;2298;2339;2340;2341;2371;2372;2541;2542;2543;2586;2587;2613;2690;2691;2953;3547;3548;3549;3552;3726;3727;4111;4576;5033;5142;5168;5169;5268;5269;5270;5357;5358;5389;5390;5434;5435;5456;5569;5570;5928;5929;5983
132;133;134;135;194;206;207;431;451;644;662;663;666;811;1018;1019;1024;1038;1039;1189;1200;1201;1202;1240;1244;1245;1606;1608;1823;2095;2307;2308;2444;2646;3335;3551;3563;3564;3623;3624;3625;3654;3971;3972;3973;3974;4459;4460;4465;4608;4844;4845;4958;5143;5248;5799;5930;5931;5975
158;159;667;668;669;670;719;720;739;740;753;954;955;1040;1257;1297;1298;1312;1313;1320;1321;1605;1821;1822;1828;1956;2877;2878;2879;2961;3411;3414;3980;3981;3982;4102;4311;4413;4649;4654;4662;4955;4956;4957;5045;5046;5530;5531;5532;5842
141;174;355;356;357;358;359;360;362;363;364;368;369;370;371;372;373;374;376;384;385;386;676;678;679;681;682;751;761;763;764;765;766;771;772;773;774;775;776;777;778;834;853;854;1253;1390;2337;2851;2854;2855;2856;2857;2858;2859;2860;2861;2862;2863;2962;2963;2964;2990;2992;3191;3192;3193;3197;3198;3199;3656;3661;4070;4071;4072;4073;4074;4075;4076;4077;4078;4079;4080;4084;4085;4086;4087;4088;4089;4090;4094;4274;4324;4325;4344;5509;5510;5511;5512;5513;5514;5515;5516;5576;5584;5585;5586;5587;5703;5705;5713;5901;5984
76;77;78;154;155;156;164;165;166;220;221;462;463;464;465;762;800;801;802;803;805;809;810;814;815;816;818;819;821;822;825;833;1037;1254;1255;1288;1289;1291;1296;1360;1388;1389;1544;1545;1548;1549;1938;2024;2942;2943;2991;2993;3452;3511;3512;3644;3803;3819;4126;4127;4615;4616;4639;4640;4641;4643;4648;4711;4815;4816;5037;5902;5903
188;189;190;191;192;642;677;700;701;702;703;707;708;710;1241;1242;1243;1416;1455;1609;1610;1611;1616;1617;1677;1679;1871;1872;1873;1902;1903;1904;1905;1906;1907;1908;1909;1910;1911;2004;2005;2006;2007;2150;2240;2242;2243;2245;2363;2364;2365;2697;2698;2699;2700;2701;2702;2703;2706;2707;2712;2713;2717;2718;3030;3031;3127;3128;3200;3201;3205;3214;3345;3392;3445;3464;3465;3487;3491;3492;3493;3605;3789;3884;4288;4289;4293;4294;4340;4607;4846;4847;4883;4884;4995;4996;4997;5013;5014;5015;5016;5017;5018;5019;5020;5021;5082;5083;5172;5173;5209;5211;5212;5283;5441;5442;5443;5444;5604;5660;5661;5710;5825;5826;5831;5886;5888;5889;6120
709;824;835;837;838;889;890;891;1096;1097;1098;1138;1140;1595;1596;1597;1598;1599;1600;1601;1680;1681;1733;1734;1735;1893;1895;1896;1927;1929;1994;1995;2149;2151;2192;2193;2194;2196;2214;2480;2539;2540;2565;2766;2767;2773;3115;3185;3186;3204;3209;3380;3381;3384;3385;3449;3450;3453;3682;4345;4347;4348;4375;4516;4517;4518;4546;4547;4549;4838;4839;4840;4841;4885;4910;4911;4912;5030;5031;5032;5072;5073;5074;5184;5185;5325;5326;5355;5356;5458;5461;5701;5702;5828;5829;5896;5936;5960
28;29;92;93;94;95;96;97;98;227;228;229;230;231;232;233;234;237;241;318;319;807;1186;1187;1247;1401;1402;1406;1407;1408;1486;1724;2278;2279;2280;2479;2545;2546;2567;2568;2670;2708;2710;2711;2731;2732;2734;2735;2736;2742;2743;2899;2900;2901;2979;2980;3040;3041;3457;3458;3459;3541;3544;3545;3546;3553;3561;3565;3694;3695;3703;3713;3851;3852;3853;3920;4052;4053;4054;4055;4609;4716;5234;5235;5369;5447;5581;5582;5869;6000;6098;6099;6100
39;40;41;42;108;109;123;124;125;126;238;253;433;547;806;808;926;927;928;929;930;931;1025;1050;1051;1052;1053;1056;1058;1059;1400;1602;1603;1604;1725;1726;1728;1922;1923;2029;2030;2031;2093;2201;2204;2544;2612;2696;2949;3182;3241;3542;3543;3554;3555;3556;3557;3562;3629;3677;3678;3693;3735;3748;3797;3799;3800;3804;3805;3854;3928;3949;3950;3951;3964;3965;3966;3967;4336;4337;4338;4388;4389;4390;4391;4392;4393;4466;4467;4484;4485;4486;4487;4490;4491;4492;4493;4842;4843;4909;5026;5440;5465;5566;5700;5734;5926;5927;5932;5993;6016;6056;6057;6058;6059;6062;6063;6101
107;812;813;863;864;1190;1395;1577;1607;2367;2368;2443;2445;2446;2448;2449;2458;2459;2647;2648;2829;2925;2926;2927;3627;3660;3662;3667;4587;4606;4712;4829;5027;5495
16;114;115;116;117;119;121;140;142;157;398;588;589;590;747;748;749;865;1411;1412;1413;1414;1415;1418;1419;1421;1426;1427;1820;2209;2210;2211;2219;2220;2234;2235;2319;2321;2322;2323;2324;2325;2335;2348;2349;2350;2381;2382;2383;2404;2405;2527;2561;2771;2823;2827;2828;2837;2838;3023;3024;3025;3026;3027;3028;3029;3032;3108;3109;3111;3112;3231;3232;3366;3371;3410;3423;3876;3917;3956;3957;3958;3959;3960;3961;3962;3963;3975;3976;3977;4221;4222;4223;4720;4721;4722;4723;4724;4725;4726;4731;4961;5194;5195;5203;5204;5254;5255;5256;5257;5265;5276;5277;5285;5286;5287;5302;5347;5490;5492;5493;5496;5497;5598;5599;5600;5601;5602;5603;5605;5643;5644;5646;5647;5726;5727;5817;5819;5841;5845;5851;6108
118;120;130;131;1087;1088;1089;1090;1104;1417;1420;1422;1423;1424;1425;1428;1440;1443;1445;1448;1450;1451;1453;1454;1474;1475;1476;1512;1513;1518;1519;1520;1521;1522;2342;2343;2346;2347;2414;2737;2738;2739;2772;2776;2780;2781;2794;2803;2839;2840;2841;2842;2843;2844;2845;2846;2847;2848;2849;2850;3050;3051;3057;3058;3060;3061;3062;3063;3064;3065;3066;3068;3074;3075;3212;3429;3430;3431;3432;3433;3434;3510;3528;3529;3739;3969;3970;4508;4509;4510;4511;4525;4727;4728;4729;4730;4732;4749;4750;4751;4752;4753;4754;4755;4763;4789;4790;4791;4793;4794;4795;4796;4797;5271;5272;5275;5308;5448;5449;5450;5460;5462;5463;5464;5474;5479;5480;5498;5499;5500;5501;5502;5503;5504;5505;5506;5507;5508;5611;5612;5614;5615;5616;5617;5618;5619;5620;5621;5622;5623;5624;5627;5628;5853;5854;5855;5856;5857;5858;5918;6001;6013
750;804;817;829;866;1012;1014;1015;1439;1441;1442;1444;1447;1511;1514;2070;2071;2802;2950;3067;3073;3126;3697;4455;4457;4458;4680;4741;4742;4743;4744;4745;4746;4747;4748;4792;5659
8;387;388;389;390;468;469;470;903;1066;1304;1305;1678;1901;1969;1975;1976;1990;1992;2002;2003;2009;2016;2017;2068;2148;2296;2374;2375;2376;2377;2378;2379;2380;2511;2605;2606;2607;2645;3038;3110;3119;3123;3124;3129;3130;3131;3132;3133;3134;3135;3136;3137;3138;3141;3142;3143;3144;3145;3146;3147;3148;3149;3150;3151;3153;3154;3155;3156;3157;3158;3159;3160;3161;3162;3163;3164;3165;3166;3167;3168;3170;3171;3172;3173;3174;3175;3176;3187;3188;3213;3215;3216;3220;3225;3226;3227;3228;3229;3230;3260;3261;3262;3264;3269;3270;3271;3503;3504;3525;3647;3843;3844;3912;4095;4096;4129;4130;4131;4380;4399;4400;4499;4500;4652;5056;5059;5060;5070;5071;5079;5080;5081;5085;5090;5091;5606;5654;5662;5663;5664;5666;5667;5668;5669;5670;5671;5672;5673;5676;5677;5678;5679;5680;5681;5682;5683;5684;5685;5686;5687;5688;5689;5690;5691;5692;5693;5694;5695;5696;5697;5714;5715;5716;5718;5720;5721;5722;5723;5724;5725;5751;5752;5753;5754;5755;5756;5759;5760;5761;5893;5894;5895;6091;6092
240;242;243;741;742;743;744;901;902;905;940;941;942;948;950;951;1067;1139;1477;1508;1510;1568;1571;1766;1767;1768;1986;2153;2195;2212;2213;2284;2285;2286;2287;2294;2295;2460;2461;2472;2474;2475;2476;2477;2481;2524;2552;2553;2554;2555;2556;2642;2774;2898;2981;2982;2983;2984;2985;2986;3243;3272;3273;3274;3275;3276;3277;3278;3279;3280;3463;3500;3501;3502;3505;3506;3845;3846;3847;3848;3849;4312;4313;4381;4401;4407;4409;4410;4765;4786;4787;4788;4821;4822;4823;4824;4932;4933;4934;5067;5241;5242;5323;5324;5327;5363;5364;5365;5537;5583;5762;5763;5764;5765;5766;5767;5768;5769;5770;5892;5897;6093;6094;6095;6096
23;61;62;63;64;789;790;791;792;1077;1078;1079;1080;1081;1084;1085;1086;1246;1380;1403;1404;1405;1478;1479;1480;1483;1484;1485;1509;1570;1693;1694;1695;1727;1829;1830;1831;2198;2199;2421;2422;2463;2464;2465;2466;2470;2471;2473;2578;2579;2580;2614;2637;2638;2639;2640;2641;2643;2644;2709;2775;2936;2940;3125;3248;3402;3441;3471;3473;3651;3652;3653;3655;3668;3669;3670;3886;3887;3939;3940;4504;4507;4717;4718;4719;4764;4768;4769;4770;4890;4962;5187;5188;5189;5190;5319;5320;5322;5373;5391;5404;5405;5406;5407;5408;5409;5410;5658;5741;5875;5876;5957;5989
24;25;26;36;37;334;335;336;337;342;343;344;546;548;549;550;551;600;601;602;653;655;798;935;936;943;996;997;998;1325;1506;1661;2200;2202;2203;2303;2352;2369;2426;2427;2438;2439;2456;2457;2782;3346;3347;3348;3349;3350;3364;3365;3376;3377;3391;3403;3421;3425;3530;3539;3573;3602;3626;3628;3630;3631;3632;3675;3676;3783;3860;3865;3868;3872;4395;4402;4403;4404;4445;4446;4447;5191;5192;5193;5278;5279;5809;5837;5874;5976;5991;5992;6111
11;79;654;793;794;796;797;799;1217;1218;1219;1391;1392;1393;1487;1488;1489;1505;1572;1573;1574;1575;1576;1578;1579;1580;1657;1881;1882;1883;2089;2338;2783;2830;3570;3571;3714;3716;3717;3718;3720;3721;3722;3740;3761;3762;3801;3824;3859;3914;4331;4332;4333;4334;4335;4785;4825;4826;4827;4828;4830;4831;4872;5494;6060;6077
14;83;84;85;595;596;597;598;599;992;1010;1011;1013;1682;1683;1684;1685;1686;1687;1688;2047;2048;2049;2050;2059;2062;2063;2064;2072;2073;2074;2090;2159;2239;2241;2255;2256;2264;2265;2266;2267;2268;2270;2271;2272;2317;2320;2440;2441;2442;2525;2536;2537;2987;3008;3009;3021;3022;3080;3081;3082;3087;3088;3331;3513;3537;3609;3610;3611;3614;3712;3869;3870;3871;3873;3877;3916;3945;4226;4227;4228;4453;4454;4456;4613;4886;5097;5113;5114;5115;5124;5125;5126;5131;5132;5133;5208;5210;5217;5218;5223;5224;5225;5226;5227;5229;5230;5251;5252;5253;5314;5315;5316;5345;5353;5354;5596;5597;5632;5633;5634;5635;5798;5904;5922;5963;5964;5965;5966;6109;6110;6112;6114;6115
3;414;415;416;417;425;426;427;428;1210;1211;1409;1410;1449;1452;1526;1528;1530;1531;1532;1533;1534;1535;1536;1537;1538;1541;1542;1720;1721;1912;1913;1916;1917;2318;2514;2779;2784;2788;2789;2790;2791;2792;2793;2795;2910;2916;3321;3351;3641;3755;3756;3757;3758;3759;3763;3764;3765;3766;3862;3909;4110;4801;4802;4803;4805;4806;4807;4808;4809;4810;4811;4812;4813;5116;5468;5469;5470;5471;5473;5475;5476;5543;5560;5978;6023;6024;6026;6027;6028;6040;6075
43;411;412;413;418;419;423;424;446;447;964;965;966;969;971;972;989;990;991;1113;1114;1115;1120;1122;1123;1124;1125;1126;1127;1128;1130;1446;1527;1529;2344;2345;2498;2499;2501;2502;2503;2504;2505;2506;2507;2508;2518;2528;2662;2663;2664;2687;2689;2752;2777;2778;2796;2951;2952;3206;3369;3705;3820;3885;3889;4108;4420;4421;4422;4424;4425;4426;4427;4428;4429;4442;4532;4538;4539;4804;5273;5274;5336;5337;5338;5339;5466;5472;5567;5568;6025
215;216;217;218;256;258;269;270;349;350;474;475;476;650;652;687;688;723;963;1021;1222;1223;1234;1235;1236;1237;1238;1239;1627;1899;1900;1991;1997;1998;2001;2008;2069;2087;2094;2096;2302;2417;2418;2429;2430;2509;2510;2512;2649;2652;2653;2654;2655;2673;2674;2958;2960;3139;3152;3237;3238;3239;3240;3242;3249;3250;3251;3252;3253;3254;3255;3259;3263;3265;3266;3267;3268;3307;3558;3559;3560;3674;3696;3728;3729;3752;3760;3857;3858;3880;3881;3883;4018;4026;4027;4066;4135;4136;4265;4266;4279;4280;4281;4303;4461;4462;5012;5069;5075;5076;5077;5084;5129;5130;5309;5340;5341;5421;5422;5574;5645;5674;5675;5731;5732;5733;5735;5742;5743;5744;5745;5746;5750;5757;5758;5933;5934;5935;6103;6104;6118
651;686;1076;1569;1587;1588;1589;1817;1818;1819;1926;1932;1942;1943;1946;1996;2065;2066;2067;2086;2088;2128;2129;2130;2152;2154;2155;2182;2183;2425;2431;2432;2433;2434;2447;2453;2454;2455;2467;2468;2469;2478;2487;2488;2495;2526;2557;2558;2825;2826;2930;2931;3099;3100;3104;3140;3235;3244;3281;3282;3284;3290;3404;3413;3456;3648;3650;3672;3673;3750;3900;3906;3907;5035;5039;5040;5127;5128;5139;5140;5141;5163;5164;5165;5181;5182;5317;5321;5329;5330;5346;5554;5555;5638;5639;5665;5736;5737;5771;5772;5775;5776;5777;5868;5980;5982;6017;6079;6134
46;47;48;49;50;104;105;106;147;148;1378;1379;1381;1924;1925;2714;2715;2937;2938;2941;3103;3105;3283;3285;3286;3287;3289;3293;3296;3297;3298;3299;3300;3301;3302;3303;3306;3440;3645;3649;3671;3829;3830;3930;3931;3932;3933;3934;3948;3979;4703;4704;4705;4706;4952;5028;5029;5445;5446;5557;5558;5559;5640;5641;5642;5773;5774;5779;5781;5782;5783;5784;5785;5786;5787;5990
298;937;938;939;944;945;946;947;952;956;957;968;975;976;977;978;979;1135;1136;1456;1457;2304;2305;2351;2716;2719;2804;3339;3340;3342;3343;3454;3455;3472;3684;3730;3731;3733;3734;3773;3774;3775;3776;3782;3784;4396;4397;4398;4405;4406;4411;4412;4414;4415;4423;4430;4431;4432;4433;4434;4543;4544;4756;5245;5246;5247;5481;5801;5802;5804;5805;5807;5808;5866;5867;5997;6009;6010;6012;6035;6036;6037;6038;6044;6045
80;81;795;953;1658;1659;1660;3540;3736;5023;5924;5925
724;904;907;908;917;918;919;921;922;993;1710;1711;1713;2036;2052;2053;2054;2060;2061;2100;2103;2105;2107;2158;2236;2237;2238;3600;3601;3603;3604;3606;4383;4384;4385;4443;4444;4898;4899;4900;4901;4902;5102;5118;5119;5120;5121;5122;5123;5149;5150;5151;5153;5174;5175;5205;5206;5207;5920;5955;5956;5958;5959;5961
1174;1176;1335;1336;1337;1338;1523;1524;1525;1539;1540;1706;1707;1708;1709;1712;1714;1715;1716;1718;2104;2939;3326;3327;3352;3353;3354;3535;3536;3642;3643;3767;3768;3769;3770;3771;3772;3777;3778;3779;3780;3781;3785;3786;3806;3808;3813;4579;4670;4671;4672;4673;4798;4799;4800;4895;4896;4897;4903;4904;4905;4906;5795;5796;5797;5921;5979;6020;6021;6022;6029;6030;6031;6032;6033;6034;6039;6041;6042;6043;6065;6066;6069;6070;6072;6073
543;545;552;553;554;555;556;569;570;571;572;573;574;575;576;577;578;579;584;970;973;974;980;981;982;983;984;985;986;987;988;1044;1045;1046;1129;1175;1196;1197;1199;1220;1233;1252;1263;1269;1270;1271;1272;1273;1274;1275;2831;2832;3787;3807;3810;3811;3812;3814;3815;3816;3817;3818;3821;4197;4198;4199;4200;4201;4210;4211;4212;4213;4214;4215;4216;4219;4435;4436;4437;4438;4439;4440;4441;4480;4591;4593;4594;4614;4623;4627;4628;4629;4630;4631;4632;4633;6046;6047;6048;6064;6067;6068;6071;6074;6076
255;714;770;784;827;828;962;1007;1008;1009;1020;1118;1119;1376;2221;2574;2575;2665;2666;2667;2668;2669;2671;2672;2852;2853;2928;2932;2933;3341;3874;4323;4341;4342;4418;4419;4450;4451;4452;4535;5196;5371;5418;5419;5420;5552;5556;5803
6;224;225;226;303;304;305;648;649;656;712;779;780;781;782;783;787;823;906;1204;1205;1206;1207;1375;1377;1382;1674;1675;2281;2282;2283;2423;2424;2462;2676;2678;2679;2680;2681;2682;2759;2864;2865;2866;2867;2929;3875;3878;3879;3911;4007;4008;4009;4039;4040;4041;4262;4263;4264;4267;4298;4299;4326;4327;4328;4329;4330;4339;4536;4595;4596;4700;4701;4702;4707;4880;4881;5236;5311;5312;5318;5423;5424;5425;5426;5427;5428;5429;5457;5517;5518;5519;5553;5843;5844;6113;6116;6117
30;32;33;34;35;38;44;45;122;128;160;1314;1315;1316;1317;1318;1319;1626;1637;1638;1639;1640;2097;2402;2403;2450;2675;2677;3304;3308;3412;3476;3477;3478;3921;3922;3924;3925;3926;3929;3983;4655;4656;4657;4658;4659;4660;4852;4861;4862;4863;4864;5300;5301;5520;5788;5789;5879;5880;5881;6080
2;31;52;127;129;257;299;300;301;302;420;421;422;909;910;911;920;1667;1668;1669;1697;1769;1770;1771;1779;1915;1918;1919;1920;1921;2098;2099;2138;2139;2140;2141;2142;2143;2144;2156;2157;2288;2289;2290;2291;2292;2293;2306;2309;2310;2311;2312;2366;2522;2585;2720;2722;2723;2724;2923;2924;3233;3737;3738;3908;3927;3968;4019;4036;4037;4038;4109;5024;5025;5144;5145;5237;5238;5239;5240;5550;5551;5728
51;1914;3935;3936;5022
21;519;725;726;728;729;730;2101;2102;2228;2229;2230;2231;3362;3399;3435;3451;3507;3508;3514;3515;3516;3522;3523;3524;3527;3919;4297;4304;4305;4306;4307;4308;4309;4310;5146;5147;5148;5199;5200;5201;5202;5814;5815;5836;5859;5865;5898;5899;5900;5905;5906;5907;5913;5914;5915;5916;5917
658;661;690;691;692;693;694;695;696;704;705;706;711;727;1208;1328;1329;1332;1333;1334;1717;1719;2515;2516;2805;2806;2807;2808;2809;2810;2812;2813;2814;2815;2816;2833;2965;2966;3324;3325;3355;3356;3357;3358;3359;3360;3361;3363;3375;3418;3419;3474;3475;3509;3517;3518;3519;3520;3521;3526;3586;3587;3598;3599;3683;3888;4268;4283;4284;4285;4286;4287;4290;4291;4292;4295;4296;4667;4668;4669;5482;5483;5577;5578;5794;5810;5811;5812;5813;5816;5877;5878;5908;5909;5910;5911;5912;5949;5950;5953;5954
10;541;542;544;557;558;559;560;561;562;563;564;565;580;581;582;583;1195;1198;1203;1209;1214;1215;1216;1221;1226;1227;1228;1262;1780;2517;2811;2834;2835;2836;3383;3719;3896;3897;3898;3913;4202;4203;4204;4205;4206;4217;4218;4592;4597;4598;4599;4602;4603;4604;4605;4622;4935;6127;6128;6129
