511;512;521;967;1036;1068;1070;1071;1073;1074;1075;1082;1083;1093;1094;1095;1099;1100;1101;1102;1134;1137;1690;1691;2570;2695;3319;4168;4169;4170;4174;4175;4501;4503;4505;4506;4513;4514;4515;4519;4520;4521;4522;4523;4524;4542;4545;4887;4888;4889;5544;5793
454;456;457;477;478;479;480;481;482;483;484;485;486;487;492;493;495;513;517;518;520;522;523;524;525;526;527;528;529;530;531;532;533;534;535;536;537;538;539;540;566;567;568;1091;1092;1232;1868;2222;2223;2225;2490;2491;2492;2493;2581;2582;2583;2584;2660;2661;2683;2684;2685;2692;2694;2797;2798;2799;2800;2801;2917;3001;3019;3106;3309;3531;3532;3533;3534;3574;3575;3576;3597;3688;3690;3691;3832;3833;3841;3842;4121;4122;4137;4138;4139;4140;4141;4142;4143;4144;4145;4146;4147;4149;4150;4152;4176;4177;4178;4179;4180;4181;4182;4183;4184;4185;4186;4187;4188;4189;4190;4191;4192;4193;4194;4195;4196;4207;4208;4209;4512;5197;5228;5332;5333;5374;5375;5416;5417;5430;5431;5432;5438;5439;5477;5478;5595;5790;5919;5939;5940;5941;6081;6089;6090
324;1285;1286;1287;1294;1295;1299;1776;1777;1778;1870;1960;1961;1963;1964;1965;1966;2027;2145;2160;2161;2269;2435;2437;2693;3071;3446;3447;3448;3497;3581;3583;3585;3594;3595;3596;3663;3685;3686;3687;3692;3700;3754;4638;4645;4646;4647;4650;4651;4992;4993;4994;5049;5050;5052;5053;5054;5176;5180;5313;5436;5437;5592;5864;5890;5946;5947;5948;5951;5952;5988;5998;5999;6019
55;57;58;235;236;328;329;330;1968;3083;3084;3086;3591;3592;3593;3698;3699;3701;3798;3923;3937;4010;4011;4060;4953
56;59;60;65;66;67;69;70;71;72;99;100;101;102;103;209;210;429;430;458;680;1188;1772;1773;1774;1775;1813;1814;1815;1816;1974;2189;2190;2191;2388;2389;2390;2408;2520;2521;2576;2608;2978;3107;3370;3372;3373;3374;3378;3379;3382;3938;3941;3942;4002;4275;4586;4954;5818;5820;5821;5822;5823;5824;5827
211;380;382;383;514;515;591;592;593;594;698;699;1103;1301;1302;1303;2184;2188;2409;2410;2411;2412;2413;2415;2416;2428;2532;2535;2559;2560;2592;2593;2609;2610;2658;2659;2819;3039;3305;3398;3621;3657;3679;3680;4171;4172;4173;4224;4225;5183;5303;5304;5305;5306;5307;5377;5387;5388;5415;5486;5607;5834;5835;5973;5985;5995;5996
273;295;307;308;309;311;313;314;381;881;887;888;1105;1106;1157;1158;1159;1163;1164;1166;1167;1225;2384;2385;2386;2387;2391;2392;2394;2395;2419;2420;2533;2534;2566;2577;3291;3292;3420;3615;3681;3944;4029;4043;4044;4045;4050;4372;4373;4374;4526;4527;4528;4564;4565;4566;4573;4574;4575;5288;5289;5290;5291;5292;5293;5294;5310;5351;5352;5368;5372;5778;5849;5967;5994
82;143;722;836;867;869;870;871;872;873;874;876;877;878;879;880;882;886;949;1030;1031;1032;1033;1034;1035;1062;1063;1064;1065;1107;1117;1356;1362;1363;2393;2397;2398;2400;2401;3316;3318;3617;3618;3619;3620;3622;3902;3903;3905;4346;4353;4354;4355;4356;4357;4358;4359;4360;4361;4362;4363;4364;4365;4366;4367;4368;4408;4471;4472;4473;4474;4475;4476;4495;4496;4497;4498;4684;4688;4689;5296;5297;5298;5299;5792;5969;5970;5971;5972;5974;6130;6131;6133
875;1054;1055;1110;1111;1112;1116;2911;2912;2915;3741;3743;3861;4488;4489;4529;4530;4531;4533;4534;6014;6015;6105
5;671;672;673;674;675;746;841;842;995;1361;1370;1692;1934;2530;2894;2913;2914;3658;3867;4271;4272;4273;4687;4696;5542
735;736;737;738;1069;1310;1311;1394;1612;1613;1614;1618;1689;1859;1860;1861;2224;2227;2353;2354;2355;2356;2358;2361;2362;2484;2485;2486;2569;2970;3007;3070;3338;3422;3488;3489;3572;3665;3834;3836;3837;3838;3839;3840;3894;3895;4984;4985;4986;5198;5280;5281;5282;5328;5579;5594;5850;5887;5938;6082;6083;6084;6085;6086;6087;6088;6125;6126
185;186;187;325;326;327;453;455;731;732;733;734;1229;1230;1231;1615;1760;1761;1762;1853;1854;1855;1866;1867;1869;1957;1958;2168;2185;2186;2187;2197;2232;2233;2316;2370;2588;2590;2591;2650;2688;2728;2729;2730;2764;2765;2883;2884;2975;2976;2999;3000;3005;3006;3010;3011;3012;3020;3056;3072;3092;3479;3584;3708;3994;4059;4118;4119;4120;4980;4991;5047;5186;5376;5573;5589;5590;5625;5626;5882
332;333;1279;1280;1281;1282;1283;1284;1293;1300;1465;1466;1467;1468;1469;1470;1471;1472;1473;1517;1802;1803;1804;1805;1806;2025;2026;2028;2082;2162;2163;2164;2165;2166;2167;2175;2176;2177;2178;2179;2436;2547;2548;2549;2686;2768;2769;2770;2787;2880;2881;2882;2968;2969;3002;3003;3013;3014;3015;3016;3017;3018;3042;3043;3047;3048;3049;3076;3077;3078;3089;3090;3091;3098;3178;3194;3480;3481;3482;3486;3498;3499;3577;3578;3579;3582;3666;3707;3710;3749;3753;4061;4635;4636;4637;4758;4759;4760;4761;4762;4945;5179;5359;5360;5433;5459;5591;5593;5610;5629;5630;5636;5637;5891;5942;5943;5944;5945;5987;6018
73;74;75;184;640;641;1515;1516;1550;1551;1552;1553;1554;1555;1556;1557;1558;1559;1560;1561;1562;1563;1564;1565;1566;1567;1642;1742;1743;1744;1748;1749;2081;2083;2084;2085;2301;2406;2407;2538;2594;2595;2785;2786;2967;3085;3179;3367;3368;3400;3409;3588;3589;3590;3664;3704;3943;4255;4256;4257;5378;5467
202;203;204;205;471;488;490;491;494;1173;1326;1327;1507;1620;1621;1643;1644;1792;1793;2299;2300;3566;3568;3790;3791;3792;3793;4000;4001;4148;4151;4153;4663;4848;4866;5243;5244;5937;6051;6052;6053;6054
9;68;136;193;195;196;197;198;222;297;466;467;472;496;497;498;499;500;501;502;503;504;505;506;507;508;509;510;516;697;1041;1042;1043;1131;1133;1145;1146;1172;1323;1324;1437;1438;1492;1543;1622;1623;1624;1625;1648;1649;1650;1651;1652;2331;2332;2523;3397;3638;3639;3711;3788;3989;3995;3996;4128;4132;4133;4134;4154;4155;4156;4157;4158;4159;4160;4161;4162;4163;4164;4165;4166;4167;4477;4478;4479;4540;4541;4577;4578;4664;4739;4740;4771;4814;4849;4850;4851;4869;4870;4871;5261;5262;5344;6004;6049
173;223;296;306;310;312;960;1121;1132;1141;1142;1143;1144;1148;1149;1151;1152;1153;1154;1155;1156;1160;1161;1162;1165;1168;1224;1662;1663;1664;1670;1671;1672;1673;1676;3616;4005;4006;4033;4034;4035;4042;4046;4047;4048;4049;4417;4537;4550;4551;4552;4553;4555;4556;4558;4559;4560;4561;4562;4563;4567;4568;4569;4570;4571;4572;4600;4601;4868;4873;4874;4875;4876;4877;4878;4879;4882;5968
144;145;868;3317;3978
1213;1939;1941;2922;3742;4302;4737;5038;5549
745;994;1027;1029;1212;1248;1249;1250;1251;1351;1352;1825;1826;1827;1933;1940;2531;3223;3706;4468;4469;4470;4548;4610;4611;4612;4960;5036;5349;5350
259;260;261;262;264;265;266;267;268;277;291;585;586;587;1184;1185;1194;1309;1322;1349;1464;1703;1704;1705;1785;1786;1787;2112;2113;2114;2115;2120;2121;2122;2123;2124;2180;2181;2357;2621;2918;2919;2920;2921;2944;2945;2946;2947;2948;2972;2973;2974;3053;3054;3055;3069;3181;3310;3311;3312;3389;3390;3427;3428;3436;3437;3444;3460;3461;3462;3469;3470;3490;3495;3496;3538;3550;3809;3822;3823;3825;3826;3827;3828;3831;3835;4020;4021;4022;4023;4024;4025;4220;4584;4585;4894;4938;5156;5157;5158;5159;5545;5546;5547;5548;5561;5562;5563;5564;5565;5699;5860;5870;5871;5872;5977;6078
275;276;278;279;280;281;282;283;284;285;286;287;288;289;290;315;317;913;914;932;933;934;1000;1001;1002;1147;1150;1266;1267;1396;1397;1398;1399;1458;1459;1460;1462;1463;1852;2315;2500;2519;2596;2597;2598;2599;2600;2601;2602;2603;2604;2651;2727;2871;3097;3183;3426;3580;3633;4030;4031;4051;4382;4394;4448;4449;4554;4557;4713;4714;4715;4757;5249;5250;5335;5343;5379;5380;5381;5382;5383;5384;5385;5386;5411;5412;5534;5852
212;213;214;331;608;609;610;611;643;759;769;897;898;899;900;999;1003;1004;1005;1006;1264;1265;1268;1344;1345;1736;1737;2169;2170;2171;2172;2173;2174;2571;2572;2573;2721;2725;2726;2885;2886;2887;2888;2889;2890;2891;2892;2893;2957;2971;2994;3033;3034;3035;3044;3093;3094;3184;3189;3190;3196;3234;3236;3329;3330;3424;3438;3439;3483;3484;3485;3494;3607;3608;3751;3856;4003;4231;4232;4624;4625;4626;4678;4913;4914;5177;5178;5370;5533;5588;5608;5729;5861;5883;5884;5885;5962;6102
182;183;345;346;347;768;1461;1503;1585;1738;1739;1741;1753;1754;1757;1758;1759;2988;2989;3046;3195;3702;3802;3863;3864;3993;4064;4065;4321;4322;4836;4855;4856;4857;4915;4916;4917;4922;4923;4926;4927;4928;5609;5704;6002;6106;6107
489;847;848;849;850;851;852;859;860;861;862;1491;1619;1631;1632;1634;1635;1641;1645;1646;1647;1653;1654;1655;1656;2106;2146;2147;3036;3037;3045;3386;3387;3388;3393;3394;3395;3396;3401;3405;3567;3794;3795;3796;3855;4349;4351;4352;4773;4865;5152;5170;5171;5830;5832;5833;6055;6061
161;162;400;406;407;408;409;448;473;1181;1481;1482;1490;1722;1723;2057;2058;2313;3294;3295;3640;3745;3747;3984;4105;4106;4107;4114;4766;4767;4772;4867;4907;4908;5780
13;22;391;392;393;399;401;402;403;404;405;410;664;961;1357;1358;1359;1434;1746;1747;1750;1751;1752;1755;1756;1947;1949;1950;1987;1988;1989;2055;2904;3612;3613;4097;4098;4099;4103;4104;4269;4685;4686;4920;4921;4924;4925;4931;5041;5068;5540;5800
958;959;1364;1365;1366;1367;1368;1369;1372;1373;1374;1386;1433;1435;1763;1764;1765;1948;2513;2550;2551;2959;3113;3114;3116;3117;3118;3245;3415;3709;3715;3882;3890;3891;3892;3893;4416;4690;4691;4692;4693;4694;4695;4697;4698;4699;4735;4736;4738;4929;4930;5342;5361;5362;5575;5648;5649;5651;5652;5653;5738;5739;5740;6003;6119;6121;6122;6123;6124
892;893;894;1292;1339;1340;1342;1347;1348;1436;2895;2896;3224;3247;3258;3322;3659;3918;4674;4675;4676;4677;4679;5535;5536;5749;5986;6005
351;352;353;459;461;683;1022;1023;1028;1290;1350;1371;2076;3102;4067;4068;4069;4123;4124;4125;4376;4463;4464;4642;4644;4681;4682;5134
244;245;246;263;1017;1049;1072;1191;1192;1193;1583;1700;1701;1702;1999;2000;2014;2018;2019;2020;2021;2022;2023;2032;2033;2034;2035;2037;2038;2041;2042;2043;2044;2045;2046;2080;2108;2111;2116;2117;2118;2119;2205;2206;2207;2208;2620;2622;2623;2624;2625;3004;3180;3313;3314;3315;3407;3408;3442;3443;3466;4012;4481;4482;4483;4502;4588;4589;4590;4834;5078;5092;5093;5094;5095;5096;5098;5099;5100;5101;5103;5104;5105;5106;5107;5108;5109;5110;5111;5112;5117;5138;5155;5791;5839;5840;5862;5863;5923
18;219;316;912;915;916;1016;1047;1048;1493;1494;1495;1496;1497;1499;1628;1629;1848;1851;1857;1858;1862;1863;1864;1865;1875;1876;1877;1878;1879;1880;1884;1935;1936;1937;2015;2040;2051;2109;2110;2215;2216;2217;2218;2261;2262;2263;2489;2496;2615;2616;2617;2618;2619;2821;2822;2868;2869;2870;2872;2873;2875;2996;2997;2998;3095;3120;3121;3177;3217;3218;3219;3288;3320;3866;4774;4775;4776;4777;4778;4853;4854;4978;4979;4981;4982;4983;4987;4988;4989;4990;4998;4999;5000;5001;5002;5003;5004;5005;5088;5089;5154;5221;5222;5331;5392;5393;5394;5487;5488;5489;5521;5522;5523;5524;5525;5526;5528;5631;5655;5656;5657;5698;5717
4;17;151;152;153;366;367;616;617;618;630;631;632;633;634;635;754;756;757;1343;1696;1698;1699;1840;1841;1842;1843;1844;1845;1846;1847;1849;1850;1856;1874;1888;1889;1890;2010;2012;2589;2627;2628;2629;2630;2635;2749;2753;2754;2755;2760;2761;2762;2763;2824;2995;3059;3079;3096;3169;3221;3222;3910;4004;4081;4082;4083;4235;4236;4237;4249;4250;4251;4252;4314;4315;4316;4317;4318;4319;4320;4891;4892;4893;4970;4971;4972;4973;4975;4976;4977;5008;5086;5087;5398;5399;5403;5454;5719
12;19;87;88;90;91;199;247;248;249;252;254;293;294;348;442;443;444;445;755;758;760;767;923;924;1581;1582;1630;2011;2013;2125;2126;2127;2131;2132;2133;2326;2327;2328;2329;2333;2334;2336;2529;2543;2691;2741;2748;2750;2751;2817;2818;2953;2954;2955;2956;3406;3634;3635;3636;3637;3723;3724;3726;3901;3915;3946;3947;4013;4014;4015;4032;4386;4387;4832;4833;5160;5161;5162;5166;5167;5258;5259;5260;5263;5264;5266;5348;5401;5453;5484;5485;5569;5570;5571;5572;5730;5838;6007;6008
7;208;436;636;638;639;657;659;660;839;840;843;844;845;846;856;857;858;1633;1636;1730;1930;1931;2226;2314;2586;2587;2690;2704;2705;2902;4253;4254;4350;4858;4859;4860;5033;5034;5434;5435;5539
163;394;395;396;397;449;450;452;637;645;646;647;1180;1182;1183;1202;1729;1731;1732;1824;2056;2733;2897;2903;2905;2906;2907;2908;2909;2934;2935;3625;3689;3744;3746;4100;4101;4115;4116;4117;4258;4259;4260;4261;4582;4583;4959;5541
110;111;112;113;719;720;830;831;832;954;955;1060;1061;1260;1276;1277;1278;1307;1308;1745;1955;1956;2874;2876;3337;3952;3953;3954;3955;4343;4413;4494;4634;4653;4918;4919;5527;5529
438;439;440;721;1256;1257;1258;1259;1261;1306;1320;1321;1385;1807;2277;3246;3416;3417;4112;4113;4617;4618;4619;4620;4621;4661;4708;4709;4946;5267;5846;5847;5848;6011
20;175;176;177;178;179;180;354;355;357;358;359;360;361;363;364;368;369;371;372;373;374;375;377;378;379;441;665;1341;1346;1353;1354;1355;1383;1384;1387;1740;1951;2399;2977;3256;3257;3323;3725;3732;3904;3990;3991;3992;4070;4071;4072;4073;4074;4075;4076;4077;4078;4079;4080;4084;4085;4086;4087;4088;4089;4090;4091;4092;4093;4270;4683;4710;5580;5747;5748;6132
0;1;53;54;86;137;138;139;146;149;150;155;167;168;169;170;171;172;181;239;271;272;274;460;684;685;689;713;752;785;786;788;820;1108;1109;1546;1547;1665;1666;2075;2451;2452;2482;2483;2611;3101;3452;3569;3819;3985;3986;3987;3988;4028;4276;4277;4278;4282;4817;4818;4819;4820
250;251;826;883;884;885;895;896;1177;1178;1179;1330;1331;1498;1795;1799;1800;1801;1898;1952;1953;1954;1959;1962;1967;1970;1971;1972;1973;1977;1978;1981;1982;1983;1984;1985;2039;2077;2078;2079;2248;2249;2494;2497;2636;2656;2657;2744;2746;2747;3202;3203;3207;3328;3332;3333;3334;3336;3344;3467;3468;3646;3899;4016;4017;4369;4370;4371;4377;4378;4379;4580;4581;4665;4666;4942;4943;4944;5042;5043;5044;5048;5051;5055;5057;5058;5061;5062;5063;5064;5065;5066;5135;5136;5137;5334;5413;5414;5452;5706;5707;5708;5709;5711;5806;5873;5981;6050
15;338;339;340;341;615;715;716;717;718;1429;1430;1431;1432;1500;1501;1502;1504;1590;1591;1592;1593;1594;1781;1782;1783;1784;1788;1789;1790;1791;1794;1796;1797;1798;1832;1833;1834;1836;1837;1838;1839;1897;1944;1945;1979;1980;1993;2244;2246;2247;2250;2251;2252;2253;2254;2257;2258;2259;2260;2273;2274;2275;2276;2359;2360;2373;2396;2562;2563;2564;2626;2631;2632;2745;2820;3052;3122;3208;3210;3211;4062;4063;4300;4301;4733;4734;4779;4780;4781;4782;4783;4784;4936;4937;4939;4940;4941;4963;4964;4965;4966;4967;4968;4969;5011;5213;5214;5215;5216;5219;5220;5231;5232;5233;5284;5295;5366;5367;5395;5396;5397;5491;5613;5712
27;200;201;292;320;365;603;604;605;606;607;612;613;614;619;620;621;622;623;624;625;626;627;628;629;1584;1586;1808;1809;1810;1812;1835;1885;1886;1887;1891;1892;1894;1928;2633;2634;3850;3997;3998;3999;4229;4230;4233;4234;4238;4239;4240;4241;4242;4243;4244;4245;4246;4247;4248;4835;4837;4947;4948;4949;4950;4951;4974;5006;5007;5009;5010;5400;5402;5451;5538;5650;6097
89;321;322;323;925;1171;1811;2298;2330;2541;2542;2740;2756;2757;2758;4056;4057;4058;5357;5358;5455;5456;6006
432;434;435;437;855;1026;1057;1169;1170;2091;2092;2134;2135;2136;2137;2297;2339;2340;2341;2371;2372;2613;3547;3548;3549;3552;3727;4111;4576;5142;5168;5169;5268;5269;5270;5389;5390;5928;5929;5983
132;133;134;135;194;206;207;431;451;644;662;663;666;811;1018;1019;1024;1038;1039;1189;1200;1201;1240;1244;1245;1606;1608;1823;2095;2307;2308;2444;2646;3335;3551;3563;3564;3623;3624;3654;3971;3972;3973;3974;4459;4460;4465;4608;4844;4845;4958;5143;5248;5799;5930;5931;5975
158;159;667;670;1040;1605;1821;1822;1828;2879;3411;3980;3981;3982;4102;4955;4956;4957;5045;5046;5842
141;376;384;385;668;669;676;678;679;682;739;740;753;1297;1298;1312;1313;2337;2877;2878;2961;3191;3192;3193;3199;3414;3656;4094;4274;4311;4649;4654;4662;5530;5531;5532;5703;5713;5984
174;356;362;370;386;463;681;751;761;762;763;764;765;766;771;772;773;774;775;776;777;778;814;834;853;854;1253;1254;1255;1390;1544;1545;1549;2024;2851;2854;2855;2856;2857;2858;2859;2860;2861;2862;2863;2942;2962;2963;2964;2990;2991;2992;2993;3197;3198;3511;3512;3661;4324;4325;4344;4615;4616;4815;4816;5509;5510;5511;5512;5513;5514;5515;5516;5576;5584;5585;5586;5587;5705;5901;5902;5903
76;77;78;154;156;164;165;166;220;221;462;464;465;800;801;802;803;805;809;810;815;816;818;819;821;822;825;833;1037;1288;1289;1291;1296;1360;1388;1389;1548;1938;2943;3644;3803;4126;4127;4639;4640;4641;4643;4648;4711;5037
700;702;703;707;708;710;1241;1242;1243;1455;1609;1610;1611;1616;1617;1871;1872;1873;1905;1906;1907;1908;1909;1910;1911;2004;2005;2006;2007;2240;2243;2363;2364;2365;2700;2702;2703;2706;2707;2712;2713;3030;3031;3200;3201;3345;3392;3487;3491;3493;3789;4288;4289;4293;4294;4607;4846;4847;4995;4996;4997;5015;5016;5017;5018;5019;5020;5021;5082;5083;5209;5283;5442;5443;5444;5604;5831;5886;5889;6120
642;701;709;824;837;890;1096;1098;1140;1595;1596;1597;1598;1600;1601;1733;1734;1895;1896;1994;1995;2151;2192;2193;2194;2196;2242;2245;2565;3115;3185;3204;3205;3209;3214;3380;3381;3384;3385;3449;3450;3453;3605;3884;4340;4516;4517;4518;4838;4839;4840;4841;4910;4911;4912;5072;5073;5074;5184;5185;5211;5212;5710;5825;5826;5828;5829;5960
28;29;94;835;838;1599;1735;1893;1927;1929;2278;2279;2280;2479;2539;2540;2567;2568;2731;2734;2735;2736;2766;2767;2899;2900;2901;2979;3186;3458;3565;3682;3703;3713;3920;4345;4347;4348;5030;5031;5032;5234;5235;5355;5356;5369;5447;5458;5701;5702;5936
42;227;228;229;230;231;232;233;237;238;253;318;319;807;808;1186;1187;1401;1402;1406;1407;1408;1724;1725;2093;2544;2545;2546;2696;2710;2732;2742;2743;3040;3041;3182;3457;3459;3541;3544;3545;3546;3553;3561;3562;3694;3695;3851;3852;3853;4052;4053;4054;4055;4336;4337;4338;4716;5440;5566;5869;6000;6098;6099;6100
108;109;123;124;125;126;433;806;926;927;928;929;930;931;1025;1050;1051;1052;1053;1056;1058;1059;1400;1922;1923;2612;2949;3542;3543;3748;3800;3854;3949;3950;3951;3964;3965;3966;3967;4388;4389;4390;4391;4392;4393;4466;4467;4484;4485;4486;4487;4490;4491;4492;4493;5026;5734;5926;5927;6016;6058;6059;6101
107;812;813;1190;1607;2367;2368;2443;2445;2446;2459;2647;2648;2925;2927;3627;3660;3662;3667;4587;4606;4829;5027
114;115;116;117;140;157;398;589;590;863;864;865;1411;1412;1413;1414;1415;1577;1820;2220;2234;2235;2322;2323;2324;2325;2348;2350;2405;2448;2449;2458;2561;2823;2926;3023;3024;3025;3026;3027;3028;3029;3032;3109;3366;3371;3876;3956;3957;3958;3959;4221;4222;4223;4720;4721;4722;4723;4961;5203;5204;5256;5257;5265;5276;5277;5490;5598;5599;5600;5601;5602;5603;5605;5817;5819;5841;5845;6108
16;118;119;120;121;130;131;142;588;1089;1417;1418;1419;1420;1422;1423;1424;1425;1428;1474;1476;2219;2335;2342;2343;2347;2381;2382;2383;2837;2838;2839;2841;3075;3108;3111;3112;3212;3232;3410;3423;3429;3528;3529;3739;3917;3960;3961;3962;3963;3969;3970;3975;3976;3977;4508;4724;4725;4726;4727;4728;4729;4730;4732;5194;5195;5271;5272;5285;5286;5287;5347;5496;5497;5498;5507;5628;5643;5644;5646;5647;5851;5918;6013
1439;1440;1442;1443;1450;1451;1453;1454;1475;1511;1512;1513;1514;1518;1519;1520;1521;1522;2414;2737;2738;2739;2772;2776;2780;2794;2803;2840;2842;2843;2844;2845;2846;2847;2848;2849;2850;3050;3051;3057;3058;3060;3061;3062;3063;3064;3065;3066;3067;3068;3073;3074;3430;3431;3432;3433;3434;3510;3697;4741;4742;4743;4744;4745;4746;4754;4755;4763;4789;4790;4791;4792;4793;4794;4795;4796;4797;5448;5449;5450;5460;5462;5463;5474;5480;5499;5500;5501;5502;5503;5504;5505;5506;5508;5611;5614;5615;5616;5617;5618;5619;5620;5621;5622;5623;5624;5627;5853;5854;5855;5856;5857;5858;6001
750;804;817;829;866;1012;1014;1015;1444;2070;2071;2950;3126;4455;4457;4458;5659
188;189;190;191;192;388;389;390;1304;1416;1678;1901;1902;1903;1904;2374;2375;2377;2378;2379;2697;2698;2699;2701;2717;2718;3123;3124;3127;3128;3129;3130;3131;3132;3133;3134;3135;3136;3137;3138;3141;3142;3143;3144;3145;3148;3150;3172;3187;3188;3213;3220;3225;3226;3227;3228;3229;3230;3445;3464;3465;3492;3525;3647;4095;4096;4652;5013;5014;5441;5660;5661;5662;5663;5664;5666;5667;5668;5669;5671;5714;5718;5720;5721;5722;5723;5724;5725;5888;6091
677;744;889;891;901;902;903;905;940;941;942;950;1677;1679;1680;1681;1969;1986;2148;2149;2150;2195;2284;2285;2286;2287;2376;2380;2460;2461;2552;2554;2605;2606;2607;2983;2984;2985;2986;3215;3216;3273;3274;3275;3276;3277;3278;3279;3280;3463;3500;3501;3502;3503;3504;3505;3506;3843;3844;3845;3846;3847;3848;3849;4375;4380;4381;4399;4400;4401;4407;4409;4410;4546;4547;4549;4883;4884;4885;5056;5059;5067;5172;5173;5715;5716;5763;5764;5765;5766;5767;5768;5892;5893;5894;5895;5896;5897;6092;6093;6094;6095;6096
92;93;95;96;97;98;240;241;242;243;741;742;743;948;1097;1138;1139;1247;1404;1477;1483;1484;1485;1486;1694;1695;1768;2212;2213;2214;2471;2472;2473;2474;2475;2476;2477;2480;2481;2637;2638;2639;2640;2641;2642;2643;2644;2670;2708;2711;2773;2774;2898;2980;2981;2982;4312;4313;4717;4718;4719;4768;4769;4770;4890;5323;5324;5325;5326;5327;5363;5404;5405;5406;5407;5408;5409;5410;5461;5537;5581;5582;5583;5658
61;63;64;234;791;1246;1403;1602;1603;1726;1727;1728;1829;1830;1831;2198;2199;2200;2203;2352;2466;2578;2579;2580;2614;2709;3125;3248;3350;3403;3602;3783;3872;3939;3940;4609;4842;4843;4909;4962;5187;5188;5189;5190;5191;5192;5193;5373;5391;5700;5741;5837;5957;6111
24;25;26;36;37;39;40;41;334;335;337;342;343;344;546;547;548;549;550;551;600;601;602;653;655;935;936;1325;1506;1604;1661;2029;2030;2031;2201;2202;2204;2369;2426;2427;2438;2439;2456;2457;2782;3241;3348;3349;3364;3365;3376;3391;3425;3530;3554;3555;3556;3557;3628;3629;3630;3631;3632;3676;3677;3678;3693;3735;3797;3799;3804;3805;3860;3865;3868;3928;4395;5465;5932;5976;5991;5992;5993;6056;6057;6062;6063
11;654;1391;1392;1393;1395;1505;1572;1573;1574;1575;1576;1578;1579;1580;1657;2783;2829;2830;3801;3824;3914;4712;4785;4825;4826;4827;4828;4830;4831;5494;5495;6060;6077
14;83;84;85;598;1682;1683;1684;1685;1686;1687;1688;2048;2072;2074;2090;2264;2265;2266;2267;2268;2270;2272;2319;2320;2321;2440;2441;2442;2536;3008;3021;3022;3331;3513;3537;3869;3870;3871;3873;3877;3916;3945;4613;4886;5131;5132;5133;5223;5224;5225;5226;5227;5251;5252;5253;5254;5255;5314;5315;5316;5596;5597;5798;5904;5922;6109;6110;6112;6114;6115
414;415;416;417;428;595;596;597;599;747;748;749;1087;1088;1210;1211;1410;1421;1426;1427;1912;1913;1916;1917;2209;2210;2211;2271;2317;2318;2349;2404;2514;2527;2537;2771;2827;2828;2987;3009;3087;3088;3231;3321;3712;4226;4227;4228;4509;4510;4511;4731;5097;5229;5230;5302;5345;5492;5493;5635;5726;5727
3;423;424;425;426;427;1090;1104;1114;1115;1122;1409;1441;1445;1446;1447;1448;1449;1452;1530;2344;2345;2346;2779;2781;2784;2788;2789;2790;2791;2792;2793;2795;2796;2802;2910;2916;3351;3641;3763;3862;3909;4108;4110;4525;4532;4680;4747;4748;4749;4750;4751;4752;4753;4804;5273;5274;5275;5308;5464;5466;5468;5469;5470;5471;5472;5473;5475;5476;5479;5543;5612;5978;6026;6027
43;411;412;413;418;419;446;989;1113;1120;1124;1125;2501;2502;2503;2504;2505;2506;2507;2508;2528;2664;2687;2689;2752;2951;2952;3206;3705;3820;3885;3889;5336;5338;5339;5567;5568
387;468;469;470;474;475;476;688;1223;1234;1235;1236;1238;1305;1998;2001;2003;2008;2016;2068;2069;2509;2510;2511;2512;2645;3038;3110;3119;3146;3147;3149;3151;3152;3153;3154;3155;3156;3157;3158;3159;3160;3161;3162;3163;3164;3165;3166;3167;3168;3170;3171;3173;3174;3175;3176;3237;3238;3239;3240;3242;3249;3250;3251;3252;3253;3254;3255;3259;3260;3261;3262;3263;3264;3265;3266;3267;3268;4129;4130;4131;4135;4136;4279;4280;4281;5084;5129;5130;5340;5341;5606;5645;5654;5670;5672;5673;5674;5675;5676;5677;5678;5679;5680;5681;5682;5683;5684;5685;5686;5687;5688;5689;5690;5691;5692;5693;5694;5695;5696;5697;5731;5732;5733;5735;5742;5743;5744;5745;5746;5750;5751;5752;5753;5754;5755;5756;5757;5758;5759
8;686;1066;1067;1569;1587;1589;1942;1943;1946;1975;1976;1990;1991;1992;1996;1997;2002;2009;2017;2065;2066;2067;2129;2153;2294;2295;2296;2431;2432;2433;2434;2453;2454;2455;2467;2468;2469;2487;2488;2495;2524;2553;2555;2556;2557;2558;2825;2826;3140;3235;3244;3269;3270;3271;3272;3282;3404;3673;3750;3900;3906;3912;4499;4500;5039;5040;5060;5069;5070;5071;5075;5076;5077;5079;5080;5081;5085;5090;5091;5127;5128;5139;5241;5242;5321;5329;5330;5364;5365;5665;5736;5737;5760;5761;5762;6017
951;1077;1078;1079;1084;1085;1086;1379;1380;1405;1478;1479;1480;1508;1509;1510;1568;1570;1571;1693;1766;1767;1925;1926;2463;2464;2465;2470;2775;2930;2940;2941;3099;3100;3243;3281;3648;3649;3650;3671;3672;4507;4703;4704;4705;4706;4764;4765;4786;4787;4788;4821;4822;4823;4824;4932;4933;4934;4952;5028;5029;5163;5164;5165;5319;5320;5322;5638;5639;5769;5770;5775;5982;5990
23;62;336;789;790;792;977;1080;1081;1381;2421;2422;2936;2937;2938;3296;3298;3299;3301;3343;3346;3347;3377;3402;3421;3440;3441;3454;3471;3472;3473;3573;3626;3651;3652;3653;3655;3668;3669;3670;3730;3731;3776;3886;3887;4504;5557;5558;5559;5783;5784;5867;5874;5875;5876;5989;6010
798;937;938;939;943;944;945;946;947;952;957;996;997;998;2303;2304;2305;2351;2804;3342;3539;3675;4396;4397;4398;4402;4403;4404;4405;4406;4411;4412;4414;4415;4445;4446;4447;5245;5246;5247;5278;5279;5481;5804;5805;5807;5808;5809;5866;6038;6044;6045
80;81;793;794;795;796;797;799;953;1217;1218;1219;1487;1488;1489;1658;1659;1660;1881;1882;1883;2338;3540;3570;3571;3714;3716;3717;3718;3720;3721;3722;3736;3740;3761;3762;4331;4332;4333;4334;4335;4872;5924;5925
79;922;992;993;1010;1011;1013;2047;2049;2050;2054;2059;2060;2061;2062;2063;2064;2073;2089;2107;2159;2239;2241;2255;2256;3080;3081;3082;3603;3604;3606;3609;3610;3611;3614;3859;4443;4444;4453;4454;4456;5113;5114;5115;5121;5122;5123;5124;5125;5126;5174;5175;5208;5210;5217;5218;5632;5633;5634;5961;5963;5964;5965;5966
1336;1540;1542;1707;1711;1713;1714;2036;2158;2525;2939;3327;3535;3536;4895;4896;4901;4902;5102;5116;5353;5354;5560;5920;5921
1046;1523;1526;1527;1528;1529;1531;1532;1533;1534;1535;1536;1537;1538;1539;1541;1706;1720;1721;3353;3642;3643;3755;3756;3757;3758;3759;3764;3765;3766;3767;3768;3769;3770;3771;3772;3777;3778;3779;3780;3781;3786;3787;3807;3808;3810;3811;3812;3813;3814;3815;3816;3817;3818;3821;4800;4801;4802;4803;4805;4806;4807;4808;4809;4810;4811;4812;4813;5979;6020;6021;6022;6023;6024;6025;6028;6029;6030;6031;6032;6033;6034;6039;6040;6041;6042;6043;6046;6047;6048;6065;6066;6067;6068;6069;6070;6071;6072;6073;6074;6075
447;578;579;584;964;965;966;969;970;971;972;973;974;980;981;982;983;984;985;986;987;988;990;991;1123;1126;1127;1128;1129;1130;1273;1274;2498;2499;2518;2662;2663;2777;2778;2831;2832;3369;4216;4420;4421;4422;4424;4425;4426;4427;4428;4429;4435;4436;4437;4438;4439;4440;4441;4442;4538;4539;4614;4632;5337
215;216;217;218;255;256;258;269;349;350;687;723;770;827;963;1020;1021;1222;1237;1239;1627;1899;1900;2094;2096;2221;2302;2417;2418;2429;2430;2649;2652;2653;2654;2655;2669;2673;2674;2932;2958;2960;3139;3307;3558;3559;3560;3674;3696;3728;3729;3752;3760;3857;3880;3881;3883;4018;4026;4027;4066;4303;4323;4341;4342;4461;4462;5012;5309;5421;5422;5574;5933;5934;5935;6103;6104;6118
225;226;270;650;651;652;906;1076;1588;1674;1817;1818;1819;1932;2086;2087;2088;2130;2152;2154;2155;2182;2183;2423;2424;2447;2462;2478;2526;3456;3858;3907;4007;4008;4009;4262;4263;4264;4265;4266;4880;4881;5035;5140;5141;5181;5182;5196;5311;5312;5317;5346;5868;6134
47;50;1924;2128;2425;2931;3103;3104;3105;3283;3284;3285;3286;3287;3289;3290;3293;3302;3303;3304;3413;3645;3829;3830;4862;5554;5555;5640;5641;5642;5771;5772;5773;5774;5776;5777;5779;5785;5786;5787;5788;5980;6079
2;46;48;49;104;105;106;127;129;147;148;968;975;976;979;1135;1136;1315;1319;1378;1640;1667;2097;2098;2099;2714;2715;2716;2719;2720;3297;3300;3306;3308;3455;3908;3930;3931;3932;3933;3934;3948;3968;3979;4019;4036;4423;4430;4431;4543;4544;5144;5145;5445;5446;5781;5782;5789;5801;5802;6009
298;420;421;422;956;978;1456;1457;1915;1918;3339;3340;3684;3733;3734;3773;3774;3775;3782;3784;4109;4432;4433;4434;4756;5024;5239;5997;6012;6035;6036;6037
5023
21;724;725;726;904;907;908;917;918;919;921;2052;2053;2100;2101;2102;2103;2105;2236;2237;2238;3522;3523;3527;3600;3601;3919;4304;4305;4306;4383;4384;4385;5118;5119;5120;5146;5147;5148;5149;5150;5151;5153;5205;5206;5207;5814;5815;5913;5914;5915;5917;5955;5956;5958;5959
690;1337;1710;1712;1716;1717;2104;3325;3326;3357;3361;3363;3509;4671;4672;4673;4898;4899;4900;4903;4904;4905;5795;5796;5797;5816
554;1044;1045;1174;1176;1196;1197;1335;1338;1524;1525;1708;1709;1715;1718;1719;3352;3354;3355;3356;3785;3806;4480;4579;4591;4593;4670;4798;4799;4897;4906;5810;5811;6064;6076
542;543;545;552;553;555;556;559;569;570;571;572;573;574;575;576;577;1175;1198;1199;1203;1220;1221;1226;1227;1228;1233;1252;1263;1269;1270;1271;1272;1275;4197;4198;4199;4200;4201;4210;4211;4212;4213;4214;4215;4219;4594;4598;4599;4602;4603;4604;4605;4623;4627;4628;4629;4630;4631;4633
828;962;1007;1008;1009;1376;2665;2666;2667;2668;2671;2672;2853;2933;3341;3874;4418;4419;4450;4451;4452;5418;5419;5420;5552;5556;5803
6;224;303;304;305;648;649;656;712;714;779;780;781;783;784;787;823;1118;1119;1375;1377;1382;1675;2574;2575;2681;2759;2852;2866;2928;2929;3875;3878;3879;3911;4039;4040;4041;4267;4298;4299;4326;4327;4328;4329;4330;4339;4535;4536;4700;4701;4702;4707;5371;5457;5553;6113;6116;6117
33;122;160;782;1204;1205;1206;1207;1637;1638;1639;2281;2282;2283;2402;2403;2450;2675;2676;2677;2678;2679;2680;2682;2864;2865;2867;3412;3476;3477;3478;4595;4596;4861;4863;4864;5236;5300;5301;5318;5423;5424;5425;5426;5427;5428;5429;5517;5518;5519;5520;5843;5844;5879;5880;5881;6080
30;31;32;34;35;38;44;45;128;1314;1316;1317;1318;1626;2140;2141;2142;2157;3921;3922;3924;3925;3926;3927;3929;3983;4655;4656;4657;4658;4659;4660;4852
52;257;299;300;301;302;909;910;911;920;1668;1669;1697;1769;1770;1771;1779;1919;1920;1921;2138;2139;2143;2144;2156;2288;2289;2290;2291;2292;2293;2306;2309;2310;2311;2312;2366;2522;2585;2722;2723;2724;2923;2924;3233;3737;3738;4037;4038;5025;5237;5238;5240;5550;5551;5728
51;1914;3935;3936;5022
519;730;2228;2229;2230;2231;3507;3508;3515;3516;3524;4297;4310;5199;5200;5201;5202;5836;5859;5906;5907
661;693;694;696;704;705;706;711;727;728;729;1328;1329;3324;3362;3399;3435;3451;3514;3526;4268;4283;4284;4286;4287;4290;4291;4292;4295;4296;4307;4308;4309;5794;5813;5865;5898;5899;5900;5905;5916
658;691;692;695;1195;1208;1332;1333;1334;2515;2516;2517;2805;2806;2807;2808;2809;2810;2812;2813;2814;2815;2816;2833;2834;2835;2836;2965;2966;3358;3359;3360;3375;3418;3419;3474;3475;3517;3518;3519;3520;3521;3586;3587;3598;3599;3683;3888;3913;4285;4592;4667;4668;4669;5482;5483;5577;5578;5812;5877;5878;5908;5909;5910;5911;5912;5949;5950;5953;5954
10;541;544;557;558;560;561;562;563;564;565;580;581;582;583;1209;1214;1215;1216;1262;1780;2811;3383;3719;3896;3897;3898;4202;4203;4204;4205;4206;4217;4218;4597;4622;4935;6127;6128;6129
