2818,530
2417,1890
2188,1796
2416,6054
2560,3690
1303,7466
2429,2326
5835,976
1624,3729
4165,758
508,584
1625,853
1438,3080
4478,4349
3788,12322
467,3463
4129,1298
6050,2884
3640,3180
407,6838
408,30930
409,4575
4106,6331
3352,5514
1721,1639
1543,815
4812,1194
1538,13
4810,192
1539,181
3759,20
1533,822
4805,1069
3766,62
1529,2216
4802,815
1530,674
1122,118
1114,779
4533,509
2346,1255
1447,647
4748,484
1442,913
4740,427
1515,775
1443,1392
4745,516
817,127
820,110
810,87
3645,3802
463,497
4127,771
1391,214
4710,390
466,250
1549,3223
154,247
2612,237
78,122
3009,1653
1011,1442
5966,265
3612,230
5967,330
3081,164
3082,162
5635,165
5218,173
3083,461
2074,731
5905,2625
5923,893
598,284
2988,601
595,235
4227,444
599,9465
4229,11029
3088,951
5346,1898
2525,1714
4111,1138
428,605
429,3380
2915,1839
842,1272
841,1709
2894,977
2914,3061
1934,6900
4272,1495
670,4679
747,1284
289,2083
2729,666
3634,4973
3070,5328
2362,7494
3437,1768
3311,426
2948,2060
2947,1901
2946,184
5159,564
2123,1389
5564,1549
2921,2280
4895,365
331,166
237,637
4009,157
2592,1280
4058,526
1760,13
2317,92
3890,443
1434,823
1436,4736
1941,795
1939,808
5039,2084
1940,1238
3742,995
1859,1023
4986,306
3490,399
6126,1110
6127,2033
3666,333
3247,1079
1370,330
1367,172
4689,169
2551,79
5343,204
5652,402
2891,127
3048,23
2768,434
5460,410
4636,3148
1282,2281
3753,580
6019,924
3480,1003
1854,3936
5377,1861
1959,1564
735,10918
2591,7980
1616,7497
2486,731
5329,1671
3839,3688
6088,2054
6089,175
3342,3290
1009,380
4451,135
963,356
964,1168
4420,874
828,294
771,473
1247,3075
235,1215
1187,1613
3694,625
230,286
6100,3487
3851,8263
3695,2724
6001,2359
319,1588
1403,7308
322,1479
4055,1475
5567,702
3543,173
6102,1279
2613,1109
5390,989
3854,638
2949,685
2696,109
4057,2457
1171,12591
2092,1529
436,223
435,3692
2372,6583
2340,1254
5271,667
5930,191
5984,748
1823,228
1018,89
5800,2883
5172,482
2149,1734
676,1004
3124,1634
3125,681
3143,2760
5664,1693
3136,408
4096,1837
2017,524
1970,1690
5057,2541
1976,3199
4400,1199
941,1032
4402,842
943,699
3279,560
3280,1686
3278,996
5768,476
5764,1620
3274,695
745,1180
742,1000
2773,421
2475,1744
2477,1297
2482,1183
5328,2094
1486,2397
4769,1589
1484,1474
2709,317
3336,2231
5553,2523
5804,2756
4324,198
3730,743
2932,223
3874,103
2221,76
648,357
4263,2650
649,152
6114,3749
4706,3445
1383,1468
5554,1339
6118,100
784,2418
4329,1281
782,942
2681,283
1206,5597
715,55
303,186
4040,30
3875,1418
4266,753
2448,279
3457,1813
5869,1574
2089,1210
2087,3233
5139,6147
1932,843
5036,476
2456,1337
2154,6147
1589,2756
2479,450
2130,1648
5164,4578
2129,2384
5163,1351
3101,440
5640,1946
1926,2037
5030,368
4411,252
4933,44
5767,23
3277,29
906,38
3244,320
1570,270
4823,777
3650,1177
3100,3789
1380,4838
4705,790
5558,5130
4704,1633
5559,534
3670,2549
24,227
3652,1071
3654,2162
3349,3333
3377,1987
343,200
3661,2707
3799,6437
5026,1495
1923,566
5027,920
2447,12216
2368,10559
1200,11131
4829,1590
1579,1226
1578,4683
6109,8539
6110,188
6113,619
2090,1429
3534,544
3107,853
1090,233
479,1401
4139,1890
478,78
4144,528
484,323
4150,1980
2662,368
5417,304
2684,1420
5431,1890
5333,2450
5433,26
2695,628
519,425
5440,271
513,385
4176,315
518,224
4515,2464
4521,642
1069,1435
3895,856
3473,641
5877,2180
3442,1815
2353,1415
5280,2739
3351,2815
3350,3210
3676,6995
26,191
336,1696
1662,677
548,1599
2439,892
3630,3878
3629,1418
3145,29
5668,3075
2461,338
3474,4484
470,491
687,1833
4282,1888
5751,361
3260,459
3254,66
5745,189
3267,164
3265,72
3263,291
4382,49
5763,670
3273,684
2524,554
2556,247
5243,988
5070,1166
5071,505
1998,160
1999,53
685,2727
4281,95
2418,4394
2419,2252
269,3992
3858,869
6105,2665
2088,5584
3140,3158
2454,619
2936,4610
1028,4247
4471,1193
1029,1346
3224,1140
5037,378
994,9632
6,617
4116,1306
637,5840
4254,671
4351,8186
8,2512
2587,657
437,6726
2299,723
4461,1919
3565,887
1608,664
208,654
669,4517
2878,1838
4654,1043
1313,194
678,224
4275,249
668,3108
377,2987
4094,1241
176,204
3989,861
4271,1082
2978,883
5581,661
1550,608
1547,1187
4818,802
3819,774
786,565
2453,223
170,631
145,646
2,564
136,322
137,506
271,563
4027,2082
461,1137
1023,88
462,397
4464,1185
1022,1300
353,549
4470,2301
645,1264
3835,843
1092,3864
4514,1038
1093,207
3489,66
5888,215
3339,1245
1072,852
1098,918
3653,354
1972,165
1973,5566
3032,1637
2005,442
884,150
252,621
4016,362
5052,933
1968,389
896,4096
4380,906
897,2160
1974,552
3899,4756
5810,1149
3631,3511
37,1595
335,1870
550,1430
600,76
3668,2456
814,5386
2445,1735
2444,549
2446,1529
2647,4409
2648,2353
132,14772
3972,3197
2096,11832
5143,5100
1037,5461
812,279
1189,838
4844,556
1606,947
5046,6933
643,3828
1561,484
2083,769
1566,207
1567,366
75,4234
1900,559
2131,452
1738,213
2078,8006
3334,5922
1984,1650
1983,787
3329,397
3335,971
2746,297
2497,2286
2040,1529
5105,3131
2039,997
2038,2598
1070,317
4503,211
1045,675
4482,679
3333,278
1936,163
2616,753
5395,596
2617,144
5393,394
5658,630
2257,1020
1839,2281
4968,1619
1838,2038
5492,3400
1841,6257
5,1996
4251,1334
2628,231
5400,686
2996,397
2995,2179
3330,1173
2572,120
3035,498
3034,186
3485,182
5886,683
247,2209
2034,4687
2035,1997
2036,3387
5101,2100
1193,366
2369,35
2460,43
3663,19
2926,88
2927,19
4115,20290
3470,852
3831,5106
3445,2012
1323,6804
1785,3404
3461,4606
5872,1152
5873,2575
2358,1171
4030,1318
5250,3482
2652,2839
5413,1992
2316,10016
6000,393
6020,81
3586,339
5949,173
3754,99
3693,408
1287,1421
1285,442
1776,460
1964,183
1966,981
5055,600
325,634
1082,345
1381,1528
3673,2455
1925,3646
2941,627
5029,1770
1571,1356
3672,346
5639,1196
3651,1035
3906,1315
449,1466
398,645
4101,9095
840,1056
1818,1851
4025,2424
5310,1795
5136,513
2079,292
1178,255
3761,493
1217,645
79,8380
796,1155
795,1149
4334,1307
4333,172
4335,1400
3671,1693
1078,463
2711,2428
2279,500
2731,6760
2569,3223
5032,4810
1928,3621
1927,797
5356,1673
1736,2561
4911,5953
1895,249
3386,4146
5829,797
3210,8841
2250,329
5215,4204
1734,1656
1534,2623
4806,4813
1535,3895
4,284
1410,1175
596,5019
2319,5615
3010,649
3538,2682
3514,2600
2073,1224
5132,727
1013,742
4457,1488
4455,1048
3859,3623
3736,4119
5925,796
997,4378
4785,622
3677,4101
5809,4309
3404,205
3378,4987
2710,3058
66,1822
60,1718
61,536
57,2940
1969,4824
4953,3252
56,5604
3593,300
3700,5557
3180,2449
3578,2934
3090,116
5944,790
4759,1293
1467,991
3018,1343
5594,987
3049,226
2687,796
2879,8555
1005,216
2174,3393
1267,2417
1265,485
4625,776
1400,3765
4713,1078
1150,786
287,204
2601,136
288,405
286,624
282,191
2121,54
291,97
5158,44
3496,1616
3055,636
3056,683
2945,696
2973,257
267,154
4024,600
1184,588
3425,351
2885,2994
332,2234
5611,1087
3017,2605
4758,198
1470,609
2547,148
5360,487
5943,3290
2249,2016
3208,775
1800,841
5067,2817
1986,1574
5066,3047
3647,693
1795,356
4941,905
5712,3451
2627,511
5398,325
5614,150
2374,203
342,354
2258,298
2259,223
2260,551
5219,622
2261,558
5296,695
2263,331
2262,83
5222,171
1878,94
5001,259
5000,233
1862,242
1857,2307
1874,656
3910,3140
1840,4325
4970,2361
4972,92
4973,1138
1844,2056
4237,844
617,707
4974,623
1847,905
4082,1168
5402,1533
2634,1411
1112,299
1052,1427
4490,780
4489,842
1053,1150
1371,1113
671,260
4274,89
2530,909
4612,1098
1250,962
4613,894
5351,1401
1352,1293
4377,307
5106,656
2041,1126
2111,322
1630,770
4853,196
3178,1793
2871,41
5425,957
2683,3222
5430,554
5429,921
2682,1509
2680,409
783,685
4330,6303
3879,1237
3236,1482
1943,397
5077,171
1992,501
1991,761
1064,2016
4500,802
3272,322
5762,235
9,492
3912,341
4381,265
3217,117
2606,55
5896,117
3504,213
1678,902
1680,1028
2151,918
2152,861
5715,6905
5961,1353
3215,7696
4607,703
1241,608
2703,383
5887,1059
3488,1170
1610,2655
1612,211
5605,2375
894,201
892,438
1827,362
3323,4010
4709,437
6133,72
3904,148
379,265
378,1864
380,989
4093,1688
5704,1294
5714,1067
131,304
3968,2435
1421,943
4727,1105
5727,1282
2770,666
415,1604
1428,182
5135,2362
5527,2551
2872,755
5332,475
4979,412
2519,362
934,202
3427,3098
4714,2516
3609,2071
1003,140
2786,2740
2785,349
2784,1232
3087,3089
59,1490
3937,368
3940,1031
5182,640
2677,97
5424,370
2676,225
122,414
4596,220
3413,1035
5845,3259
3414,4710
5313,673
5347,1070
2153,48
2183,605
2182,877
5181,1145
686,24
2205,3121
2001,466
1191,752
245,1021
5100,3368
5099,1471
3315,1359
2043,7496
2015,217
1046,896
5523,420
4777,166
1497,498
3219,48
2217,33
3289,46
1813,5040
3091,1069
5637,491
5630,455
3077,352
3016,278
2161,97
2437,180
4651,1052
5180,1085
5948,1952
3012,1183
5591,1167
1869,929
455,1024
4119,414
454,839
4120,1260
6084,970
3828,204
2124,410
3497,564
2233,264
5197,292
2269,455
458,925
4123,709
2798,372
3833,300
3832,160
6082,261
4151,926
494,589
4584,152
268,566
266,148
3809,83
3429,174
1704,1687
2115,1328
3428,817
3182,1995
5700,1178
1792,2373
1173,2707
1172,151
517,398
1544,147
4117,10269
2309,3351
3655,1576
3553,61
3550,748
657,1486
638,4107
1027,687
1933,414
1774,810
2538,2044
2302,4777
5245,3285
2520,462
204,557
3639,4969
4624,528
5384,80
3054,460
5566,1421
2116,481
4023,100
2895,44
5536,47
1437,27
867,544
2567,170
1775,655
3368,215
2595,749
73,468
1568,2447
246,1344
2081,610
4590,50
1192,228
2082,61
2084,343
640,204
4258,4135
2197,416
4980,931
4303,3649
3318,1883
3317,141
3319,1816
143,1749
3977,148
82,12
1163,17
961,154
4571,20
1164,1
3580,108
1472,94
1040,345
3552,143
2308,113
662,264
5883,1144
5892,204
3499,246
4761,295
3667,228
3019,409
3486,1060
5885,255
608,4369
5589,231
2630,914
18,106
2629,515
1850,1028
1697,101
150,49
1856,1758
1858,406
4983,88
5526,108
5699,1644
4854,565
2218,257
5154,220
2112,6471
5108,7243
3444,240
1169,6140
2544,4014
6099,1384
3852,870
3547,350
1019,574
4460,279
4958,90
2342,3050
5269,11469
2373,9195
438,779
1170,5684
3139,267
3188,295
3135,404
5669,637
5674,503
3151,327
3173,489
5696,303
3169,1322
3120,137
3156,109
1899,207
258,3247
2136,1522
1244,20
432,267
1240,904
107,2730
3948,2510
3950,171
1190,3744
4587,1607
396,4858
787,173
96,327
4768,1237
4770,285
743,2336
744,205
4313,1333
1768,831
1511,221
4786,158
4822,510
4824,20
5771,63
3283,138
1922,1527
6059,3264
5993,2969
4447,2858
551,144
5977,2979
135,153
134,1935
4820,477
4819,5520
464,45
1548,1419
2484,94
274,275
272,1410
3986,1824
4817,1288
3984,272
167,302
664,910
175,747
753,2961
677,246
1314,1230
5533,1938
754,1722
158,131
3981,158
3564,701
3570,30
240,51
4092,35
675,87
944,356
4404,142
2306,126
958,26
940,60
4416,41
2305,467
5867,184
3129,42
5662,385
3130,472
1417,303
942,1169
5091,94
388,639
3137,238
3134,1107
3142,296
1305,20
3146,168
3147,294
2646,125
3894,869
2023,774
2022,1307
5097,1119
2019,3158
5093,1326
5103,5222
5104,850
895,2028
4378,1333
4379,647
1963,466
1456,2068
1821,561
4956,628
2876,1015
5531,1283
5532,318
2877,798
140,1255
120,542
3960,254
4724,67
3233,95
749,354
2049,4791
4982,1711
4987,373
207,2693
452,10810
4102,307
450,4039
4107,2232
3211,281
2276,166
5367,925
4938,1631
4940,1194
1784,296
4944,1319
3422,1135
5713,2990
5308,592
161,1073
3747,875
2903,158
5541,677
2904,172
394,2571
4099,85
393,41
4100,560
5801,507
3338,611
4270,1162
1747,385
4920,282
112,2840
3951,1932
193,574
1039,1314
1439,200
4738,1068
4851,173
4850,705
5487,1471
5844,721
672,251
3867,680
995,95
2360,1360
1703,263
4011,1188
236,404
5053,442
1967,258
2146,2618
1300,358
1295,235
4646,177
4645,2152
1280,72
1804,392
2958,208
2168,694
5574,143
2893,341
1000,1837
611,3257
4233,111
609,150
4232,808
2887,189
333,538
4062,621
334,523
1004,894
2892,1283
5534,2603
2170,47
5178,923
280,451
5292,45
3306,148
5350,585
1212,668
4273,178
4695,964
5543,782
4532,165
1837,286
615,439
4234,25
628,564
625,567
620,164
4239,113
366,1225
2618,300
3707,639
4069,772
4125,1167
815,333
1445,401
4743,1711
4792,848
1440,516
4742,1079
1448,670
4747,733
2795,266
5275,1330
4804,884
1528,1320
4801,2765
1536,41
3815,289
3813,213
3808,522
3786,491
4799,285
3785,333
1336,628
4579,1027
1043,2799
2806,586
2808,540
5483,91
2810,186
2809,423
5484,210
5955,237
3518,244
746,1044
1826,1558
5094,207
2047,813
5096,304
5098,4163
2046,2818
5792,118
5138,203
5924,12
262,145
265,101
1706,208
2113,860
5157,764
2117,635
2114,1070
5548,1041
2119,229
2624,202
2623,308
3314,111
3409,1104
5155,1744
2024,3663
1937,321
3462,2487
3463,3509
3021,79
5942,221
3577,313
5596,62
5590,2509
5198,292
2225,184
3001,1456
2227,26
1613,453
1614,2157
5283,2093
5871,508
1619,110
1194,226
1433,143
2931,347
5556,226
5772,100
3284,532
5593,156
1301,296
2883,149
3098,223
1852,626
4978,836
2490,2114
2723,838
32,1108
4658,447
1318,742
4656,1841
1317,429
1320,260
3982,208
159,184
5882,109
3477,458
5880,286
2404,452
5302,417
3478,255
1207,197
5521,1097
1205,112
5518,261
5519,103
5428,187
1876,356
5004,27
3053,797
1796,520
1794,558
1618,256
4846,2407
3847,51
389,124
5060,227
1942,220
5041,254
5284,16
5084,479
5444,225
2702,451
5017,24
5020,29
1908,138
5021,601
5018,189
1911,287
4884,165
4883,901
5173,170
5897,89
3502,320
2285,106
2984,91
3846,194
6097,849
3849,576
2552,311
1139,91
4548,95
2982,46
2772,78
5326,214
241,66
2280,225
94,1378
3697,1964
5141,1185
651,958
5458,150
2928,1536
1324,265
2301,348
1328,499
5244,475
2300,639
2708,1561
1408,49
1402,147
4715,1035
1401,1163
5441,77
5928,756
931,745
4391,467
5735,325
3242,545
3348,1726
4157,108
320,1364
4052,1773
1186,158
81,2890
3734,1310
3737,44
2312,296
2311,111
2313,178
2522,245
3926,156
128,178
3967,92
4660,445
1641,74
3479,228
2426,1386
4576,6355
2757,1005
324,1333
2331,1192
3996,2088
1842,673
4971,1187
2823,900
4235,1291
4969,2518
619,162
4240,112
4247,1427
1810,306
3920,907
2899,142
1487,469
5769,687
2462,289
2294,808
2297,233
3131,249
3493,32
5889,374
3492,384
2717,34
1993,106
4280,891
225,276
1676,1045
4880,449
2424,64
3674,1100
3900,2467
3840,1473
641,146
3751,129
631,710
5404,175
3080,165
1875,145
1531,127
1525,290
1335,65
5878,162
3316,37
5864,201
4367,118
1033,36
4476,49
2401,318
5299,928
1034,110
4474,41
5297,32
1031,204
4472,65
1030,82
4473,356
2420,214
5089,150
4484,93
3825,571
1786,601
5560,443
4702,997
3301,339
50,338
47,2157
3931,3559
49,1792
3930,407
48,668
3929,303
3932,268
5784,488
5782,1034
2938,1423
1816,267
3579,79
1468,1353
1473,233
3000,242
3002,5519
2645,49
4891,330
2642,113
2638,218
5406,92
4718,656
1406,570
1075,90
1079,558
793,378
2940,562
5788,177
3305,109
3304,91
5786,60
3830,101
6081,129
3829,2134
6080,266
3303,19
5787,51
998,468
337,4397
338,2939
2202,4262
2200,1116
5187,818
1728,1693
1246,2523
6015,332
1110,638
3628,6238
719,1156
2563,585
717,543
2275,732
4609,4576
4910,4351
2198,1397
5189,3804
5191,5390
3540,2198
5926,380
1219,415
80,673
3715,251
1660,1732
3860,2721
5208,519
5131,2224
5115,506
2159,1470
2108,1655
2106,432
5149,341
2101,478
5147,73
3523,87
5916,115
3516,154
2230,655
5202,126
5837,513
3436,207
5860,193
255,675
5140,150
4703,458
4479,422
4732,338
5368,2845
5830,1168
4913,1194
2539,1329
5031,422
5370,777
2278,1943
5056,121
799,501
109,951
4606,322
433,388
2135,343
5169,738
3548,31
5391,1459
2093,1721
855,1455
5435,3485
5035,801
2902,96
1637,1737
4859,2790
3389,2895
4865,1859
3794,590
6056,984
1620,3343
3567,1553
5938,228
3569,88
1772,116
3936,396
329,588
4060,767
4061,275
4010,556
1485,112
2735,135
3459,146
1083,21
2239,733
2256,818
2075,142
2536,1843
5354,1647
1007,159
4453,536
2020,189
5909,168
3600,254
2812,276
4286,199
691,218
2517,778
1175,2931
4670,282
985,271
2518,44
972,354
4426,572
4427,1350
4430,1250
4429,551
4438,586
4614,73
1252,110
988,122
553,1511
1233,69
4605,79
1226,99
4602,86
4604,165
559,56
4204,41
1198,195
4936,1359
1780,301
1532,6501
4803,4687
1527,4583
3491,1733
3312,931
3313,531
2347,265
4526,115
5276,343
1104,49
1453,409
4752,118
1452,42
1449,96
4751,69
1451,68
4750,248
2787,118
5469,84
2783,232
2663,147
3802,1486
3397,2764
3637,275
254,1184
250,890
2816,1532
1583,985
4833,2321
248,670
5485,606
5486,691
200,2112
3997,227
201,80
3998,144
1808,215
4950,184
2596,3168
1742,45
1516,222
2968,888
1753,3198
2540,645
5357,499
1929,342
5459,3
1600,488
2765,169
835,93
4348,314
4517,55
1094,164
4519,459
4549,124
2194,135
1598,731
4838,94
3606,515
3990,72
173,1403
2817,748
858,13013
4255,3744
3322,180
3232,540
1422,1109
4726,1078
130,901
3969,272
3213,981
3194,1151
387,159
1321,2290
440,530
1261,468
4620,260
4495,181
721,277
1059,124
113,327
4014,695
5839,1492
5572,1970
5034,2875
4260,1352
451,6660
2733,1462
1180,808
1183,596
2704,1702
3394,87
330,707
2320,445
2406,153
2350,225
2405,44
2527,22
17,49
3917,42
5348,22
5648,59
5194,114
2220,182
3113,24
3873,501
3870,139
5598,41
6115,839
2324,184
5253,1092
2322,43
5799,14
2272,730
5230,746
2318,152
3975,708
2962,134
5268,358
2338,257
441,9
4113,656
1369,187
4694,645
5740,507
439,402
4661,1093
4446,35
4448,455
2886,109
2189,289
2118,319
1017,197
2920,1224
585,226
586,175
4383,623
4557,1240
1399,1762
4939,212
2091,230
2665,997
970,234
1274,28
3467,503
2626,385
2625,152
5840,235
5414,518
2918,92
5563,1049
3071,188
3093,1386
1615,1578
2359,1654
2589,3599
290,39
2976,32
5048,756
5626,501
2179,400
1853,120
2764,47
1026,3877
108,3072
3869,10603
6111,352
6116,531
15,90
2321,816
4439,37
4437,28
4440,301
984,370
986,93
813,702
3970,781
1036,1041
3625,642
3531,224
3541,239
3611,108
3610,116
2064,83
5996,161
3680,3274
3293,2188
2396,1865
2395,799
1931,2897
1930,3169
3901,95
4858,6
3388,77
546,215
5634,314
3615,205
5307,865
1106,50
4527,9
2534,301
2535,1758
5353,1594
3622,431
5974,89
1103,240
4225,448
5306,101
2412,153
3345,124
3204,78
3201,287
5709,1246
4945,309
4483,279
5112,136
5831,2191
6053,3996
3791,118
4059,1099
58,161
3295,149
3031,400
2707,224
5443,181
1243,354
1242,532
2150,112
5898,96
3507,88
1681,64
3503,22
5895,226
3505,424
3216,90
5716,176
902,667
1588,333
2864,49
2863,228
1675,584
4881,921
227,37
4006,311
2929,2121
305,80
4038,457
4300,308
5142,1167
2614,2061
215,188
5853,3118
1002,127
4449,3110
4998,1157
630,181
1851,294
1623,280
3681,120
309,356
4573,186
1166,160
1157,522
311,1030
4047,509
1165,6
4569,205
1162,124
1160,62
144,5509
224,387
172,2241
4868,5625
195,1005
3995,1778
4984,1370
3837,297
3834,174
6083,272
6086,825
2224,31
5254,51
2270,1
1294,1914
3020,7384
6041,61
4800,204
3472,115
5992,239
1661,17
5914,54
3508,13
3452,16
2526,1922
5773,178
1001,272
1461,106
1459,66
2598,11
281,69
3218,184
5920,333
3533,443
480,87
567,799
5418,38
3576,109
2485,1700
2356,984
1861,377
5386,14
284,108
283,80
3476,247
5879,208
694,360
4288,221
5382,27
326,1038
5678,358
5655,141
5691,1316
3175,248
5694,736
3144,409
5665,245
4294,741
3381,210
5827,432
1995,507
1996,2304
2566,658
1431,315
5233,294
4302,416
1836,3244
4967,110
3793,10
4450,21
935,17
5525,70
2870,63
1397,286
315,170
316,33
2869,76
915,59
2997,49
3005,98
2216,51
2052,40
4259,597
644,231
4261,240
5963,1635
285,43
2122,27
3464,198
5717,191
2487,63
3961,528
4588,580
2492,1275
2661,512
493,1068
4209,85
3532,528
3471,22
234,208
1726,157
395,56
3971,107
3089,78
4935,1283
2714,396
1640,40
4864,43
1316,1110
4657,292
5144,439
3309,312
2098,696
5447,59
5803,80
5802,29
5998,271
3773,365
3685,231
3341,155
422,366
423,468
1919,2
1918,1
921,250
908,249
52,131
3934,128
3935,54
53,61
3418,85
5847,65
1366,13
4981,312
5524,92
2999,44
19,7
1016,60
3408,103
2120,337
974,1571
971,1066
448,1955
3234,154
2924,260
5552,265
5729,204
46,2244
2157,458
3738,44
39,12
2796,90
5432,78
3299,5
2937,104
5232,653
5234,217
716,48
1791,24
1789,53
2171,2038
4122,670
457,733
1868,516
4994,735
1870,559
4993,1624
1897,86
1896,59
2274,30
5823,72
5822,186
3374,245
3373,290
5821,190
3379,88
5824,108
1793,261
1975,511
2577,150
70,114
69,117
4650,498
1762,68
3616,469
5352,828
383,56
4530,424
3741,119
3743,406
4361,46
871,117
869,162
880,329
4369,382
313,150
1158,457
4046,273
4564,273
4044,885
3385,366
5937,1080
1985,400
5941,414
5841,90
5183,310
2983,297
1814,215
2521,476
2391,37
210,75
1773,16
2389,36
5793,230
3658,59
2414,387
374,56
373,6
4090,52
4079,39
853,110
2523,132
1327,127
1700,87
901,34
899,1252
3495,977
610,196
4966,941
4942,121
2397,120
1877,137
1781,59
1737,136
4915,2
3197,39
5705,45
1379,241
3947,40
106,79
1458,1836
2712,127
2008,407
5211,521
2243,580
3789,596
5075,995
5074,1396
3382,965
5826,351
708,699
2943,49
165,80
169,403
2303,47
3880,218
2430,348
4567,136
3563,153
3562,22
228,6
1636,626
4860,1351
2094,7304
4912,97
2413,128
5373,186
2578,180
5779,815
1159,123
4848,6305
3796,371
3395,194
1642,399
5217,63
2065,44
5113,880
2051,754
185,67
1006,308
5050,307
3692,171
2693,58
2583,78
2582,202
2169,693
2282,799
2000,1282
2553,104
1987,29
3848,93
5893,160
1617,435
2656,444
1364,205
1357,51
4683,69
4363,47
836,2
4364,52
4366,456
723,1901
6016,523
3222,43
2761,53
3060,148
2760,7
2759,44
634,23
635,15
4238,101
1845,157
633,111
2741,1049
6135,597
2155,1134
3407,2294
5452,4
627,1508
4245,1187
4248,947
2758,697
3884,238
1735,361
1994,53
2565,61
5064,27
2745,114
2637,347
3451,192
674,1416
4469,223
4465,237
1444,84
6076,181
1176,323
1174,380
3643,272
6044,200
6032,57
6030,51
3771,132
3755,148
6021,250
1113,103
1389,31
3953,1492
5261,1771
3384,15
3898,21
4202,76
1215,38
5068,35
2050,1414
5114,2576
129,93
2722,40
4305,444
5146,109
2104,293
5151,267
5153,2005
5175,3600
704,157
4292,96
4291,134
4310,37
730,40
4309,8
3515,50
5906,40
3510,29
725,152
1048,250
124,226
3964,141
3965,96
1091,443
1073,110
1137,125
4546,123
3665,1337
3584,534
3498,282
2438,402
5314,360
2436,835
4638,565
5231,586
2211,140
4723,290
4728,676
4729,67
4509,773
4512,222
5629,106
3193,35
376,104
1384,77
1388,1431
1347,1769
4679,75
3225,93
1349,233
893,178
4680,899
4681,682
2531,1917
1251,374
3046,1668
1743,423
5379,2696
5468,312
3494,187
1871,98
5015,94
1906,70
1905,67
4839,615
2193,18
5185,129
1140,174
1096,759
837,720
4840,831
5033,374
4948,237
202,142
253,179
2134,343
443,55
445,1033
6062,1258
3764,90
2788,51
5470,30
1115,122
5274,75
6060,122
3800,107
6112,663
1915,56
149,15
148,55
168,888
684,57
4277,322
180,262
3991,215
4676,204
21,196
3918,219
5750,155
3259,240
3248,1416
5739,694
3114,473
385,5
3571,214
1573,59
4826,34
4831,129
1581,106
1580,275
4830,275
1575,119
4827,115
1490,16476
4946,83
4992,274
2030,16233
2105,228
1713,1002
4899,231
729,16
2167,88
3993,122
2767,78
5595,835
2222,26
1232,322
1080,100
4175,18
2686,42
710,17
705,2
5917,35
3527,34
5815,163
2271,536
3877,1785
3871,733
6101,162
1754,742
4924,857
3401,153
1633,1349
5540,109
4589,17
404,191
1359,6
4684,261
3117,996
2059,64
5539,178
28,689
183,1038
3992,123
182,174
4916,519
1586,351
4918,302
636,307
4932,124
1764,134
3119,133
879,427
874,501
4688,205
3619,4
1060,9
5978,428
5177,119
181,436
1344,564
760,479
4321,1177
4083,11
368,43
4084,87
1890,135
2573,537
3097,946
3608,457
3440,246
5457,458
3184,16
1463,98
3581,138
1398,377
5117,27
4834,37
456,67
4138,73
5454,31
162,110
3983,134
2107,177
5152,41
3387,150
849,61
850,59
1646,480
4867,126
1647,194
862,116
851,273
4908,156
1181,15
3566,671
838,103
2980,881
2478,36
1695,184
5409,147
5321,196
5216,84
3441,65
1629,116
174,107
2351,263
5818,79
3110,38
3109,53
5647,102
956,2172
4618,157
865,109
5603,111
3025,105
5599,30
3372,39
2562,30
5255,45
5277,17
5072,138
5082,113
471,49
4131,335
5059,268
2546,55
6093,20
1478,262
1510,93
2466,4
2246,22
340,234
1833,181
4964,90
4063,260
341,39
5285,342
3555,28
40,41
2204,409
5190,41
2201,76
6064,25
3798,14
4401,81
3043,111
2880,205
3044,76
1466,16
1885,172
1846,194
5862,258
1886,178
4673,355
4898,159
1710,147
1339,752
4672,459
2054,260
2055,107
3602,59
5956,67
3601,75
4386,528
4444,457
1345,81
3484,107
5633,74
5754,213
3269,68
1649,20
2913,1565
2912,1315
2911,321
3618,96
876,31
54,49
1195,392
6048,482
6067,532
6071,198
6074,38
6073,317
3818,155
3475,83
2830,241
2835,77
3916,65
5256,185
3024,67
5600,150
3029,59
3030,2375
3033,403
209,1473
4264,114
5225,77
5223,64
2264,79
5446,453
3456,207
3455,452
6045,391
945,303
4403,412
4343,122
4739,6
5582,466
2480,316
1481,204
1694,185
2473,10
2643,17
5947,1396
5989,3846
4762,137
3092,9
3487,18
3500,16
3078,21
5631,8
1802,180
1696,34
1540,114
2824,91
3403,358
5982,89
2048,291
5150,87
1711,128
4901,364
1338,289
4766,33
4353,292
861,355
1504,195
1518,145
2142,82
3887,64
2464,185
1363,42
2190,33
2930,147
2223,305
3585,387
2253,46
3212,128
2820,52
5488,140
2819,106
2821,282
2866,1322
2403,54
34,7
259,226
3539,98
3573,87
1957,793
5047,3813
955,402
3726,1917
682,376
2056,62
1756,3120
4926,1413
1750,2516
1755,543
4925,417
1956,1888
722,1014
3976,39
5286,33
2336,3
5852,145
2836,50
3112,169
5644,15
5645,74
3367,73
5278,335
2349,79
2323,85
1413,67
5820,40
3876,850
780,4
3911,48
5776,11
3286,329
5774,454
2732,129
5236,85
2214,65
5327,12
5462,145
5364,668
5237,8
2283,20
2281,151
2678,19
3400,355
2231,85
5201,389
5907,70
726,117
3783,152
2160,480
5891,337
3347,84
5806,206
3344,252
3776,389
6037,100
6046,137
3775,41
6036,297
3850,36
5007,185
5008,7
652,157
2463,148
3907,320
3949,603
4468,1550
3331,42
74,769
3705,64
3369,159
616,144
5730,82
3235,117
4635,62
2561,105
2610,93
5388,67
3375,291
5375,70
4610,24
1348,53
3123,597
992,611
4619,86
4621,85
1807,70
1258,272
4691,156
5741,731
4753,498
2266,40
1010,210
4454,148
2060,280
5121,200
5964,45
5965,97
2003,18
3261,16
1767,368
1766,104
952,265
2554,54
5757,66
4934,250
1306,462
4652,31
606,233
5651,317
623,256
4244,425
624,277
4249,314
2744,179
2180,5000
5910,34
3521,98
5913,39
2811,95
4516,43
1554,39
1744,69
1748,511
2750,66
3587,46
3405,30
2469,48
5322,236
5737,308
4832,180
1582,186
13,183
6047,59
5718,148
2874,74
2109,206
761,610
4320,677
5399,69
2496,616
2495,123
4779,173
1752,286
14,1022
3893,165
3892,202
6124,195
2550,468
3118,2208
2960,53
2138,573
4236,227
1645,133
3855,97
1654,57
4923,453
465,48
562,41
3040,60
3501,312
2470,363
1924,388
794,42
1981,937
1801,126
5063,135
62,399
3938,294
3669,229
5990,155
2639,77
2467,377
2615,47
5374,53
5535,108
1797,22
2719,36
2715,99
5003,46
1864,18
1863,148
5529,86
1099,96
5876,351
3732,116
2352,114
996,61
2304,70
939,104
957,232
4398,87
4399,26
5248,151
1717,53
4905,43
1337,217
2063,224
5125,121
2651,49
468,17
192,26
1111,447
2555,40
5365,106
929,582
4393,517
4340,70
824,51
4331,12
3157,22
2474,39
1088,327
1085,518
1424,67
1423,771
1418,179
5728,37
750,154
5252,207
4857,438
5912,17
3519,11
434,82
5950,30
6070,16
3816,5
1450,218
6051,871
5711,349
1382,152
954,146
4221,437
277,651
913,183
3702,300
1779,64
257,28
299,33
300,149
3735,11
1457,42
5911,8
5954,4
3881,14
348,84
2407,548
5176,113
5344,26
1494,42
673,1313
3469,32
3468,105
2080,106
2206,143
1179,38
3337,63
1281,24
1182,18
4582,56
2956,1559
4012,1266
5065,693
1020,55
4463,102
5422,29
661,432
857,461
839,808
847,184
848,29
5170,36
2147,35
4250,76
4977,161
2868,53
2632,77
4132,25
2004,57
4825,17
3572,115
5684,239
1909,19
6095,237
2195,285
1688,79
4886,35
1577,93
3417,207
1386,34
4708,101
5650,470
3115,531
3416,77
1387,50
1278,364
1276,850
2873,136
2875,159
5530,233
111,532
3952,276
3701,102
1509,116
4788,189
1047,32
72,31
71,181
659,156
856,242
2690,1871
3220,148
2620,27
1505,16
1502,47
1503,115
4783,60
1499,151
4780,34
5890,127
431,41
99,19
459,63
430,11
4276,28
5819,61
2184,74
5707,447
5361,92
3085,125
4152,2464
495,300
205,413
1322,57
4414,92
498,526
473,263
4133,1881
497,1718
3790,1109
3861,161
6106,308
4686,280
1213,523
1362,123
666,73
663,218
1358,731
4685,16
2829,62
4711,55
1396,45
2031,15
5856,43
2843,7
5500,74
5461,11
2771,5
2775,12
1523,9
3530,34
3529,6
2344,47
2343,99
5272,38
5298,23
1097,18
3806,54
5415,85
2803,54
5482,12
816,44
2792,26
5012,99
3205,427
421,52
5663,65
516,64
2942,22
357,69
4073,73
4087,3
371,3
4345,4
1253,54
2993,39
2992,20
5586,28
5587,19
5517,17
777,26
4326,12
778,40
752,410
4662,137
1257,96
6010,18
6039,389
6011,119
4415,136
2423,60
2579,28
1460,23
2599,29
5381,14
5884,7
2435,207
1910,45
1907,41
2173,7
2549,31
5986,174
658,145
3589,4
2156,130
4018,7
1409,35
2621,339
4433,45
5247,426
1395,414
5412,68
2763,6
2330,251
1298,18
5808,85
3343,20
977,25
5868,161
2716,336
2584,17
1989,140
4736,1477
4734,296
6122,193
5654,347
4931,223
1765,286
4105,71
4919,73
5188,143
2203,18
5192,30
3872,223
4297,59
3363,8
4306,99
4578,110
206,15
492,43
924,25
2329,83
3449,131
5405,403
2640,125
5411,61
3246,791
1542,384
890,1
642,53
4811,557
5561,237
2939,319
3536,518
1715,75
1712,143
5120,24
923,592
3973,20
5940,16
2777,42
1372,125
1038,67
110,1471
4922,46
5576,42
1825,155
1621,55
472,251
490,34
1493,102
1491,128
4771,122
1483,79
1482,31
474,72
3402,68
3635,142
444,39
2867,29
4156,206
1508,378
3795,50
4947,70
5848,163
683,103
4279,101
3985,464
3103,15
2483,8
2889,65
587,59
276,69
2273,76
4765,214
5330,37
2488,51
5040,46
5145,5
3,59
4035,61
2890,22
1843,15
151,81
2730,107
3699,31
3172,41
312,177
2574,24
3603,16
877,49
2398,95
1032,123
1062,20
5970,32
4531,374
5653,259
405,69
1741,178
5861,889
3863,46
5785,364
3302,203
5028,335
3287,278
1948,146
5649,430
5849,96
1256,6
582,5
1228,33
554,80
552,14
4623,155
318,519
4054,552
3704,507
3844,5
2210,321
2209,102
2245,18
1865,38
4989,48
604,16
3688,74
5999,142
1594,15
2564,127
4231,79
3396,3
3636,30
5161,4
294,180
91,12
2341,82
4174,371
1761,141
3181,30
4760,21
1507,39
6096,84
55,8
714,31
2076,8
3962,25
121,27
3959,29
5606,136
660,36
4285,11
4284,57
3364,43
5817,39
1718,84
4671,321
1541,1074
3297,40
3185,12
2748,27
2635,13
5220,96
3525,16
5122,53
2181,405
647,141
4262,130
2607,19
2608,32
390,11
2375,3
3526,5
5251,41
2977,15
4256,69
4988,71
4774,23
355,33
2994,3
5588,1
2861,9
5516,3
2658,189
1500,62
4781,80
1501,33
1798,75
1980,29
4586,11
1188,2
679,22
981,10
983,19
973,414
3133,35
3446,66
3138,73
1901,63
1902,23
5013,65
5019,20
1279,5
2021,1
2657,192
77,37
4339,88
239,206
601,46
5312,207
3362,123
5901,23
4029,18
3708,8
1116,119
4522,28
2085,6
5710,24
3203,204
1707,17
1722,257
3768,146
5604,214
1512,121
4791,31
2841,106
5502,110
3432,37
3075,181
6034,94
3767,73
3769,34
3781,47
4798,20
1524,18
1745,9
1751,230
5042,387
3549,404
5932,202
2834,2
2532,370
697,61
5968,328
737,8
5438,21
1961,181
1739,338
298,67
2720,17
607,151
1591,76
1834,43
2897,366
845,77
4757,14
2603,29
3096,661
4999,62
5632,43
2636,47
3383,16
2609,76
1656,13
3568,25
2148,47
6125,65
4173,42
2611,7
5656,27
4965,78
629,338
612,70
1360,105
3613,46
3614,10
1988,9
5069,73
1659,4
1427,4
119,197
646,147
4634,662
1277,222
3424,13
5842,113
1353,285
4130,1
5693,13
3159,86
1597,33
5679,19
859,39
2314,98
5681,2
772,11
4836,176
3853,239
327,37
328,13
1867,26
4121,27
3371,82
5389,8
4828,10
2219,51
1419,71
667,22
5720,6
4627,105
574,5
982,173
914,14
5549,21
2061,15
5981,177
3646,113
3291,31
3285,261
5555,61
1204,60
930,191
4392,312
4390,26
932,75
4394,117
4485,189
5927,219
5746,3
5341,2
5546,93
748,51
5434,5
2954,103
5571,121
2957,15
3725,8
2955,56
3915,64
3223,48
5168,6
5929,57
4246,2
626,15
4837,7
1585,2
4053,953
5009,1
123,19
5193,286
3558,23
6058,32
3805,110
919,110
4385,10
226,1
6119,21
4511,8
3354,355
1709,54
3358,5
689,50
1514,18
3719,58
1883,43
3072,177
3086,138
4991,15
5081,52
5051,164
3596,163
3687,66
3448,87
3447,6
3909,14
4337,502
3544,523
3696,74
3282,43
1572,54
5770,41
3506,81
3760,124
3170,11
2754,90
2631,44
499,37
5079,260
3102,3
2633,21
16,49
1782,83
1495,43
4776,7
3393,486
4243,229
3190,18
591,81
2533,184
382,114
4565,160
4048,223
5369,130
4354,502
882,362
4356,149
4358,348
2067,10
3398,69
4592,49
4628,10
3438,123
1866,57
491,154
2791,22
397,75
3439,40
152,20
5212,12
2137,32
3683,438
30,237
3161,35
5362,9
1058,71
1260,159
720,19
4064,6
1947,72
2392,702
2394,199
4632,39
5448,235
4355,28
959,9
4417,17
273,10
4049,13
4032,14
4574,11
1167,9
1302,19
3792,96
4749,25
4341,29
825,4
1682,6
256,136
4017,66
4026,228
4267,148
4056,39
3292,1338
4566,187
1898,10
3346,8
1979,12
5807,3
1978,2
2006,6
5832,73
588,4
590,79
1416,5
4721,19
5257,339
3027,29
3028,57
5601,44
3026,92
68,24
5270,10
5249,38
4687,25
4498,25
2386,212
118,5
4149,41
3714,14
344,2
2837,10
4224,37
2449,54
1415,12
927,10
928,33
727,43
834,7
4071,58
4110,18
2882,13
707,22
2240,17
2364,4
701,3
1248,19
1822,26
4957,26
4719,19
1412,64
5258,32
2326,236
2822,23
5602,20
3116,89
4230,22
2102,15
603,24
1592,7
5397,42
4663,484
500,242
1325,93
1041,21
3908,39
127,57
2016,24
1832,29
3943,157
142,357
5301,61
2213,26
4900,127
4903,24
5921,397
3537,120
2528,48
2700,23
5833,11
4843,121
1605,39
904,20
1342,90
965,26
4422,20
966,16
1128,72
1127,16
711,77
3187,15
2919,4
5186,349
4693,146
3710,23
6004,13
757,316
1634,77
5570,49
3724,44
2543,79
2542,12
2541,96
2756,52
2755,184
321,555
292,674
4031,231
242,17
4318,273
4252,88
4253,4
618,41
3038,20
2779,1
5854,1
5273,6
4731,5
1429,20
5195,156
883,26
270,187
2974,13
3390,38
5394,4
5473,19
1819,4
6130,20
5290,74
5293,120
5295,21
1474,92
84,24
4013,12
605,54
1892,9
1430,18
5111,130
43,161
809,186
5325,19
696,33
2557,2
1686,81
1611,59
196,4
975,16
968,83
3325,8
690,21
3509,2
5899,7
4154,127
6128,5
4506,85
4598,6
2366,76
699,6
4290,59
5755,14
4118,490
792,132
2559,31
6014,6
3199,3
3941,38
6038,88
417,129
2749,3
2402,49
5116,161
2255,41
2027,36
2969,37
5688,23
5408,33
791,2
1720,79
4907,6
1716,55
5124,196
2481,9
870,34
3963,6
4720,6
1574,19
3656,52
3627,35
3784,209
3774,94
3782,327
2986,17
3281,21
1216,2
3942,43
594,74
2594,4
515,16
5345,28
2387,42
20,1
4480,4
510,27
4168,124
502,42
4160,42
503,40
501,29
4158,91
189,8
1904,4
5014,15
63,124
65,5
4581,91
3954,124
1723,39
4784,24
807,247
1602,24
1601,117
5795,5
3251,2
5133,16
1824,5
5291,41
5184,11
5609,4
3045,10
2199,70
3632,86
2781,15
3522,3
1071,25
5933,12
4809,9
3324,3
5228,56
2212,12
4304,18
2399,15
4475,117
4871,16
197,34
2388,28
3162,59
391,6
2380,23
3099,13
6107,28
4855,45
3592,77
166,1
2045,94
5073,123
5107,18
1990,13
4921,298
5022,39
4960,16
3886,255
1590,8
117,62
5778,10
5090,22
3321,29
1496,6
4577,7
4159,27
511,41
4167,26
126,11
1812,15
987,33
4441,12
1196,49
1042,10
6065,13
6031,40
5863,5
4155,4
2753,35
4775,2
2044,4
4108,51
41,46
1603,14
3556,18
2361,30
2766,5
3079,26
614,126
724,37
147,20
1668,8
104,20
5246,27
105,37
5957,79
2053,6
5119,91
314,22
4028,5
3041,55
2900,96
3042,46
1231,30
1230,5
2232,11
1692,10
4299,12
7,6
5798,41
5874,22
29,19
2884,43
2125,10
1879,33
1982,44
453,214
1584,20
1067,53
1066,18
1068,13
125,26
5597,25
2442,16
5315,8
5316,38
2265,3
3709,3
5376,1
2491,58
4357,13
1805,39
3711,13
5165,40
1351,168
1787,3
5738,27
406,3
2660,55
5303,15
2298,22
3728,13
6052,54
4595,12
4021,36
1465,25
1350,10
2975,3
613,19
1835,64
1944,44
5528,143
3460,71
5359,162
6007,70
6009,9
5467,95
3166,9
755,7
4315,7
1884,1
229,12
238,16
3554,22
808,31
584,106
933,4
622,17
4782,23
4906,56
4269,22
703,99
4296,8
156,7
3979,12
2007,45
1860,59
5939,38
3453,13
89,73
293,20
2751,27
264,7
4022,20
3258,20
2674,17
1021,92
4462,61
4352,3
3557,4
2881,56
5235,9
160,78
2127,8
3011,49
5547,27
3198,36
2858,8
5698,16
3686,7
476,4
4841,9
4317,380
1599,28
4959,5
5358,19
5490,165
4534,116
2339,61
3624,27
5196,37
3664,19
2099,19
2641,20
3594,32
1777,3
3121,50
5401,34
3149,2
3649,63
5857,14
3431,25
1426,48
2769,1
2166,2
5123,10
4445,11
5392,27
4985,10
3856,32
1960,1
323,114
1560,1
1564,1
1562,4
1556,7
1749,2
5676,5
2509,15
5342,1
3255,23
367,29
5997,2
4575,6
4600,1
1665,3
4874,5
4876,17
1671,3
1664,2
4873,3
310,4
632,78
4220,35
5455,20
758,394
2537,5
2241,56
5210,3
3481,19
3340,67
4528,41
3731,14
2139,4
4909,7
1622,9
3411,30
5775,63
3106,10
5643,7
4007,15
2425,36
1965,180
4008,119
2175,2
5437,10
5683,49
844,8
5855,20
1631,36
1063,14
5522,13
4642,14
1291,5
1604,41
1727,12
5477,2
5495,10
5496,26
718,6
339,72
4990,11
3944,49
3862,6
6027,33
3765,2
249,3
1343,2
1268,3
4135,27
2653,5
2393,6
5279,48
1997,7
2513,266
5363,71
1365,98
67,136
1888,74
6098,26
3014,4
2571,17
1952,8
4496,8
3778,3
2514,5
418,7
5226,2
2267,2
2443,1
3022,6
1725,15
4114,5
4894,2
1746,107
830,13
831,84
4051,135
3275,1
3988,3
4005,4
2382,3
918,22
4384,45
2238,96
2236,48
920,124
905,18
5205,9
5207,17
700,29
980,11
3745,83
2191,4
5095,15
362,8
4134,1
1355,3
1259,36
1211,13
5491,34
1414,8
3245,144
695,11
5894,6
3545,15
1958,3
4342,18
827,26
4112,112
133,76
5666,8
4773,152
2828,80
4424,96
1136,2
1135,7
4544,36
979,10
4434,10
3332,2
1309,89
639,41
1084,6
4904,15
1719,5
3355,46
2832,2
416,4
1210,143
953,58
4413,34
947,35
946,26
4405,36
3415,3
5846,2
3727,15
1308,144
4344,21
832,22
5608,60
6121,103
2713,5
1880,20
1269,46
4930,1
4350,18
852,42
1657,4
1655,4
3406,1
103,3
5565,40
5171,27
243,2
4707,11
263,9
993,89
363,61
372,1
2163,2
5137,30
424,8
412,4
5339,6
2505,2
2502,3
2507,2
5337,21
2951,1
2501,29
5569,2
420,47
5493,2
2325,115
4494,10
1051,13
4488,2
3177,3
5474,2
1411,2
4370,81
1498,6
2242,2
4338,7
2727,7
4890,5
3626,1
5638,1
903,1
4406,37
4242,10
1790,1
2251,5
1788,3
6120,2
3690,22
4412,35
5092,2
2825,6
2649,7
4821,8
1455,5
4754,3
4794,1
3058,5
3599,2
1254,13
5904,12
90,1
5206,20
2237,61
868,30
4418,36
4572,3
2032,38
3797,30
549,6
3678,2
3679,1
547,4
3648,1
2042,13
1373,5
779,16
2862,23
2991,4
1891,48
2934,1
2908,58
2734,4
3896,2
4996,1
1872,6
1330,2
2057,57
1407,2
3458,3
2028,2
732,2
733,2
3007,2
2728,10
3008,2
308,1
2590,21
3015,2
5592,2
1086,11
4510,3
2545,11
5866,5
4847,10
2780,6
5465,3
1595,12
1593,8
1229,4
5054,82
3465,1
6013,8
1492,5
4767,3
4772,3
1425,2
1946,11
2310,2
93,4
570,11
2585,4
2493,2
3811,4
3807,24
3084,5
2186,6
759,47
3237,4
2252,1
2826,9
2597,7
279,3
1121,1
4570,9
4954,8
3878,3
3023,1
3189,2
4097,2
1462,4
2580,3
64,6
2371,1
713,12
3039,15
6025,8
1815,2
5976,3
860,3
1724,24
3073,1
4431,77
5627,2
231,2
4375,2
3288,12
5445,2
1225,9
4601,1
1168,4
3682,31
978,8
4435,14
4126,6
5988,56
3013,2
4787,63
3591,5
3037,10
5061,1
6094,2
3845,5
1829,2
2964,12
2433,4
698,5
560,8
5931,38
1962,39
426,2
2506,1
2950,12
5568,3
35,3
3924,4
2013,9
2752,25
4172,11
4395,2
1669,5
4319,5
3756,7
4644,6
3660,1
2345,15
3122,10
5975,18
4914,49
4653,44
5259,5
2529,6
5838,1
3214,1
2568,3
2503,15
2776,20
4421,25
4307,8
5320,3
4995,29
1087,12
2254,1
2177,1
4466,7
1245,6
938,1
3542,16
2743,1
1263,22
1917,1
5903,5
2685,1
1488,8
5538,1
2762,1
3256,1
5747,1
1887,2
5058,4
3512,2
3722,2
2691,3
1218,9
1632,1
948,2
917,1
184,2
3659,1
1105,1
5294,11
1783,28
2846,1
5505,1
3923,18
4690,4
5958,43
1758,7
873,3
4360,6
2692,1
926,7
4504,1
1057,6
4493,1
1055,6
3748,1
2622,2
3958,51
2062,13
5743,5
2901,2
1024,1
2033,15
1679,1
400,9
5995,22
3922,4
31,4
2377,22
1147,2
1513,3
4045,1
5952,15
4502,2
4664,16
1081,1
2790,1
4963,11
2315,2
4042,1
6103,5
1341,6
3583,15
5946,17
5945,14
2500,2
4778,2
561,4
153,1
1537,1
4089,10
888,12
5850,4
886,1
3621,2
5973,6
3804,2
3641,10
3076,39
3430,10
4789,15
1197,14
4591,3
4481,1
3582,34
5463,3
5497,2
5919,2
2840,21
504,2
1361,1
811,8
806,4
802,4
803,5
3803,20
6054,22
2014,12
2234,6
5203,1
4722,1
4737,1
1889,1
5667,2
5156,4
1705,38
260,1
2688,2
5585,7
3209,2
3746,13
3443,5
898,1
5731,1
1076,8
4655,6
1012,6
1014,1
4456,1
2896,4
4675,7
278,5
774,4
3763,1
572,3
573,3
1270,3
3623,2
1035,3
907,2
734,1
3057,4
4545,13
1446,1
3141,3
3749,1
4301,1
1307,13
822,5
221,5
833,1
826,1
222,1
805,2
1971,2
4608,1
5578,1
2100,1
100,2
1479,2
4189,1
4180,2
4497,14
1255,1
4615,9
5615,4
1520,6
5503,24
2844,11
2706,1
3433,2
2381,1
3353,19
4397,1
5355,54
5689,1
1873,49
762,3
2701,2
2698,9
381,2
5972,6
1652,6
1576,1
2452,1
5607,5
2451,2
3919,13
22,2
5918,3
3528,1
6057,9
2144,18
1770,81
592,1
1435,3
5646,1
3370,7
781,1
88,7
1432,1
4793,1
5380,1
4436,3
261,2
5481,17
186,2
3821,1
2018,3
4143,1
4098,3
410,1
411,1
3546,1
233,2
2725,1
2726,1
5672,3
2207,1
2208,12
1701,1
2327,1
1693,1
275,5
2244,6
1920,1
5025,1
1921,1
2675,1
2385,1
1061,1
1489,1
1565,1
4997,9
3423,2
3290,2
3946,5
5300,14
4677,1
