3923;2605,1.0
165;3237,1.0
4784;2736,1.0
3259;3517,1.0
1948;1949,1.0
3256;355,1.0
1263;3836,1.0
3850;1285,1.0
2858;2282,0.5
2858;2595,0.5
1791;1790,1.0
2852;1057,1.0
2857;2856,1.0
1496;3979,1.0
914;470,1.0
1498;3981,1.0
4170;1886,1.0
2319;4488,1.0
1708;4113,1.0
2310;4535,1.0
4188;2880,1.0
290;2676,1.0
3659;2461,0.5
3659;993,0.5
3770;1166,1.0
1083;3724,1.0
3776;1188,1.0
3775;1134,0.333333333333
3775;1185,0.666666666667
3774;1184,0.5
3774;1158,0.5
1089;1088,1.0
969;3642,1.0
4654;2373,1.0
273;3290,1.0
274;5001,1.0
275;3293,1.0
2824;2739,1.0
3677;1021,1.0
2988;362,1.0
3748;656,1.0
3025;4967,0.333333333333
3025;2998,0.666666666667
2381;4535,0.5
2381;4536,0.5
2383;4538,1.0
520;3416,1.0
2262;4451,1.0
1017;3673,1.0
2267;1390,1.0
5003;1499,0.25
5003;3071,0.75
5001;2184,1.0
2768;690,1.0
2446;2445,1.0
4210;1871,1.0
4213;1874,1.0
4212;1873,1.0
440;379,1.0
444;114,1.0
2103;2124,1.0
4350;4633,1.0
798;797,1.0
1843;4190,1.0
1842;4190,0.5
1842;1841,0.5
909;3606,1.0
1844;4191,1.0
1537;4013,1.0
1536;469,1.0
3097;5016,1.0
4624;1200,0.5
4624;1198,0.5
432;2911,1.0
1538;842,1.0
243;3278,0.5
243;241,0.5
332;3317,1.0
3298;3738,1.0
3459;2261,1.0
3515;4216,0.5
3515;706,0.5
3630;4223,1.0
93;3202,1.0
2119;4351,1.0
3203;387,1.0
1625;4065,1.0
1998;1992,1.0
1628;460,1.0
740;743,0.666666666667
740;734,0.333333333333
2862;4859,1.0
172;3242,1.0
746;997,1.0
555;563,0.75
555;560,0.25
2869;2868,1.0
553;1619,1.0
4611;2498,1.0
4612;2499,1.0
4617;2507,1.0
2940;1590,1.0
1050;3695,1.0
2341;4504,0.5
2341;4503,0.5
2343;4506,0.5
2343;4505,0.5
2342;4505,1.0
2220;2229,1.0
1694;4099,1.0
611;613,1.0
616;1897,1.0
998;997,1.0
4506;2272,0.5
4506;2183,0.5
1889;4222,1.0
2089;2081,1.0
2124;3088,1.0
946;3628,1.0
945;3628,1.0
3112;3113,1.0
3431;539,1.0
1572;1275,1.0
1571;1570,1.0
1570;2440,0.333333333333
1570;2365,0.666666666667
2537;4635,1.0
682;3509,1.0
2714;4272,0.333333333333
2714;4764,0.666666666667
4261;1978,1.0
2652;4718,1.0
138;168,1.0
4389;5025,1.0
1834;1833,0.5
1834;4187,0.5
3796;1132,1.0
4386;2179,0.5
4386;1913,0.5
2406;1128,1.0
1373;1461,1.0
404;405,1.0
1374;21,1.0
401;402,0.5
401;3359,0.5
400;224,1.0
2159;4366,1.0
934;3618,1.0
3938;2527,1.0
3934;1412,0.5
3934;1311,0.5
3931;1312,1.0
1955;1250,1.0
1957;1692,1.0
1956;1930,1.0
4039;429,1.0
4139;1769,0.5
4139;4138,0.5
3730;1091,0.333333333333
3730;1076,0.666666666667
3241;172,1.0
3240;171,1.0
378;3345,1.0
4487;2306,1.0
4483;2301,1.0
3849;2223,1.0
372;367,1.0
4488;4487,0.4
4488;2304,0.6
2902;2901,1.0
2901;4874,1.0
2904;277,1.0
3301;296,1.0
2309;4490,1.0
2308;4489,0.5
2308;4917,0.5
2303;4484,1.0
2305;2303,1.0
2307;4488,1.0
2306;2304,0.8
2306;2307,0.2
1658;4083,0.666666666667
1658;4084,0.333333333333
1659;2973,1.0
7;1601,1.0
4340;2101,1.0
1656;4084,1.0
3663;998,1.0
3662;996,1.0
4255;1951,1.0
1137;3756,0.75
1137;3757,0.25
3743;395,1.0
3741;1102,1.0
2060;2059,1.0
241;3070,1.0
2839;2714,0.333333333333
2839;2703,0.666666666667
242;241,1.0
3391;4728,1.0
3393;473,1.0
1432;1433,1.0
2273;4457,1.0
2576;4657,1.0
510;1966,1.0
515;516,1.0
3593;883,1.0
459;374,1.0
1224;1221,0.5
1224;3804,0.5
625;623,1.0
624;623,1.0
3599;401,1.0
1344;2184,1.0
2453;4581,1.0
1084;3725,1.0
1873;4212,1.0
173;3241,1.0
4342;4360,1.0
171;3242,1.0
170;119,1.0
2881;2757,1.0
4538;2383,1.0
970;3646,0.5
970;3644,0.5
4536;2310,1.0
4530;2374,1.0
182;3247,1.0
183;3249,0.5
183;3247,0.5
2115;620,1.0
2622;4693,1.0
3872;1310,1.0
3527;377,1.0
1913;1331,1.0
192;485,1.0
1916;4233,1.0
3449;579,1.0
3880;1332,1.0
271;3291,1.0
863;3585,1.0
3225;88,0.5
3225;141,0.5
2754;2756,1.0
2027;4297,1.0
2698;2293,1.0
882;3593,1.0
888;554,1.0
4764;2714,0.75
4764;2703,0.25
3236;3349,0.333333333333
3236;163,0.666666666667
1618;1601,1.0
1619;1618,1.0
1964;949,1.0
1965;2157,1.0
3238;165,0.25
3238;2639,0.125
3238;1242,0.625
3239;114,0.666666666667
3239;3374,0.333333333333
203;3261,1.0
205;3261,1.0
2875;2475,1.0
2874;1914,1.0
779;3534,1.0
2979;4929,1.0
3359;401,1.0
29;3155,1.0
2331;2329,1.0
1479;3970,1.0
2334;1541,1.0
4718;2652,1.0
3073;1351,1.0
1688;4097,1.0
358;90,0.5
358;3334,0.5
3577;839,1.0
1142;2266,1.0
4304;4851,1.0
667;3503,1.0
4575;441,0.5
4575;2444,0.5
2092;1337,1.0
2527;2526,1.0
1542;742,1.0
2528;2526,1.0
542;544,1.0
1464;1892,0.666666666667
1464;3965,0.333333333333
1466;3967,1.0
2243;4438,1.0
995;3660,1.0
997;4874,1.0
996;994,0.5
996;3662,0.5
2460;1582,1.0
993;3660,1.0
999;981,1.0
2700;4750,1.0
4237;2479,1.0
129;3220,1.0
4234;1516,0.666666666667
4234;1917,0.333333333333
14;3141,1.0
4875;2900,1.0
4401;2197,1.0
2147;4360,1.0
2146;4168,1.0
2141;2643,1.0
1384;1324,1.0
2669;4733,1.0
2796;1643,1.0
4971;2789,0.5
4971;3030,0.5
3826;1252,1.0
318;319,1.0
313;3308,1.0
312;3308,1.0
1920;4237,1.0
1237;3134,1.0
1928;4244,1.0
3279;309,1.0
2444;4575,0.5
2444;443,0.5
838;3576,1.0
839;3577,1.0
2666;4731,1.0
2665;4730,1.0
2662;4728,1.0
361;1342,1.0
389;3631,1.0
1728;4126,1.0
4050;877,0.333333333333
4050;1605,0.666666666667
4750;2700,1.0
1723;4122,0.5
1723;1716,0.5
3759;1148,1.0
572;3446,1.0
3756;1137,0.6
3756;1052,0.4
3310;314,1.0
254;3287,1.0
2206;2205,1.0
1582;1583,1.0
106;104,1.0
3361;1320,1.0
2369;4526,1.0
2366;4522,0.333333333333
2366;1834,0.666666666667
2365;1834,0.5
2365;4522,0.5
1031;3682,1.0
1359;2359,1.0
1216;3798,1.0
1353;152,1.0
5020;5022,1.0
1218;3802,1.0
2423;2422,1.0
168;167,1.0
1868;1866,0.75
1868;1384,0.25
161;3284,1.0
162;161,0.666666666667
162;3234,0.333333333333
163;3238,0.5
163;3236,0.5
964;969,1.0
4931;2981,1.0
3689;1042,1.0
4051;1606,0.666666666667
4051;1389,0.333333333333
3683;484,1.0
4526;2370,1.0
4522;3093,0.666666666667
4522;2366,0.333333333333
3684;1051,1.0
1106;496,1.0
1100;1099,1.0
32;3156,1.0
2514;4624,1.0
2101;4340,1.0
2100;4339,1.0
2510;2508,1.0
2639;4707,1.0
4086;1658,1.0
1810;4170,1.0
1811;4170,1.0
878;886,1.0
877;878,1.0
3433;541,1.0
1818;4175,1.0
1819;4176,1.0
4847;2847,1.0
891;3597,0.5
891;3598,0.5
893;895,1.0
1601;1600,1.0
1600;949,1.0
3548;803,1.0
3549;804,1.0
1606;4051,1.0
353;354,1.0
351;3331,1.0
950;3631,1.0
803;3549,1.0
801;3547,0.5
801;3546,0.5
3981;941,1.0
3982;5036,1.0
804;3549,1.0
3610;915,1.0
2967;4924,0.333333333333
2967;4923,0.333333333333
2967;1664,0.333333333333
2846;4846,0.2
2846;2845,0.8
2847;1405,1.0
2845;717,1.0
2968;4923,1.0
765;766,1.0
3320;93,1.0
3321;257,1.0
956;3636,0.333333333333
956;3635,0.333333333333
956;3634,0.333333333333
1079;3720,1.0
2329;1322,1.0
4708;165,1.0
289;288,1.0
288;433,0.666666666667
288;1550,0.333333333333
1674;4089,1.0
285;236,0.5
285;3298,0.5
284;283,1.0
1673;684,1.0
1091;3730,1.0
4337;2098,1.0
676;3504,1.0
677;3507,1.0
670;671,1.0
3136;1924,1.0
4567;2442,1.0
3644;584,0.666666666667
3644;970,0.333333333333
1082;3725,1.0
2551;4642,1.0
4642;2562,1.0
3030;4971,1.0
537;3429,1.0
531;3859,1.0
530;3962,1.0
1413;3933,1.0
2253;2252,1.0
1417;4088,1.0
2779;271,1.0
5018;3101,0.333333333333
5018;2007,0.666666666667
2495;4610,1.0
4634;4635,1.0
2871;2966,0.666666666667
2871;2964,0.333333333333
4208;990,1.0
4200;1853,1.0
118;121,1.0
4204;1857,1.0
4205;3301,1.0
1858;4205,1.0
2784;2601,1.0
4806;2790,1.0
4807;2686,1.0
1856;4204,1.0
1857;1848,0.5
1857;4203,0.5
428;2132,1.0
1255;3828,1.0
1523;4001,1.0
4967;3025,0.5
4967;2249,0.5
4966;2593,1.0
3813;1236,1.0
1627;4065,0.75
1627;1626,0.25
307;3306,1.0
1931;1932,1.0
3262;205,1.0
1938;4247,1.0
847;532,1.0
840;3577,1.0
849;1958,1.0
3686;1039,1.0
4066;4931,0.5
4066;1630,0.5
3358;729,1.0
3053;4651,1.0
1042;3688,0.666666666667
1042;3689,0.333333333333
560;2527,0.666666666667
560;1416,0.333333333333
3609;723,0.5
3609;913,0.5
563;564,1.0
3070;203,1.0
2180;4386,1.0
2958;2650,0.285714285714
2958;2134,0.714285714286
4608;2493,1.0
2184;4390,1.0
4603;2776,1.0
1021;1024,1.0
1186;1363,1.0
1184;3774,1.0
1181;1180,1.0
726;727,1.0
622;3472,0.5
622;621,0.5
1741;4131,1.0
1166;3770,1.0
2433;4565,1.0
4244;1928,0.666666666667
4244;1973,0.333333333333
1201;2186,1.0
608;2543,1.0
4457;2793,0.4
4457;2273,0.6
4277;2000,1.0
1893;4226,1.0
4923;2967,0.666666666667
4923;2537,0.333333333333
2135;1638,1.0
4924;2968,0.5
4924;2965,0.5
3105;5022,1.0
4929;2979,0.5
4929;581,0.5
3103;5020,1.0
1110;735,1.0
1444;3951,1.0
1443;1224,1.0
1117;240,1.0
2504;2505,1.0
4097;1688,1.0
2722;565,1.0
2640;3027,1.0
488;849,1.0
4390;2343,0.5
4390;2272,0.166666666667
4390;2183,0.333333333333
4391;2904,1.0
2000;4277,0.5
2000;1998,0.5
1362;1399,1.0
4856;2859,1.0
4855;2857,1.0
