1869;3301,1.0
4024;1561,0.909090909091
4024;2019,0.0909090909091
4025;1562,0.5
4025;4675,0.5
4022;2065,1.0
4020;1554,1.0
1868;1384,0.153846153846
1868;1866,0.461538461538
1868;4209,0.384615384615
4029;2201,0.5
4029;1566,0.5
4642;2551,0.170731707317
4642;2562,0.829268292683
966;582,0.111111111111
966;3640,0.75
966;3641,0.111111111111
966;957,0.0277777777778
344;3325,0.777777777778
344;149,0.222222222222
345;3327,1.0
346;3327,0.5
346;3329,0.5
347;3328,1.0
341;3323,1.0
342;3324,0.5
342;1925,0.5
343;3325,1.0
3996;4001,1.0
3995;2570,1.0
3993;1643,1.0
349;352,0.5
349;3331,0.5
3990;3989,1.0
4930;581,1.0
4932;2982,0.111111111111
4932;581,0.888888888889
4685;2612,0.2
4685;2608,0.8
4935;5038,0.538461538462
4935;3122,0.461538461538
4732;2668,0.315789473684
4732;2663,0.473684210526
4732;2867,0.210526315789
4733;2864,0.0409356725146
4733;2530,0.602339181287
4733;2669,0.356725146199
4730;2868,0.555555555556
4730;2665,0.166666666667
4730;2666,0.277777777778
4731;2666,0.292307692308
4731;2665,0.0153846153846
4731;2868,0.692307692308
4737;351,1.0
4734;2670,1.0
4735;2671,1.0
4739;2682,1.0
2313;4489,1.0
2310;4535,1.0
2184;4389,0.23
2184;4390,0.645
2184;4391,0.125
299;298,1.0
296;1372,0.740740740741
296;1744,0.259259259259
297;294,0.227272727273
297;296,0.590909090909
297;3302,0.181818181818
295;296,0.3125
295;3302,0.6875
292;291,1.0
290;2676,1.0
3771;1176,1.0
3770;543,0.305555555556
3770;3769,0.416666666667
3770;1166,0.277777777778
3776;1188,0.98
3776;4892,0.02
3775;1134,0.352490421456
3775;1185,0.386973180077
3775;472,0.260536398467
3774;1184,0.161572052402
3774;1158,0.838427947598
4523;2367,0.647058823529
4523;2452,0.352941176471
3686;1039,1.0
270;3290,0.935483870968
270;3291,0.0645161290323
271;3290,0.5
271;3291,0.357142857143
271;272,0.142857142857
272;2783,0.818181818182
272;1181,0.181818181818
4656;2573,1.0
274;1334,0.512820512821
274;5001,0.487179487179
275;274,0.569892473118
275;3293,0.430107526882
277;274,0.191666666667
277;3293,0.808333333333
279;3296,0.24
279;3294,0.76
4658;2577,0.5
4658;1256,0.5
2268;1162,1.0
2269;1162,1.0
2262;4451,1.0
2263;4773,0.4
2263;4452,0.6
2267;1390,0.532467532468
2267;4455,0.467532467532
2440;1846,0.125
2440;3019,0.875
2446;4576,0.379310344828
2446;2445,0.620689655172
2447;4577,1.0
2444;443,0.844827586207
2444;4575,0.155172413793
109;110,0.125
109;3213,0.875
102;1374,1.0
103;102,1.0
106;104,0.194444444444
106;3211,0.722222222222
106;3210,0.0833333333333
107;104,0.32
107;3210,0.12
107;3211,0.56
104;126,1.0
105;3210,0.142857142857
105;3211,0.369047619048
105;104,0.488095238095
2047;554,1.0
4811;2796,1.0
2045;2037,1.0
2042;4306,1.0
2040;4451,1.0
2041;2040,1.0
2048;2523,0.285714285714
2048;2528,0.714285714286
2049;3099,1.0
2839;4842,0.0217391304348
2839;2714,0.673913043478
2839;2703,0.304347826087
4843;1839,1.0
2835;4841,0.666666666667
2835;1269,0.333333333333
3519;2942,1.0
3511;502,1.0
3516;3515,0.0909090909091
3516;3514,0.909090909091
3515;4216,0.259259259259
3515;706,0.740740740741
3514;2860,1.0
2684;4033,0.571428571429
2684;4741,0.0714285714286
2684;2681,0.357142857143
2686;512,0.25
2686;4743,0.75
2687;4743,1.0
2680;1022,1.0
2682;2883,1.0
1436;1435,0.75
1436;136,0.25
3999;1519,1.0
3390;467,0.631578947368
3390;3879,0.368421052632
3998;1519,1.0
91;3202,0.25
91;3203,0.75
90;3203,1.0
93;3202,0.846153846154
93;3203,0.153846153846
92;3203,0.666666666667
92;3202,0.333333333333
94;3204,0.0294117647059
94;4027,0.970588235294
1623;1624,1.0
1990;4270,1.0
1993;4271,1.0
3204;95,0.916666666667
3204;94,0.0833333333333
1995;4764,0.777777777778
1995;4272,0.222222222222
3202;92,0.333333333333
3202;1726,0.5
3202;1407,0.166666666667
1625;1626,0.658536585366
1625;4065,0.341463414634
1996;1995,0.744186046512
1996;4273,0.162790697674
1996;4274,0.093023255814
1999;4276,0.458333333333
1999;4275,0.291666666667
1999;1992,0.25
348;3327,1.0
1629;4066,1.0
1628;460,0.268156424581
1628;1629,0.731843575419
2860;4857,0.833333333333
2860;264,0.166666666667
2861;2497,0.129032258065
2861;4858,0.258064516129
2861;2501,0.612903225806
2862;4859,1.0
559;71,0.0645161290323
559;3439,0.935483870968
558;71,0.0294117647059
558;3438,0.323529411765
558;3439,0.205882352941
558;3440,0.441176470588
2866;2865,0.333333333333
2866;2671,0.666666666667
2867;2866,1.0
2868;2867,0.192307692308
2868;2663,0.615384615385
2868;2668,0.192307692308
2869;2868,0.641025641026
2869;2665,0.128205128205
2869;2666,0.230769230769
557;3439,0.4
557;3438,0.2
557;3440,0.4
556;732,1.0
553;1619,1.0
1199;3784,0.203389830508
1199;3783,0.796610169492
1198;3782,0.093023255814
1198;3783,0.46511627907
1198;3784,0.441860465116
3348;2274,1.0
3349;1095,1.0
3342;370,1.0
3343;371,0.555555555556
3343;2116,0.444444444444
1193;1130,0.75
1193;3780,0.25
3346;379,1.0
1194;1196,1.0
3344;372,1.0
1874;4213,0.5
1874;4212,0.4
1874;4211,0.1
1754;1863,1.0
4259;1973,1.0
4258;1960,1.0
1173;1174,1.0
1170;2271,0.75
1170;2269,0.25
4251;1941,0.5
4251;445,0.5
4253;2274,0.0975609756098
4253;1946,0.90243902439
4255;1951,1.0
4254;1947,0.166666666667
4254;2795,0.833333333333
4256;1951,0.25
4256;1953,0.25
4256;1952,0.5
1285;3851,0.285714285714
1285;3850,0.142857142857
1285;3849,0.571428571429
1287;3852,1.0
1286;3849,0.72
1286;3850,0.12
1286;3851,0.16
1281;1671,0.548387096774
1281;1672,0.451612903226
1280;1279,0.416666666667
1280;1281,0.583333333333
1282;3848,0.0485436893204
1282;666,0.95145631068
515;3371,0.0350877192982
515;516,0.964912280702
1289;3856,0.333333333333
1289;3855,0.5
1289;3853,0.166666666667
1578;4036,1.0
877;876,0.6
877;878,0.4
1572;1275,1.0
687;686,0.423076923077
687;689,0.576923076923
1570;2365,0.578680203046
1570;2440,0.421319796954
681;680,1.0
680;2985,0.4
680;4934,0.6
1575;2681,0.142857142857
1575;4033,0.714285714286
1575;4741,0.142857142857
682;680,0.965517241379
682;3509,0.0344827586207
623;2873,0.153846153846
623;1909,0.846153846154
4188;1837,0.0127388535032
4188;2880,0.987261146497
1225;1047,0.733333333333
1225;3806,0.238095238095
1225;779,0.0285714285714
1873;4211,0.295918367347
1873;4213,0.030612244898
1873;4212,0.673469387755
1223;3804,1.0
626;3474,0.0285714285714
626;3475,0.4
626;3473,0.571428571429
4389;2182,0.578947368421
4389;5025,0.421052631579
4388;4337,0.16
4388;1085,0.84
1221;1243,0.5
1221;1453,0.5
2036;2033,1.0
4381;2174,1.0
4380;2173,0.5
4380;4382,0.5
4387;2180,0.5
4387;522,0.5
4386;2179,0.586956521739
4386;1913,0.413043478261
406;142,1.0
1373;1580,0.142857142857
1373;1461,0.428571428571
1373;2166,0.0238095238095
1373;3904,0.404761904762
1372;1371,0.843137254902
1372;1373,0.156862745098
1375;3905,1.0
1374;21,1.0
1377;3907,0.266666666667
1377;3864,0.733333333333
1376;3905,0.5
1376;37,0.5
2744;4878,0.909090909091
2744;4792,0.0909090909091
3835;1262,1.0
1343;3886,1.0
3830;2699,0.583333333333
3830;811,0.0833333333333
3830;1257,0.333333333333
2030;988,1.0
3839;4841,1.0
4031;1568,0.7
4031;4408,0.3
4033;1575,0.333333333333
4033;1576,0.666666666667
4032;1576,0.181818181818
4032;1574,0.818181818182
4035;1577,1.0
4034;1575,0.615384615385
4034;1574,0.307692307692
4034;1576,0.0769230769231
4039;429,0.934782608696
4039;1582,0.0652173913043
4038;1461,0.0952380952381
4038;3904,0.714285714286
4038;1580,0.190476190476
1228;3809,1.0
2319;4488,1.0
379;380,1.0
378;3345,1.0
4842;2839,0.714285714286
4842;4958,0.285714285714
371;367,0.444444444444
371;3343,0.444444444444
371;3344,0.111111111111
370;369,0.866666666667
370;3341,0.133333333333
373;3344,0.666666666667
373;3343,0.333333333333
372;3343,0.214285714286
372;3344,0.357142857143
372;367,0.428571428571
375;1474,0.987341772152
375;1478,0.0126582278481
377;3345,1.0
2315;4494,1.0
391;390,1.0
390;434,0.5
390;1551,0.5
395;3356,0.190476190476
395;3354,0.142857142857
395;3355,0.571428571429
395;3353,0.0952380952381
394;181,1.0
2309;2308,0.806451612903
2309;4490,0.193548387097
2308;4917,0.113636363636
2308;4489,0.886363636364
4729;2663,0.093023255814
4729;2668,0.627906976744
4729;2867,0.279069767442
4728;1460,0.954545454545
4728;2662,0.0454545454545
2301;1056,1.0
2300;1913,1.0
2303;4484,0.1875
2303;2302,0.8125
2302;2893,1.0
2305;4485,0.203703703704
2305;4486,0.037037037037
2305;2303,0.759259259259
4720;2654,1.0
2307;4488,1.0
2306;2304,0.15
2306;2307,0.796875
2306;4487,0.053125
3748;1079,0.5
3748;656,0.25
3748;1126,0.25
3746;1159,0.116666666667
3746;1117,0.883333333333
3747;4557,1.0
3745;1156,0.818181818182
3745;1114,0.181818181818
3742;3794,1.0
3743;395,1.0
3740;3758,0.166666666667
3740;1105,0.833333333333
3741;1102,0.837209302326
3741;1108,0.156976744186
3741;4949,0.00581395348837
245;380,0.75
245;3346,0.25
4621;2693,0.5
4621;2511,0.5
246;245,1.0
4624;2514,0.283185840708
4624;1882,0.0176991150442
4624;1198,0.185840707965
4624;1200,0.513274336283
4625;2516,1.0
4626;2518,1.0
242;241,0.666666666667
242;3278,0.333333333333
249;3281,0.5
249;3279,0.5
248;3281,0.333333333333
248;3280,0.333333333333
248;3279,0.333333333333
2274;4458,0.428571428571
2274;4457,0.571428571429
2270;1032,1.0
2273;4458,0.142857142857
2273;4457,0.857142857143
2278;4461,1.0
2459;4585,1.0
2458;4584,1.0
2454;835,1.0
2451;2572,1.0
2453;4582,0.363636363636
2453;4581,0.242424242424
2453;2372,0.393939393939
2452;4581,1.0
179;3245,1.0
178;3246,0.03125
178;3245,0.8125
178;180,0.15625
173;3242,0.6
173;3241,0.4
172;3241,0.222222222222
172;3242,0.777777777778
171;3242,1.0
170;803,0.666666666667
170;119,0.333333333333
3699;4651,0.1
3699;1055,0.9
2053;4310,1.0
4538;2539,0.0961538461538
4538;4636,0.0512820512821
4538;2383,0.852564102564
2054;1536,0.428571428571
2054;1857,0.571428571429
4828;2814,1.0
2056;4313,0.363636363636
2056;2051,0.636363636364
3690;1045,1.0
3691;1046,0.5
3691;1826,0.375
3691;1226,0.125
4536;2310,0.977528089888
4536;4538,0.0224719101124
4825;2811,0.947368421053
4825;1747,0.0526315789474
3694;1051,0.5
3694;1049,0.5
3695;2452,0.0909090909091
3695;2367,0.424242424242
3695;1050,0.484848484848
4532;2376,1.0
4821;1867,1.0
4983;2950,0.25
4983;4473,0.5
4983;3044,0.25
3526;765,0.153846153846
3526;1430,0.846153846154
3527;767,0.0350877192982
3527;377,0.964912280702
3524;496,0.176470588235
3524;1107,0.823529411765
3523;3524,1.0
4655;2572,1.0
4654;2373,0.807692307692
4654;2571,0.192307692308
1977;4260,0.2
1977;2578,0.3
1977;2770,0.4
1977;2792,0.1
273;272,0.273684210526
273;3290,0.663157894737
273;3291,0.0631578947368
2699;1923,1.0
2698;1305,0.451612903226
2698;2293,0.548387096774
2696;4747,1.0
2694;2511,1.0
1226;3807,0.272727272727
1226;1039,0.454545454545
1226;3808,0.272727272727
3226;142,1.0
4652;2569,1.0
3672;1015,1.0
1971;1959,0.769230769231
1971;1976,0.230769230769
4557;1048,0.5
4557;2406,0.25
4557;2407,0.25
1748;4134,1.0
1606;4051,1.0
4554;1128,0.125
4554;2404,0.875
4555;2405,0.283950617284
4555;4557,0.617283950617
4555;1118,0.0987654320988
3236;353,0.487179487179
3236;163,0.384615384615
3236;3349,0.128205128205
3237;164,0.727272727273
3237;287,0.272727272727
1618;1601,1.0
1619;1618,1.0
1616;1389,1.0
4552;4640,0.333333333333
4552;2402,0.666666666667
3238;165,0.510791366906
3238;2639,0.194244604317
3238;1242,0.294964028777
1967;1965,1.0
1961;1163,0.613636363636
1961;1089,0.159090909091
1961;4456,0.227272727273
1962;1961,1.0
4553;2427,0.277777777778
4553;2400,0.388888888889
4553;2403,0.333333333333
4550;2427,0.305555555556
4550;2400,0.416666666667
4550;2403,0.277777777778
4551;1363,0.767441860465
4551;2401,0.232558139535
2872;2871,1.0
2871;2966,0.524822695035
2871;2964,0.475177304965
2870;2869,1.0
2877;492,1.0
2876;4912,0.666666666667
2876;4478,0.333333333333
2875;2475,1.0
2874;1891,0.277777777778
2874;1914,0.722222222222
3356;4560,1.0
3351;387,1.0
3353;395,1.0
3352;394,0.875
3352;2439,0.125
1360;1359,0.2
1360;3896,0.4
1360;307,0.4
3359;401,0.837209302326
3359;1210,0.162790697674
3358;400,0.75
3358;729,0.25
1768;1769,0.535714285714
1768;4138,0.0892857142857
1768;4137,0.375
1142;2266,1.0
1143;848,1.0
1146;1147,1.0
1144;2339,1.0
1149;3760,0.846153846154
1149;1150,0.153846153846
4982;4983,1.0
696;508,0.994413407821
696;1877,0.00558659217877
694;3511,1.0
695;505,1.0
1548;3130,0.0909090909091
1548;1321,0.909090909091
1549;1548,0.666666666667
1549;256,0.333333333333
542;544,1.0
1780;4149,1.0
540;3433,0.557894736842
540;3432,0.378947368421
540;3431,0.0631578947368
546;3435,1.0
547;548,0.578947368421
547;549,0.421052631579
548;1169,1.0
765;766,0.620689655172
765;3526,0.224137931034
765;378,0.155172413793
4531;2375,1.0
414;3362,0.333333333333
414;3363,0.666666666667
416;3364,1.0
417;835,0.166666666667
417;728,0.833333333333
410;2604,1.0
1389;884,0.0578512396694
1389;3917,0.528925619835
1389;3919,0.0743801652893
1389;3918,0.338842975207
412;459,0.959183673469
412;3385,0.0408163265306
413;257,0.407407407407
413;339,0.037037037037
413;3361,0.555555555556
1384;3914,0.0833333333333
1384;1324,0.916666666667
1385;3914,1.0
1386;3914,0.571428571429
1386;3915,0.285714285714
1386;1324,0.142857142857
1387;3916,1.0
418;399,0.787878787879
418;417,0.212121212121
419;1146,1.0
1382;3911,0.666666666667
1382;3912,0.216666666667
1382;3913,0.116666666667
1383;3913,0.4
1383;3912,0.2
1383;3911,0.4
3827;2116,0.363636363636
3827;1253,0.454545454545
3827;371,0.181818181818
3826;610,0.533333333333
3826;3827,0.333333333333
3826;1252,0.133333333333
3825;1218,0.5
3825;1255,0.5
3822;1245,1.0
3821;1223,0.285714285714
3821;1244,0.714285714286
3828;1218,0.944444444444
3828;1251,0.0555555555556
5000;2954,0.333333333333
5000;3066,0.666666666667
4280;2430,0.714285714286
4280;1724,0.285714285714
4286;2013,1.0
4287;2014,0.125
4287;4746,0.625
4287;1614,0.25
4284;2009,0.666666666667
4284;4611,0.333333333333
4285;2501,1.0
4289;2762,1.0
368;3341,0.4
368;3342,0.4
368;369,0.2
369;1465,0.5
369;2787,0.5
362;3336,0.027027027027
362;3337,0.756756756757
362;3338,0.216216216216
360;1281,0.5
360;1279,0.5
361;1620,0.282894736842
361;1342,0.717105263158
380;1058,0.428571428571
380;310,0.571428571429
381;382,1.0
382;3929,0.111111111111
382;74,0.777777777778
382;244,0.111111111111
383;213,1.0
385;3349,1.0
387;388,0.4
387;3350,0.6
388;339,0.210526315789
388;3361,0.368421052632
388;257,0.421052631579
389;3631,1.0
4750;2394,0.176470588235
4750;2700,0.823529411765
4753;2714,1.0
4754;2232,0.5
4754;2704,0.5
4756;1246,1.0
4757;2602,1.0
3759;1148,1.0
3751;1129,1.0
3750;2404,0.894736842105
3750;1128,0.0526315789474
3750;4556,0.0526315789474
3753;1132,0.230769230769
3753;1213,0.769230769231
3755;1237,1.0
3754;472,0.947368421053
3754;1134,0.0526315789474
3756;1137,0.22
3756;4881,0.34
3756;1052,0.44
2190;280,0.875
2190;4394,0.125
2191;2053,0.166666666667
2191;280,0.5
2191;4394,0.166666666667
2191;4395,0.166666666667
258;1436,1.0
259;258,1.0
4636;349,0.0967741935484
4636;2540,0.903225806452
4635;2967,0.414634146341
4635;2509,0.0487804878049
4635;2688,0.0243902439024
4635;2537,0.512195121951
4634;4633,0.117647058824
4634;4635,0.705882352941
4634;2536,0.176470588235
2198;4402,1.0
251;3283,0.125
251;3282,0.625
251;248,0.25
256;3287,0.8
256;255,0.2
257;3287,1.0
254;3287,1.0
255;2852,1.0
2204;1568,0.636363636364
2204;4408,0.363636363636
2205;4409,0.166666666667
2205;2084,0.555555555556
2205;2204,0.277777777778
2206;1567,0.111111111111
2206;2205,0.888888888889
2207;4411,0.8
2207;980,0.2
2208;597,1.0
2428;1369,0.2
2428;1193,0.8
2420;1876,1.0
2421;2420,0.454545454545
2421;2417,0.545454545455
2423;2424,0.1875
2423;2422,0.8125
2427;2397,0.146341463415
2427;1012,0.121951219512
2427;2431,0.731707317073
901;3599,0.529411764706
901;3602,0.294117647059
901;3601,0.0588235294118
901;3600,0.117647058824
168;167,0.669491525424
168;166,0.330508474576
169;170,0.964285714286
169;3239,0.0357142857143
164;3238,0.75
164;3237,0.25
165;3236,0.05
165;3237,0.571428571429
165;3238,0.378571428571
166;1455,0.936170212766
166;697,0.063829787234
167;331,0.454545454545
167;162,0.545454545455
161;105,0.357142857143
161;3285,0.0178571428571
161;3284,0.625
162;3234,0.56
162;3235,0.28
162;161,0.16
163;3236,0.641975308642
163;3237,0.271604938272
163;3238,0.0864197530864
3689;624,0.010989010989
3689;1042,0.967032967033
3689;2975,0.021978021978
3683;484,0.381443298969
3683;1031,0.618556701031
4526;4532,0.3125
4526;2370,0.6875
3681;937,0.5
3681;1029,0.5
4524;4523,0.857142857143
4524;446,0.142857142857
3687;663,0.037037037037
3687;1040,0.962962962963
4522;2366,0.346153846154
4522;3093,0.576923076923
4522;3018,0.0769230769231
4521;2440,1.0
3684;1051,0.5
3684;1034,0.0238095238095
3684;1049,0.47619047619
1843;4190,0.888888888889
1843;1841,0.111111111111
2514;2515,0.0357142857143
2514;4624,0.964285714286
2515;2126,1.0
2517;2464,1.0
2510;2508,0.3
2510;4620,0.2
2510;4619,0.5
2511;2510,0.75
2511;4622,0.25
2734;4783,0.75
2734;2727,0.0833333333333
2734;4782,0.166666666667
2736;4784,0.468085106383
2736;4785,0.0212765957447
2736;1072,0.510638297872
2737;1072,1.0
2730;4778,0.929824561404
2730;2728,0.0701754385965
2733;4781,0.7
2733;4780,0.3
2738;2733,1.0
2739;4787,0.1
2739;2740,0.9
3531;775,1.0
3533;778,1.0
3532;776,1.0
3535;2525,0.307692307692
3535;780,0.692307692308
3534;1047,1.0
3537;4127,1.0
3539;2153,0.222222222222
3539;787,0.777777777778
1090;1088,1.0
4425;2348,0.8
4425;2352,0.2
1091;3730,0.954314720812
1091;3732,0.0456852791878
1816;1868,0.8125
1816;2381,0.1875
1817;877,1.0
1810;4169,0.158357771261
1810;1809,0.00293255131965
1810;4170,0.838709677419
1811;4169,0.185185185185
1811;4170,0.814814814815
1812;4172,0.25
1812;4173,0.6875
1812;4171,0.0625
1093;3732,0.181818181818
1093;3731,0.454545454545
1093;3730,0.363636363636
1818;4175,1.0
1819;421,0.0252100840336
1819;4176,0.974789915966
676;3505,0.515151515152
676;667,0.151515151515
676;3504,0.333333333333
677;3507,1.0
670;671,1.0
671;2415,0.75
671;839,0.25
2164;4371,1.0
4950;3002,0.51724137931
4950;1685,0.48275862069
2166;2164,0.5
2166;3424,0.5
1979;4262,1.0
1978;4261,1.0
1601;1600,0.5
1601;1599,0.5
1600;949,1.0
1603;4048,0.125
1603;200,0.875
1974;1649,0.888888888889
1974;870,0.111111111111
1605;1388,0.521276595745
1605;4050,0.478723404255
3220;439,0.833333333333
3220;131,0.166666666667
3223;136,0.5625
3223;1435,0.4375
3222;133,1.0
809;3554,0.363636363636
809;3555,0.318181818182
809;810,0.318181818182
803;3549,0.5
803;179,0.5
908;542,0.413043478261
908;3605,0.586956521739
801;3547,0.47619047619
801;3546,0.428571428571
801;3545,0.0952380952381
800;3546,0.5
800;3547,0.5
804;179,0.352941176471
804;3549,0.647058823529
2849;1778,0.75
2849;4849,0.25
2846;2845,0.685714285714
2846;4846,0.314285714286
2847;1405,0.833333333333
2847;4847,0.166666666667
2845;717,1.0
2840;1248,1.0
2841;4843,0.166666666667
2841;976,0.833333333333
3320;338,0.0540540540541
3320;93,0.918918918919
3320;387,0.027027027027
3321;3361,0.236842105263
3321;257,0.421052631579
3321;339,0.342105263158
3322;342,1.0
3323;342,1.0
3324;342,0.923076923077
3324;341,0.0769230769231
3326;345,1.0
3327;164,1.0
3329;348,1.0
2612;2215,0.0294117647059
2612;4685,0.970588235294
3971;540,0.526315789474
3971;3970,0.368421052632
3971;1480,0.105263157895
1771;464,0.111111111111
1771;4142,0.888888888889
1772;4142,1.0
1779;1777,0.222222222222
1779;4148,0.777777777778
1778;1777,1.0
1100;931,0.294117647059
1100;1099,0.705882352941
2999;4947,0.625
2999;4946,0.25
2999;4948,0.125
1157;3765,1.0
3976;1492,1.0
1151;3744,1.0
1150;643,0.125
1150;4793,0.875
1153;1138,0.1
1153;3761,0.3
1153;397,0.6
1551;4017,1.0
1550;4017,0.125
1550;1026,0.875
1553;4019,1.0
1552;4017,0.5
1552;1026,0.5
3038;2502,0.866666666667
3038;4978,0.133333333333
1554;4019,1.0
1556;223,1.0
3034;4977,0.5
3034;3035,0.5
3036;4977,0.333333333333
3036;3035,0.666666666667
2993;4941,0.0833333333333
2993;4942,0.0333333333333
2993;2631,0.883333333333
51;3174,1.0
2995;4943,1.0
2996;4943,0.545454545455
2996;2621,0.454545454545
3033;2948,0.666666666667
3033;2236,0.333333333333
537;536,0.286821705426
537;3429,0.713178294574
536;3428,0.904761904762
536;905,0.0952380952381
535;262,0.647058823529
535;534,0.352941176471
531;3859,0.554621848739
531;3858,0.319327731092
531;3426,0.126050420168
530;3962,1.0
539;3433,0.103448275862
539;3432,0.896551724138
1976;1948,1.0
3030;4971,1.0
3032;4973,0.333333333333
3032;4972,0.333333333333
3032;2503,0.333333333333
52;1703,0.8
52;3175,0.2
428;2132,0.322580645161
428;1358,0.677419354839
421;424,1.0
420;419,0.428571428571
420;289,0.571428571429
1395;3923,0.191011235955
1395;3924,0.808988764045
422;3365,0.206896551724
422;3366,0.551724137931
422;3367,0.103448275862
422;424,0.137931034483
425;1106,1.0
1392;3920,0.6
1392;3921,0.4
1391;3920,1.0
1390;884,0.139534883721
1390;3917,0.441860465116
1390;3919,0.0697674418605
1390;3918,0.348837209302
3812;1235,0.875
3812;2520,0.125
3813;1236,1.0
3810;1231,0.3
3810;308,0.2
3810;3811,0.5
3811;5031,0.153846153846
3811;227,0.0769230769231
3811;1232,0.769230769231
3814;1136,0.666666666667
3814;1237,0.333333333333
3818;4174,1.0
850;1647,1.0
4299;4672,0.406779661017
4299;2031,0.593220338983
4298;2410,0.63829787234
4298;2028,0.36170212766
4294;2024,1.0
4749;2699,1.0
4741;2684,1.0
2183;4391,0.361111111111
2183;4390,0.583333333333
2183;4389,0.0555555555556
2182;4390,1.0
2181;4388,1.0
2180;519,0.0975609756098
2180;4387,0.243902439024
2180;4386,0.658536585366
2185;4392,1.0
228;3272,0.0588235294118
228;3271,0.235294117647
228;229,0.705882352941
4606;2777,0.4375
4606;2491,0.5625
226;3269,0.1
226;3267,0.9
2189;4393,0.0416666666667
2189;2187,0.958333333333
2188;2187,0.9375
2188;4393,0.0625
4603;2776,0.115384615385
4603;2488,0.884615384615
4601;4618,0.5
4601;2484,0.5
2210;4413,1.0
4712;2645,0.4
4712;2609,0.2
4712;1874,0.4
2219;4626,1.0
2230;39,0.157894736842
2230;4427,0.842105263158
864;672,1.0
1160;1097,1.0
150;3230,1.0
157;3368,0.521739130435
157;425,0.478260869565
2433;1737,0.027027027027
2433;4566,0.162162162162
2433;4564,0.0810810810811
2433;4565,0.72972972973
158;170,0.954545454545
158;3239,0.0454545454545
2431;2430,1.0
2430;1013,0.764705882353
2430;2428,0.235294117647
2435;4567,1.0
2434;4565,0.6
2434;4566,0.4
2236;4433,0.333333333333
2236;2230,0.666666666667
4519;2377,1.0
4512;4514,0.333333333333
4512;4513,0.333333333333
4512;2349,0.333333333333
4510;4511,0.5
4510;2347,0.5
4511;2348,0.421052631579
4511;2352,0.421052631579
4511;2225,0.105263157895
4511;4516,0.0526315789474
4517;2354,1.0
4515;2348,0.823529411765
4515;2352,0.176470588235
2509;2508,0.166666666667
2509;4619,0.333333333333
2509;4620,0.5
2508;4617,0.115384615385
2508;4618,0.769230769231
2508;2484,0.115384615385
2505;3058,0.157894736842
2505;3054,0.368421052632
2505;4994,0.210526315789
2505;769,0.263157894737
2504;2505,1.0
2503;4616,1.0
2502;2493,0.0588235294118
2502;4616,0.941176470588
2501;4613,0.604395604396
2501;4614,0.395604395604
2500;4613,0.490196078431
2500;4614,0.333333333333
2500;2499,0.176470588235
2726;2708,0.0285714285714
2726;2715,0.942857142857
2726;4774,0.0285714285714
2724;4772,1.0
2722;4771,0.102040816327
2722;565,0.897959183673
1163;3768,0.636363636364
1163;1086,0.363636363636
5044;1321,1.0
5043;3129,1.0
5042;3128,1.0
5041;3127,1.0
3783;1198,0.833333333333
3783;1200,0.166666666667
1805;4166,0.666666666667
1805;1808,0.333333333333
3781;1193,1.0
3786;2592,0.285714285714
3786;1202,0.571428571429
3786;2518,0.142857142857
3784;1199,0.871794871795
3784;1234,0.128205128205
3785;1200,0.157894736842
3785;1198,0.736842105263
3785;1882,0.105263157895
3788;1205,1.0
3789;1206,1.0
4996;17,0.818181818182
4996;3062,0.181818181818
4997;1469,0.68
4997;3063,0.32
4991;1173,1.0
4998;3064,1.0
4999;3065,1.0
3258;201,0.210526315789
3258;481,0.789473684211
3259;3517,0.684210526316
3259;418,0.0526315789474
3259;202,0.263157894737
1948;1949,0.987012987013
1948;1944,0.012987012987
3251;190,1.0
1941;4251,0.5
1941;1025,0.5
3254;444,0.0625
3254;195,0.9375
3255;3375,0.0625
3255;196,0.5625
3255;133,0.375
3256;199,0.4
3256;355,0.6
818;3561,1.0
810;2832,1.0
811;810,0.148148148148
811;3555,0.555555555556
811;3554,0.296296296296
2858;2595,0.179487179487
2858;2282,0.820512820513
1250;1249,1.0
2851;1547,0.619047619048
2851;2809,0.380952380952
2850;4850,1.0
2853;4851,0.525
2853;2851,0.475
2852;2853,0.695652173913
2852;1057,0.173913043478
2852;2564,0.130434782609
2855;1248,0.989130434783
2855;4853,0.0108695652174
1621;1624,1.0
2857;2856,0.431818181818
2857;4855,0.340909090909
2857;2432,0.227272727273
1490;3127,0.16
1490;1670,0.84
1491;1490,0.68
1491;3975,0.14
1491;1311,0.08
1491;1412,0.1
1492;791,0.923076923077
1492;4378,0.0769230769231
1620;374,1.0
3335;142,0.05
3335;358,0.95
1497;605,0.25
1497;3981,0.75
1498;3981,0.464285714286
1498;3980,0.214285714286
1498;605,0.321428571429
3203;387,0.125
3203;93,0.3125
3203;338,0.5625
3338;3340,1.0
423;424,0.5
423;3366,0.5
1626;698,0.857142857143
1626;1475,0.142857142857
1702;4109,1.0
1703;4145,1.0
1704;4108,0.166666666667
1704;4109,0.833333333333
1705;2416,0.571428571429
1705;2255,0.428571428571
1707;4112,0.166666666667
1707;4113,0.166666666667
1707;4111,0.666666666667
1708;4113,0.777777777778
1708;4111,0.222222222222
1709;4111,0.2
1709;4113,0.8
1168;1167,1.0
4572;45,1.0
1998;4275,0.225352112676
1998;4276,0.450704225352
1998;1992,0.323943661972
4575;441,0.811320754717
4575;2444,0.188679245283
1128;778,0.333333333333
1128;3750,0.6
1128;3752,0.0666666666667
1129;778,0.875
1129;3751,0.125
1121;1120,1.0
1122;1135,1.0
2092;1667,0.178571428571
2092;1337,0.642857142857
2092;4334,0.178571428571
2988;4936,0.108333333333
2988;362,0.658333333333
2988;586,0.233333333333
3028;3025,0.947368421053
3028;2249,0.0526315789474
2982;1428,1.0
2981;4931,0.0350877192982
2981;1630,0.964912280702
2980;4930,0.333333333333
2980;1430,0.666666666667
3023;1078,1.0
2986;1178,1.0
2985;802,1.0
3020;4964,1.0
3953;1446,1.0
1018;3674,1.0
1019;3674,0.333333333333
1019;3675,0.333333333333
1019;3676,0.333333333333
522;3416,1.0
301;302,1.0
1014;3671,0.4
1014;3670,0.2
1014;3669,0.4
1015;135,0.285714285714
1015;3672,0.714285714286
1016;3673,0.166666666667
1016;3672,0.5
1016;135,0.333333333333
1017;3672,0.5
1017;3673,0.285714285714
1017;135,0.214285714286
528;527,1.0
1011;3667,0.692307692308
1011;3666,0.153846153846
1011;3668,0.153846153846
1012;3669,1.0
1013;3669,0.6
1013;3671,0.4
1234;1233,0.9
1234;3812,0.1
1235;3812,0.384615384615
1235;1233,0.615384615385
1236;1136,1.0
1237;3134,0.555555555556
1237;3814,0.333333333333
1237;3770,0.111111111111
1232;1231,0.714285714286
1232;308,0.107142857143
1232;3811,0.178571428571
1233;2113,0.0731707317073
1233;3084,0.926829268293
3957;4194,0.166666666667
3957;1450,0.833333333333
4194;422,0.538461538462
4194;4547,0.153846153846
4194;1847,0.307692307692
1238;79,1.0
4193;1838,0.0952380952381
4193;3019,0.047619047619
4193;1846,0.857142857143
4190;1916,1.0
3956;1449,0.375
3956;4551,0.1
3956;1350,0.525
4358;2142,0.829787234043
4358;2141,0.170212765957
4359;2226,1.0
4357;2142,0.904761904762
4357;2141,0.0952380952381
4350;4633,0.24
4350;4635,0.04
4350;2121,0.72
4351;2866,0.0909090909091
4351;2122,0.727272727273
4351;1658,0.181818181818
4352;2124,1.0
4677;2604,1.0
439;379,0.631578947368
439;3373,0.368421052632
436;3628,0.285714285714
436;3629,0.428571428571
436;944,0.285714285714
437;3372,1.0
434;432,1.0
432;1146,0.253968253968
432;2911,0.746031746032
4674;2855,0.25
4674;2601,0.75
3808;1225,0.147058823529
3808;1227,0.117647058824
3808;559,0.735294117647
3805;1426,1.0
3804;3950,0.125
3804;3949,0.5
3804;1224,0.375
3807;1226,0.3
3807;1046,0.7
3806;1225,0.166666666667
3806;559,0.833333333333
3800;1218,1.0
3803;1223,1.0
555;563,0.710144927536
555;560,0.289855072464
4774;2726,1.0
4772;4776,0.954545454545
4772;2724,0.0454545454545
4778;2730,0.307692307692
4778;273,0.0576923076923
4778;4857,0.576923076923
4778;264,0.0576923076923
4175;2489,1.0
4176;1819,0.133333333333
4176;1730,0.644444444444
4176;2419,0.222222222222
4170;1811,0.515923566879
4170;1357,0.015923566879
4170;1886,0.468152866242
4171;1812,1.0
4172;4892,1.0
3065;5000,0.642857142857
3065;4999,0.257142857143
3065;4911,0.1
2948;4913,1.0
4618;2508,0.258064516129
4618;4620,0.225806451613
4618;4619,0.516129032258
4611;2860,0.533333333333
4611;2498,0.466666666667
4610;2497,1.0
236;3274,1.0
4612;4613,0.456140350877
4612;4614,0.140350877193
4612;2499,0.40350877193
4615;2502,0.947368421053
4615;2830,0.0526315789474
231;229,0.5
231;3271,0.5
232;118,1.0
4616;4972,0.214285714286
4616;4973,0.5
4616;2503,0.285714285714
3068;5001,0.428571428571
3068;1334,0.571428571429
993;3659,0.105042016807
993;3660,0.852941176471
993;3661,0.0420168067227
2229;2518,0.833333333333
2229;1202,0.166666666667
2226;4359,1.0
2225;4425,1.0
2222;758,1.0
2223;739,1.0
2220;2229,0.763440860215
2220;2228,0.236559139785
1;2012,1.0
2705;4755,0.333333333333
2705;1997,0.666666666667
146;144,0.5
146;3228,0.5
144;1499,0.428571428571
144;3071,0.571428571429
140;2112,1.0
148;147,1.0
4885;2626,0.2
4885;2918,0.8
4505;683,0.102564102564
4505;4580,0.205128205128
4505;1343,0.25641025641
4505;2342,0.435897435897
4507;2351,0.666666666667
4507;2344,0.333333333333
4506;2272,0.1
4506;2343,0.466666666667
4506;2183,0.433333333333
4501;2336,0.222222222222
4501;2338,0.555555555556
4501;2337,0.222222222222
4509;2351,0.8
4509;2346,0.2
2089;2081,1.0
3400;482,1.0
2087;2086,0.8
2087;4330,0.2
2085;1271,1.0
2538;2391,0.259259259259
2538;2004,0.740740740741
2532;4630,1.0
2533;4630,1.0
2536;4634,1.0
2537;2121,0.0689655172414
2537;2536,0.0344827586207
2537;4635,0.844827586207
2537;4633,0.051724137931
2714;4272,0.424242424242
2714;4764,0.575757575758
2715;4765,0.0952380952381
2715;4766,0.904761904762
3347;381,1.0
1830;2880,1.0
1836;1840,0.692307692308
1836;4189,0.307692307692
3798;1216,0.795698924731
3798;464,0.0967741935484
3798;4142,0.0967741935484
3798;4141,0.010752688172
1834;1833,0.595238095238
1834;4187,0.404761904762
1835;1556,0.849056603774
1835;221,0.150943396226
3795;2453,1.0
3794;4094,0.5
3794;4095,0.0833333333333
3794;1211,0.416666666667
3796;1132,0.333333333333
3796;1213,0.666666666667
3790;1207,1.0
3793;401,0.75
3793;1210,0.25
3792;2189,0.3
3792;1209,0.3
3792;1083,0.4
2154;4362,0.5
2154;4364,0.5
2155;4364,0.25
2155;4362,0.75
2156;4362,1.0
2157;690,1.0
2150;1761,1.0
4984;15,0.428571428571
4984;3045,0.571428571429
2400;1014,0.0952380952381
2400;4550,0.666666666667
2400;4549,0.238095238095
4986;3048,0.8
4986;3050,0.2
4989;1368,1.0
932;3617,0.555555555556
932;3616,0.111111111111
932;3615,0.333333333333
2159;4367,0.909090909091
2159;4366,0.0909090909091
2408;1110,0.147058823529
2408;4558,0.176470588235
2408;645,0.676470588235
934;3618,1.0
1954;1955,1.0
1957;1692,1.0
1956;1930,1.0
1953;4257,1.0
1952;4256,1.0
4408;2084,0.6
4408;4409,0.333333333333
4408;2204,0.0666666666667
1959;1957,1.0
3249;3370,0.5
3249;184,0.5
3248;183,1.0
3242;173,0.611111111111
3242;1768,0.111111111111
3242;4671,0.277777777778
3241;172,1.0
3240;171,1.0
3247;3352,0.333333333333
3247;181,0.666666666667
3246;179,1.0
3245;154,0.928571428571
3245;178,0.0714285714286
828;3570,1.0
827;3569,1.0
3097;3095,0.666666666667
3097;5016,0.333333333333
4312;2055,1.0
4393;2189,1.0
1480;3516,0.125
1480;3971,0.875
1485;3073,0.142857142857
1485;2986,0.857142857143
3309;312,1.0
3306;307,1.0
3304;428,0.375
3304;305,0.625
3305;306,0.571428571429
3305;1068,0.428571428571
3302;297,0.590909090909
3302;529,0.0454545454545
3302;530,0.363636363636
3301;3302,0.0909090909091
3301;296,0.909090909091
1712;4115,1.0
1711;4116,1.0
1710;4115,1.0
1717;4118,0.8
1717;4117,0.2
792;3540,0.666666666667
792;3542,0.333333333333
2146;4168,1.0
1719;383,0.4
1719;1715,0.6
1992;4270,0.916666666667
1992;4269,0.0833333333333
799;3547,0.222222222222
799;3546,0.703703703704
799;3545,0.0740740740741
798;797,1.0
4318;4317,0.1875
4318;2064,0.8125
611;613,1.0
2417;2416,1.0
1133;3771,0.48
1133;722,0.52
1132;1133,1.0
1131;3753,0.461538461538
1131;1133,0.538461538462
1137;1054,0.471698113208
1137;3756,0.22641509434
1137;3757,0.301886792453
1135;1121,1.0
1134;1031,0.25
1134;484,0.75
2419;4562,0.25
2419;4563,0.583333333333
2419;1386,0.166666666667
4061;1616,1.0
2418;4563,1.0
476;242,0.0625
476;3396,0.0625
476;3397,0.6875
476;474,0.1875
3018;4963,0.714285714286
3018;1732,0.285714285714
3019;4963,0.852941176471
3019;1732,0.147058823529
1994;4994,0.604651162791
1994;769,0.139534883721
1994;3058,0.116279069767
1994;3054,0.139534883721
4328;2085,0.333333333333
4328;1272,0.666666666667
2796;1643,1.0
3016;4962,1.0
3017;4962,1.0
3014;2839,0.307692307692
3014;4959,0.230769230769
3014;4958,0.461538461538
519;520,1.0
518;3415,1.0
510;1966,1.0
1005;3665,1.0
2148;295,1.0
1003;1004,1.0
514;3412,1.0
517;3414,0.4
517;520,0.236363636364
517;3415,0.363636363636
516;945,1.0
1227;3808,0.411764705882
1227;1039,0.588235294118
622;621,1.0
621;619,1.0
1224;1221,0.518518518519
1224;3803,0.037037037037
1224;3804,0.444444444444
627;542,1.0
1222;1221,0.916666666667
1222;3804,0.0833333333333
625;623,1.0
624;623,1.0
4181;1825,1.0
4183;1827,1.0
628;3474,1.0
4185;4183,0.25
4185;1829,0.75
4186;4767,1.0
4349;2118,0.821428571429
4349;840,0.178571428571
4347;371,0.6
4347;2116,0.333333333333
4347;1253,0.0666666666667
4346;2114,1.0
4342;4360,0.992537313433
4342;2106,0.00746268656716
4341;2102,0.346153846154
4341;3064,0.653846153846
4340;2101,1.0
2882;4863,1.0
2883;4862,0.4
2883;4863,0.6
2880;2879,0.625
2880;2148,0.375
2881;2757,1.0
2886;2889,0.903225806452
2886;2888,0.0967741935484
2884;4861,0.0714285714286
2884;4863,0.571428571429
2884;4862,0.357142857143
2885;4864,1.0
2889;2460,0.315789473684
2889;3126,0.684210526316
2;3132,0.4
2;249,0.4
2;91,0.2
3879;450,0.346153846154
3879;1328,0.653846153846
3870;1285,0.333333333333
3870;2698,0.666666666667
3871;1309,0.909090909091
3871;2695,0.0909090909091
3872;1310,0.4
3872;386,0.333333333333
3872;2360,0.266666666667
3873;1490,0.142857142857
3873;1311,0.5
3873;3975,0.214285714286
3873;1412,0.142857142857
3874;1312,1.0
3875;1313,1.0
3876;1319,1.0
3877;959,0.323076923077
3877;1322,0.676923076923
12;3138,1.0
14;3142,1.0
18;3145,1.0
3274;236,1.0
3904;1371,0.333333333333
3904;1373,0.666666666667
3905;2104,0.5
3905;1375,0.5
3906;2114,0.2
3906;1376,0.8
3901;4247,0.272727272727
3901;4248,0.272727272727
3901;1367,0.454545454545
3902;1369,1.0
3271;230,0.4
3271;1807,0.6
3908;1736,1.0
4765;2715,1.0
4764;2703,0.170212765957
4764;2714,0.595744680851
4764;4842,0.234042553191
3193;2576,0.0625
3193;75,0.5
3193;1938,0.4375
4166;1983,1.0
4160;1797,1.0
4169;4175,0.279069767442
4169;1810,0.720930232558
201;3258,0.722222222222
201;3257,0.0555555555556
201;123,0.222222222222
3474;1389,0.6
3474;628,0.4
203;3260,0.928571428571
203;3261,0.0714285714286
202;3261,0.0689655172414
202;3259,0.931034482759
205;3259,0.222222222222
205;3261,0.333333333333
205;3260,0.422222222222
205;3262,0.0222222222222
204;3262,0.25
204;3261,0.25
204;3260,0.5
209;211,1.0
684;3510,1.0
1571;1569,0.0555555555556
1571;1570,0.944444444444
2238;612,1.0
686;1973,1.0
1577;929,1.0
2233;4976,0.5
2233;4430,0.25
2233;38,0.25
2234;2233,0.5
2234;4432,0.166666666667
2234;4431,0.333333333333
2237;4434,0.454545454545
2237;4433,0.545454545455
1576;4034,0.9
1576;2456,0.1
683;685,0.666666666667
683;3510,0.333333333333
229;2324,0.25
229;954,0.75
4609;2495,1.0
227;3268,0.142857142857
227;3269,0.571428571429
227;3267,0.285714285714
2097;2096,1.0
3658;995,1.0
3659;2461,0.0672268907563
3659;993,0.735294117647
3659;5007,0.197478991597
2093;4335,0.833333333333
2093;2094,0.166666666667
4577;2447,0.0909090909091
4577;45,0.909090909091
3655;983,1.0
3657;991,1.0
2099;4338,1.0
225;3268,0.0434782608696
225;3269,0.434782608696
225;3267,0.478260869565
225;3270,0.0434782608696
3652;4751,0.4
3652;2533,0.6
2527;2526,1.0
2526;2686,1.0
2521;4627,1.0
2520;2489,1.0
2529;4628,1.0
2528;2526,1.0
4494;2315,0.666666666667
4494;2744,0.333333333333
4492;2313,0.181818181818
4492;2312,0.818181818182
4880;2276,1.0
2704;4753,1.0
2707;4757,0.6
2707;4756,0.4
2706;4757,1.0
2700;1922,0.724137931034
2700;4750,0.275862068966
1829;4185,0.25
1829;4461,0.75
4409;1567,0.285714285714
4409;2205,0.714285714286
1827;1829,1.0
4401;2197,1.0
1865;1327,1.0
2411;398,1.0
2410;4559,0.5
2410;3516,0.5
2145;2566,1.0
2144;1159,0.08
2144;2143,0.773333333333
2144;1117,0.146666666667
2143;1183,1.0
2142;2610,0.716129032258
2142;2644,0.103225806452
2142;4358,0.18064516129
2141;4966,0.540983606557
2141;4357,0.16393442623
2141;2643,0.295081967213
2416;858,1.0
4974;3033,1.0
4975;3034,1.0
922;3880,0.340425531915
922;3881,0.148936170213
922;3612,0.510638297872
4977;3036,0.5
4977;15,0.5
924;3613,0.0196078431373
924;3614,0.980392156863
4971;3030,0.165829145729
4971;2990,0.00502512562814
4971;2789,0.829145728643
2149;295,1.0
4973;3096,0.5
4973;2492,0.5
1920;4238,0.777777777778
1920;809,0.0148148148148
1920;4237,0.207407407407
1921;4238,1.0
1922;4238,0.641791044776
1922;809,0.328358208955
1922;4237,0.0298507462687
3275;238,1.0
1924;4241,0.157894736842
1924;4240,0.789473684211
1924;4239,0.0526315789474
3273;318,1.0
1926;4242,0.333333333333
1926;1915,0.666666666667
1927;4243,1.0
1928;4244,1.0
1929;1300,1.0
3278;474,0.5
3278;3397,0.5
3279;309,1.0
832;830,0.5
832;3574,0.5
830;3571,0.5
830;827,0.5
831;3574,1.0
3470;615,0.666666666667
3470;614,0.333333333333
3471;614,0.438356164384
3471;615,0.561643835616
3472;622,0.260869565217
3472;1898,0.739130434783
3473;626,1.0
838;3577,0.28125
838;3576,0.640625
838;3578,0.078125
839;3577,0.6
839;3578,0.4
3479;5003,1.0
4248;75,0.333333333333
4248;1938,0.666666666667
3319;2418,0.0625
3319;335,0.9375
923;921,0.230769230769
923;922,0.769230769231
4249;1939,0.25
4249;4336,0.75
3310;3004,0.0142857142857
3310;314,0.985714285714
3313;322,0.148148148148
3313;4075,0.851851851852
3317;1559,1.0
785;777,0.45
785;3539,0.5
785;3538,0.05
786;777,0.41935483871
786;3539,0.58064516129
780;3534,0.125
780;3535,0.25
780;3533,0.625
781;783,0.333333333333
781;3537,0.666666666667
782;3536,0.0454545454545
782;3537,0.0909090909091
782;783,0.863636363636
1729;4126,0.488372093023
1729;4125,0.46511627907
1729;4124,0.046511627907
1726;1714,1.0
1727;4125,0.351063829787
1727;4124,0.393617021277
1727;4126,0.255319148936
1724;4123,1.0
1725;214,1.0
1722;344,0.0344827586207
1722;4120,0.206896551724
1722;4121,0.551724137931
1722;107,0.206896551724
789;4450,0.227272727273
789;1588,0.772727272727
1721;4121,0.222222222222
1721;4120,0.777777777778
468;3391,0.1875
468;466,0.6125
468;449,0.2
3005;4953,0.357142857143
3005;4952,0.642857142857
3004;4953,1.0
3000;4947,1.0
66;3184,1.0
3002;4950,0.571428571429
3002;286,0.4
3002;4201,0.0285714285714
3009;2065,0.142857142857
3009;1559,0.857142857143
1589;1549,0.5
1589;1437,0.5
1370;3899,1.0
1582;4039,0.117647058824
1582;1583,0.882352941176
1583;1907,1.0
1580;4036,0.714285714286
1580;4038,0.183673469388
1580;4037,0.102040816327
1581;2757,1.0
1586;1743,0.666666666667
1586;1817,0.333333333333
1584;1586,1.0
1585;1586,1.0
1038;1036,1.0
404;405,1.0
508;506,1.0
509;511,0.8
509;510,0.2
1032;1033,1.0
1030;3682,1.0
505;503,1.0
1036;1173,1.0
1037;1036,1.0
1034;3684,1.0
402;2455,1.0
1212;3795,1.0
631;3478,1.0
1210;3793,0.833333333333
1210;1109,0.166666666667
1211;1109,0.833333333333
1211;3793,0.166666666667
1216;1215,0.319587628866
1216;3798,0.680412371134
401;3359,0.263157894737
401;109,0.621052631579
401;402,0.115789473684
1214;2596,1.0
1215;1214,0.178571428571
1215;3797,0.821428571429
639;3482,1.0
1218;3802,0.5
1218;3800,0.5
1219;3800,0.111111111111
1219;3802,0.888888888889
4378;4379,0.25
4378;2171,0.125
4378;793,0.625
4372;2164,0.5
4372;4373,0.5
4373;1580,0.166666666667
4373;1461,0.333333333333
4373;3904,0.5
4370;2163,0.452830188679
4370;4852,0.547169811321
4371;2165,0.4
4371;3424,0.2
4371;4373,0.4
4377;1970,0.909090909091
4377;2170,0.0909090909091
4374;4376,1.0
465;3797,1.0
2898;4871,0.75
2898;571,0.25
2897;2898,0.231884057971
2897;4870,0.768115942029
783;3093,0.75
783;2366,0.25
2893;2892,0.222222222222
2893;2875,0.777777777778
2892;2960,0.0322580645161
2892;1317,0.967741935484
1106;1107,0.685567010309
1106;496,0.314432989691
1104;1124,0.984732824427
1104;1053,0.0152671755725
1450;3956,0.625
1450;3957,0.25
1450;3958,0.125
1451;3996,1.0
1452;3956,0.632352941176
1452;3957,0.279411764706
1452;3958,0.0882352941176
1101;285,0.705882352941
1101;3738,0.294117647059
1459;3960,0.735294117647
1459;3961,0.205882352941
1459;991,0.0588235294118
1109;259,0.2
1109;3742,0.2
1109;3741,0.6
4082;1649,1.0
3868;3870,0.428571428571
3868;3871,0.285714285714
3868;1306,0.285714285714
4084;1151,0.0161290322581
4084;1656,0.983870967742
4085;1657,1.0
4086;1658,0.666666666667
4086;2122,0.207207207207
4086;2866,0.126126126126
4087;1666,1.0
4089;2201,1.0
3867;2293,1.0
1723;1716,0.571428571429
1723;4122,0.142857142857
1723;1721,0.285714285714
3736;3737,0.0232558139535
3736;1099,0.651162790698
3736;931,0.325581395349
1890;4223,1.0
1891;1890,0.217391304348
1891;4222,0.347826086957
1891;4224,0.217391304348
1891;1772,0.217391304348
3731;1092,0.666666666667
3731;4720,0.333333333333
3730;1076,0.576923076923
3730;1091,0.423076923077
3917;4050,0.214285714286
3917;1388,0.785714285714
4691;2622,1.0
3915;4563,0.857142857143
3915;1386,0.142857142857
3913;1383,0.0588235294118
3913;1491,0.411764705882
3913;1577,0.529411764706
3912;3933,1.0
3911;1381,0.0232558139535
3911;3927,0.651162790698
3911;3928,0.325581395349
4921;1091,0.2
4921;1076,0.8
3919;1390,0.8
3919;4455,0.2
3918;628,0.47619047619
3918;1389,0.5
3918;1606,0.0238095238095
2135;1638,1.0
4798;2578,0.05
4798;2770,0.95
4799;1875,1.0
461;3387,1.0
2132;2133,0.636363636364
2132;2129,0.363636363636
4791;2743,1.0
4792;2744,0.958333333333
4792;2315,0.0416666666667
4926;2512,0.222222222222
4926;2971,0.333333333333
4926;3031,0.444444444444
4150;1781,1.0
4924;2968,0.90243902439
4924;2965,0.0975609756098
4338;1872,0.642857142857
4338;2098,0.357142857143
4929;2979,0.413793103448
4929;581,0.586206896552
216;2775,0.166666666667
216;2486,0.833333333333
217;216,1.0
214;76,0.421052631579
214;3266,0.526315789474
214;3265,0.0526315789474
215;218,0.695652173913
215;216,0.304347826087
212;76,1.0
213;3266,0.25
213;3265,0.416666666667
213;76,0.333333333333
210;211,0.5
210;3264,0.5
211;1935,0.428571428571
211;2496,0.571428571429
218;3586,0.208333333333
218;867,0.791666666667
219;1472,1.0
2139;1931,1.0
462;3387,0.928571428571
462;3386,0.0714285714286
4;1122,0.395
4;1123,0.605
324;122,0.5
324;132,0.375
324;323,0.125
3482;639,1.0
3486;643,1.0
4563;2419,0.736842105263
4563;1730,0.263157894737
4560;2411,1.0
4567;2435,0.0526315789474
4567;2442,0.947368421053
4566;2859,0.0666666666667
4566;2434,0.933333333333
4565;2433,0.888888888889
4565;1418,0.0555555555556
4565;2794,0.0277777777778
4565;1985,0.0277777777778
4564;2856,1.0
3644;584,0.58064516129
3644;970,0.41935483871
3643;2334,0.0666666666667
3643;915,0.0666666666667
3643;969,0.866666666667
3642;2953,0.603448275862
3642;1849,0.0172413793103
3642;968,0.379310344828
3641;966,1.0
3640;965,0.161290322581
3640;1422,0.838709677419
2550;4641,0.25
2550;4640,0.75
60;3180,1.0
2555;2553,1.0
61;3182,1.0
2396;4547,1.0
2397;4548,0.533333333333
2397;2396,0.266666666667
2397;2398,0.2
2394;4544,0.642857142857
2394;4545,0.285714285714
2394;1704,0.0714285714286
2395;4546,1.0
2391;2005,0.101694915254
2391;423,0.898305084746
2399;4549,0.481481481481
2399;4550,0.37037037037
2399;1014,0.148148148148
2779;271,1.0
5013;3091,1.0
5014;5013,0.5
5014;3092,0.25
5014;2191,0.25
3003;4524,0.5
3003;4106,0.5
5016;3038,0.608695652174
5016;3097,0.391304347826
5018;2007,0.640449438202
5018;3101,0.359550561798
2771;2772,1.0
2774;4800,0.5
2774;1875,0.5
2775;2769,0.441176470588
2775;2582,0.558823529412
2776;2582,0.5
2776;2769,0.5
2777;2775,0.576923076923
2777;2486,0.423076923077
1858;4205,0.971428571429
1858;1748,0.0285714285714
3162;39,1.0
1852;782,1.0
1853;4200,0.185185185185
1853;1603,0.592592592593
1853;1854,0.222222222222
1854;286,1.0
4411;4808,0.777777777778
4411;2532,0.222222222222
1857;4202,0.297297297297
1857;4203,0.243243243243
1857;1848,0.0810810810811
1857;4204,0.378378378378
2172;2171,0.5
2172;4379,0.166666666667
2172;793,0.333333333333
2171;791,1.0
2174;4381,0.333333333333
2174;4382,0.333333333333
2174;2173,0.333333333333
2175;4382,0.111111111111
2175;4381,0.555555555556
2175;2173,0.333333333333
4967;3025,0.837209302326
4967;2249,0.162790697674
914;470,1.0
4965;3023,1.0
4964;1787,0.1
4964;3061,0.9
4963;3093,0.875
4963;3018,0.125
4962;3023,1.0
913;3608,0.117647058824
913;3609,0.529411764706
913;3607,0.352941176471
912;3609,0.583333333333
912;3607,0.416666666667
2607;2214,1.0
2601;1075,0.333333333333
2601;4674,0.555555555556
2601;4673,0.111111111111
2602;1393,0.625
2602;4675,0.375
1420;1428,1.0
1423;1066,1.0
1933;4245,0.0555555555556
1933;4246,0.944444444444
1932;923,0.541666666667
1932;2097,0.458333333333
1931;1932,1.0
3262;3978,0.0645161290323
3262;205,0.806451612903
3262;475,0.129032258065
1937;1367,1.0
1936;2743,1.0
3267;224,0.24
3267;3357,0.76
1934;4246,0.916666666667
1934;4245,0.0833333333333
3269;226,0.444444444444
3269;458,0.444444444444
3269;3384,0.111111111111
3268;225,1.0
1939;4249,0.8
1939;439,0.2
1938;4248,0.153846153846
1938;4247,0.230769230769
1938;1367,0.615384615385
458;2061,1.0
3369;429,0.377777777778
3369;1484,0.377777777778
3369;1582,0.244444444444
847;532,1.0
3466;600,0.615384615385
3466;2074,0.384615384615
843;1851,1.0
840;3577,0.25
840;3576,0.25
840;3578,0.5
1426;1421,0.269230769231
1426;1427,0.192307692308
1426;3944,0.538461538462
849;1958,1.0
848;532,1.0
241;721,0.6
241;3070,0.4
3365;4176,0.428571428571
3365;421,0.571428571429
459;374,1.0
1738;231,0.5
1738;890,0.5
1731;2374,1.0
1732;784,0.962962962963
1732;4127,0.037037037037
1737;4128,1.0
1736;490,1.0
2404;2399,0.730769230769
2404;4555,0.0384615384615
2404;4554,0.230769230769
753;748,0.709677419355
753;754,0.290322580645
752;3520,1.0
751;3519,0.5
751;3520,0.5
750;3520,1.0
757;3521,0.25
757;738,0.75
756;2445,0.0869565217391
756;4576,0.913043478261
755;756,1.0
3070;203,1.0
1594;4043,1.0
3073;1351,1.0
2958;2650,0.116883116883
2958;2134,0.883116883117
2959;1577,1.0
3077;3074,0.428571428571
3077;3076,0.571428571429
2955;4920,1.0
2957;2605,0.5
2957;4922,0.5
1598;1612,0.0384615384615
1598;4046,0.961538461538
1025;232,0.5
1025;391,0.5
1027;3680,0.733333333333
1027;3681,0.266666666667
1026;232,1.0
1021;3677,0.305555555556
1021;3678,0.388888888889
1021;1024,0.305555555556
1020;3674,0.272727272727
1020;3675,0.363636363636
1020;3676,0.363636363636
1023;1024,1.0
1115;240,0.383720930233
1115;3746,0.616279069767
1029;3681,0.222222222222
1029;3679,0.111111111111
1029;3680,0.666666666667
1035;562,0.142857142857
1035;3685,0.142857142857
1035;3684,0.714285714286
605;606,0.727272727273
605;3469,0.272727272727
4364;2309,0.6
4364;2156,0.4
607;606,1.0
1209;3790,0.416666666667
1209;3791,0.0833333333333
1209;3792,0.5
4360;2147,0.222222222222
4360;1616,0.777777777778
603;604,1.0
1213;1153,0.0416666666667
1213;3796,0.583333333333
1213;3795,0.375
1205;3328,1.0
1204;3328,1.0
1207;3792,1.0
1206;3328,1.0
609;608,0.151162790698
609;373,0.848837209302
608;2543,0.689655172414
608;2542,0.310344827586
4277;2000,0.5
4277;4754,0.5
1217;3799,1.0
3105;5022,0.909090909091
3105;3103,0.0909090909091
3101;5018,1.0
3103;5020,1.0
1446;3953,0.276595744681
1446;3954,0.723404255319
1113;1152,0.5
1113;3744,0.5
1444;3951,1.0
1443;3949,0.59756097561
1443;1224,0.292682926829
1443;3950,0.109756097561
1114;3743,0.74
1114;3745,0.08
1114;1061,0.18
1117;1116,0.303703703704
1117;240,0.42962962963
1117;3746,0.266666666667
464;465,0.08
464;3388,0.92
1119;1120,1.0
1118;1045,1.0
4278;668,0.0555555555556
4278;855,0.944444444444
1449;3958,0.0851063829787
1449;3957,0.297872340426
1449;3956,0.617021276596
4093;935,1.0
4092;4884,0.666666666667
4092;903,0.222222222222
4092;1683,0.111111111111
4091;2988,1.0
466;3390,0.292134831461
466;3389,0.707865168539
4097;1688,1.0
4095;1686,0.571428571429
4095;1853,0.214285714286
4095;2992,0.214285714286
4094;1685,0.666666666667
4094;3001,0.333333333333
2401;1350,0.0882352941176
2401;1449,0.323529411765
2401;4551,0.588235294118
4099;1697,0.0833333333333
4099;1693,0.916666666667
4098;713,1.0
4585;2458,1.0
489;228,0.333333333333
489;3940,0.666666666667
488;850,0.020202020202
488;849,0.979797979798
487;486,0.5
487;489,0.5
484;473,0.166666666667
484;3401,0.166666666667
484;3400,0.666666666667
4587;2462,1.0
481;3398,0.8
481;3399,0.2
2009;4285,0.25
2009;4284,0.75
4581;2452,1.0
451;3380,0.333333333333
451;3381,0.666666666667
4725;2659,0.833333333333
4725;2660,0.166666666667
4582;2453,0.770833333333
4582;1212,0.229166666667
3922;1393,1.0
3923;2605,0.686567164179
3923;1394,0.313432835821
3920;4300,0.8
3920;4299,0.2
4726;2659,0.7
4726;2658,0.3
3927;3947,0.333333333333
3927;1401,0.333333333333
3927;1411,0.333333333333
3924;521,0.168674698795
3924;1873,0.722891566265
3924;1395,0.10843373494
4721;2655,0.5
4721;1353,0.5
3928;929,0.875
3928;1402,0.0625
3928;4035,0.0625
3929;1407,1.0
2304;4486,0.2
2304;4485,0.333333333333
2304;2303,0.466666666667
4788;4787,1.0
4787;2739,1.0
4786;2738,1.0
4784;2736,1.0
4782;2734,1.0
4781;2735,0.333333333333
4781;2733,0.666666666667
4149;2932,1.0
4143;1776,1.0
4142;4222,0.227272727273
4142;4224,0.113636363636
4142;1772,0.659090909091
3857;1292,0.875
3857;688,0.125
3854;1673,0.25
3854;1289,0.75
3855;1290,1.0
3853;1288,1.0
3850;1308,0.857142857143
3850;2698,0.142857142857
3851;1286,0.76
3851;4477,0.2
3851;4476,0.04
198;3022,0.0909090909091
198;1023,0.909090909091
195;3254,0.027027027027
195;22,0.972972972973
197;3256,0.285714285714
197;3255,0.571428571429
197;198,0.142857142857
196;3255,0.75
196;3256,0.25
191;795,1.0
190;3250,0.111111111111
190;191,0.611111111111
190;3251,0.277777777778
192;485,0.571428571429
192;3207,0.428571428571
4558;1346,0.263157894737
4558;2409,0.657894736842
4558;737,0.0789473684211
4559;2410,1.0
4556;2407,0.285714285714
4556;2406,0.428571428571
4556;1048,0.285714285714
3673;479,0.166666666667
3673;1017,0.833333333333
3670;1013,1.0
3671;4549,0.5
3671;1014,0.25
3671;4550,0.25
3676;3755,0.1
3676;1020,0.8
3676;801,0.1
3677;1021,1.0
3674;1482,1.0
3675;3982,0.75
3675;1019,0.25
2543;620,0.929824561404
2543;269,0.0701754385965
2540;2539,0.5
2540;2383,0.5
2545;2546,0.5
2545;4637,0.5
2381;4535,0.376146788991
2381;4534,0.110091743119
2381;4536,0.51376146789
2383;4538,0.341040462428
2383;2310,0.658959537572
2382;4538,1.0
2384;4539,1.0
2386;4541,1.0
1102;285,0.6
1102;3738,0.4
1103;897,1.0
5003;3071,0.916666666667
5003;1499,0.0833333333333
5001;2184,0.5
5001;2904,0.5
2768;690,1.0
3584;859,0.727272727273
3584;2117,0.0909090909091
3584;2414,0.181818181818
5006;1460,1.0
5005;3076,1.0
3587;1764,1.0
2763;4795,0.666666666667
2763;2764,0.166666666667
2763;1597,0.166666666667
3669;2397,0.428571428571
3669;2431,0.357142857143
3669;1012,0.214285714286
5008;3077,1.0
2767;2723,1.0
3668;2378,0.125
3668;1011,0.875
902;3602,0.133333333333
902;3600,0.166666666667
902;3601,0.133333333333
902;3599,0.566666666667
903;3599,0.375
903;3600,0.375
903;3602,0.25
900;3600,0.25
900;3599,0.5
900;3602,0.25
1848;4196,0.5
1848;4197,0.5
904;313,1.0
905;3603,1.0
4422;962,1.0
1842;4190,0.5
1842;1841,0.5
1841;4482,1.0
1840;2585,0.75
1840;3072,0.25
1847;4194,1.0
1846;4191,0.705882352941
1846;4193,0.294117647059
1845;4191,0.5
1845;4193,0.5
1844;4191,1.0
4959;2234,0.222222222222
4959;1850,0.388888888889
4959;3014,0.388888888889
2168;4374,1.0
1943;552,1.0
2165;4372,1.0
4953;3005,0.789473684211
4953;27,0.0526315789474
4953;2972,0.157894736842
2167;4256,1.0
4951;2834,0.5
4951;3003,0.5
2617;4688,1.0
2616;2101,1.0
243;241,0.521739130435
243;3278,0.478260869565
2611;4683,0.25
2611;4682,0.75
1946;4253,0.08
1946;4254,0.92
1947;4253,0.166666666667
1947;4254,0.833333333333
3298;3738,0.928571428571
3298;285,0.0714285714286
1944;1943,1.0
1908;4230,0.913043478261
1908;526,0.0869565217391
3296;281,1.0
3297;282,1.0
3291;273,1.0
3292;2570,0.5
3292;276,0.5
3293;328,0.52427184466
3293;277,0.47572815534
3450;580,1.0
857;3583,0.15
857;860,0.6
857;3584,0.25
3456;362,0.28125
3456;586,0.71875
3457;206,1.0
3459;2261,1.0
859;3584,1.0
6;1581,1.0
740;734,0.371428571429
740;743,0.628571428571
746;997,0.709677419355
746;3663,0.290322580645
3063;4997,0.941176470588
3063;187,0.0588235294118
3062;2241,0.0833333333333
3062;4996,0.166666666667
3062;2364,0.75
3061;4990,1.0
3067;2285,1.0
3066;4911,0.25
3066;5000,0.75
2949;4483,0.666666666667
2949;1056,0.333333333333
3064;1235,1.0
2947;4911,0.242424242424
2947;5000,0.757575757576
2946;2947,0.7
2946;4910,0.2
2946;2242,0.1
2945;892,0.684210526316
2945;4909,0.315789473684
2944;4907,0.25
2944;4908,0.75
2943;4907,0.75
2943;4908,0.25
2941;1725,0.181818181818
2941;334,0.363636363636
2941;2538,0.454545454545
2940;1590,0.64
2940;2494,0.3
2940;2058,0.06
1050;3694,0.1
1050;3695,0.55
1050;1015,0.35
1051;3698,0.2
1051;3696,0.733333333333
1051;3697,0.0666666666667
1052;3696,1.0
1055;3699,0.0666666666667
1055;3701,0.933333333333
1056;3701,0.0909090909091
1056;3700,0.545454545455
1056;3702,0.272727272727
1056;3699,0.0909090909091
1057;3700,1.0
1058;3701,1.0
1059;3703,1.0
1697;4103,1.0
1694;4099,0.416666666667
1694;4098,0.333333333333
1694;4100,0.25
1695;4101,1.0
1693;4099,0.409090909091
1693;4098,0.181818181818
1693;4100,0.409090909091
1699;1179,1.0
4310;4395,0.166666666667
4310;4394,0.166666666667
4310;280,0.666666666667
4311;2054,1.0
618;3826,1.0
4313;2056,0.793103448276
4313;2244,0.206896551724
4314;2322,1.0
4317;2301,0.36231884058
4317;2291,0.0289855072464
4317;2063,0.608695652174
1270;3840,1.0
610;373,1.0
1273;3843,1.0
616;3471,0.539215686275
616;1897,0.460784313725
617;616,0.181818181818
617;615,0.818181818182
2854;2163,1.0
3333;1714,0.888888888889
3333;381,0.111111111111
3119;225,0.5
3119;3115,0.5
3117;5032,1.0
3116;5031,0.666666666667
3116;227,0.333333333333
3115;5029,0.75
3115;5030,0.25
3111;2997,0.5
3111;1828,0.5
3330;403,0.333333333333
3330;350,0.666666666667
1479;3970,0.166666666667
1479;540,0.5
1479;1480,0.333333333333
3593;3597,0.209302325581
3593;883,0.790697674419
1307;3868,0.875
1307;3867,0.125
1496;3979,1.0
3592;2290,0.8
3592;882,0.2
3334;804,0.2
3334;357,0.5
3334;1466,0.3
1309;3870,0.125
1309;3871,0.625
1309;1306,0.25
4224;1914,0.103448275862
4224;1891,0.896551724138
496;3525,0.75
496;3524,0.25
4227;2081,1.0
490;489,1.0
4222;1797,1.0
4223;1772,0.45
4223;1890,0.45
4223;4224,0.05
4223;4222,0.05
24;3149,0.450704225352
24;3150,0.281690140845
24;23,0.267605633803
25;23,0.2
25;3150,0.2
25;3149,0.6
26;3151,0.0322580645161
26;3153,0.967741935484
27;3190,1.0
20;3147,1.0
21;1396,1.0
22;1025,1.0
23;3148,0.2
23;3147,0.8
5039;3124,1.0
29;3156,0.606060606061
29;3154,0.272727272727
29;3157,0.121212121212
3599;401,1.0
3939;1417,1.0
3938;2527,1.0
3935;1408,1.0
3934;1490,0.0666666666667
3934;3975,0.4
3934;1311,0.2
3934;1412,0.333333333333
3931;1409,0.153846153846
3931;1312,0.846153846154
3930;1413,1.0
3933;3947,0.125
3933;1411,0.5
3933;1401,0.375
4139;1769,0.365079365079
4139;4137,0.015873015873
4139;4138,0.619047619048
4434;892,1.0
4131;1742,1.0
4132;1743,0.8
4132;1817,0.2
4133;2811,0.133333333333
4133;1747,0.866666666667
4135;1781,1.0
3841;1271,0.5
3841;4328,0.5
3842;1272,1.0
3849;2223,0.333333333333
3849;1284,0.240740740741
3849;1149,0.425925925926
4430;2233,0.5
4430;4431,0.5
2136;1634,0.5
2136;4354,0.5
1870;1869,0.470588235294
1870;1745,0.529411764706
4046;1598,0.75
4046;4045,0.25
4040;1584,1.0
4041;1589,1.0
4042;4043,1.0
4048;1603,0.821428571429
4048;1854,0.178571428571
7;1601,1.0
3664;1975,0.8
3664;1000,0.2
3667;1727,0.602941176471
3667;4519,0.235294117647
3667;1010,0.161764705882
3661;995,1.0
3660;994,0.6
3660;3662,0.4
3663;4279,0.0059880239521
3663;998,0.994011976048
3662;996,0.568281938326
3662;5006,0.171806167401
3662;5005,0.259911894273
2280;4463,0.142857142857
2280;4464,0.857142857143
2284;4468,1.0
2285;1797,0.945454545455
2285;4469,0.0545454545455
2286;1767,1.0
4548;2431,0.157894736842
4548;2397,0.315789473684
4548;1012,0.526315789474
446;133,0.678571428571
446;196,0.285714285714
446;3375,0.0357142857143
4541;2653,0.666666666667
4541;2386,0.222222222222
4541;4848,0.111111111111
2055;4312,0.1
2055;1851,0.9
4545;1702,0.02
4545;2394,0.96
4545;2700,0.02
1468;3969,0.333333333333
1468;1313,0.416666666667
1468;3968,0.25
4547;2396,0.583333333333
4547;4548,0.416666666667
4539;2393,1.0
2057;2023,1.0
2579;2580,0.5
2579;4660,0.5
2576;299,0.0275229357798
2576;212,0.0045871559633
2576;4657,0.967889908257
1663;1665,0.8
1663;1660,0.2
1431;2522,1.0
2572;4655,1.0
2573;4656,1.0
2571;4654,1.0
2378;2358,1.0
2374;4530,0.5
2374;2369,0.5
2375;4532,0.210526315789
2375;2370,0.789473684211
3692;3806,0.6
3692;779,0.4
2594;4668,0.714285714286
2594;1074,0.285714285714
1087;3727,0.636363636364
1087;3726,0.136363636364
1087;3728,0.227272727273
3591;1056,1.0
3693;1048,0.75
3693;2407,0.25
3596;890,0.25
3596;231,0.7
3596;1740,0.05
3595;626,0.5
3595;889,0.5
2593;2189,0.888888888889
2593;1083,0.111111111111
5036;3124,0.733333333333
5036;1340,0.266666666667
5037;5038,0.8
5037;2987,0.2
5034;3119,1.0
3598;892,1.0
5032;5033,0.307692307692
5032;1494,0.230769230769
5032;2474,0.0769230769231
5032;3117,0.384615384615
5033;3114,1.0
5030;3115,1.0
4823;2808,1.0
1876;3470,0.909090909091
1876;4214,0.0909090909091
1877;2080,1.0
4437;2947,0.428571428571
4437;4910,0.571428571429
4436;2241,0.857142857143
4436;2364,0.142857142857
4431;2234,1.0
3696;1034,0.166666666667
3696;1051,0.0833333333333
3696;1049,0.75
4433;2236,1.0
1871;4211,1.0
1607;4054,0.0769230769231
1607;4052,0.923076923077
4438;2243,0.5
4438;1893,0.5
594;3461,0.714285714286
594;3460,0.285714285714
4944;1503,0.666666666667
4944;2996,0.0833333333333
4944;4945,0.25
4947;2999,0.4
4947;1078,0.6
4941;2993,0.155555555556
4941;3111,0.0222222222222
4941;1827,0.822222222222
970;3644,0.413793103448
970;3646,0.586206896552
4948;3000,1.0
978;3651,0.375
978;3654,0.625
182;3248,0.0721649484536
182;3249,0.845360824742
182;3247,0.0824742268041
183;3249,0.86301369863
183;3248,0.041095890411
183;3247,0.0958904109589
180;3351,0.166666666667
180;3350,0.833333333333
181;3247,1.0
187;188,0.227272727273
187;186,0.772727272727
184;3249,0.666666666667
184;3248,0.333333333333
185;188,1.0
2110;4345,1.0
2111;1720,1.0
188;1474,1.0
2113;4346,1.0
2114;2115,0.897435897436
2114;4346,0.102564102564
2115;620,1.0
2116;4348,0.176470588235
2116;4349,0.270588235294
2116;4347,0.552941176471
2117;4349,0.666666666667
2117;4348,0.333333333333
2622;4693,0.916666666667
2622;4691,0.0833333333333
1919;4236,0.354838709677
1919;4234,0.645161290323
1918;4235,0.166666666667
1918;4234,0.333333333333
1918;4236,0.5
3289;619,1.0
3287;256,0.8
3287;1548,0.2
1910;759,1.0
1913;1331,0.85393258427
1913;4231,0.14606741573
1912;2253,0.655172413793
1912;2238,0.344827586207
3283;251,1.0
1914;1331,1.0
1917;4234,0.786982248521
1917;4236,0.0414201183432
1917;4235,0.171597633136
1916;3136,0.36301369863
1916;4233,0.58904109589
1916;4232,0.0479452054795
869;871,1.0
1728;4124,0.2
1728;4125,0.4
1728;4126,0.4
3449;579,0.440677966102
3449;3453,0.559322033898
3448;3798,1.0
3445;1111,1.0
860;2109,1.0
3447;1771,1.0
3446;322,1.0
3441;675,0.529411764706
3441;566,0.176470588235
3441;2721,0.294117647059
3440;559,0.882352941176
3440;1227,0.117647058824
867;2781,0.5
867;2861,0.5
866;867,1.0
2754;2756,1.0
2027;4297,0.531914893617
2027;4298,0.382978723404
2027;1392,0.0851063829787
2752;2754,1.0
2753;1434,1.0
2750;2752,1.0
2751;21,1.0
3239;3374,0.0945945945946
3239;114,0.689189189189
3239;169,0.216216216216
2028;4297,0.333333333333
2028;1392,0.0166666666667
2028;4298,0.65
2759;4794,1.0
883;3593,1.0
882;880,0.375
882;3593,0.3125
882;3592,0.3125
881;3590,0.428571428571
881;3591,0.285714285714
881;3589,0.285714285714
880;3590,0.5
880;3591,0.5
887;3596,1.0
884;1,0.142857142857
884;3594,0.857142857143
889;888,0.581818181818
889;3595,0.0909090909091
889;3596,0.327272727273
888;554,1.0
3148;23,0.5
3148;3149,0.5
2147;2106,0.180327868852
2147;4360,0.819672131148
354;289,0.527777777778
354;419,0.472222222222
775;3532,0.222222222222
775;772,0.333333333333
775;3531,0.444444444444
774;3529,0.444444444444
774;773,0.555555555556
777;772,0.142857142857
777;3532,0.0952380952381
777;3531,0.761904761905
776;772,0.25
776;3531,0.625
776;3532,0.125
771;3529,1.0
770;129,1.0
773;2584,1.0
772;773,0.666666666667
772;3529,0.333333333333
779;3534,0.3125
779;3535,0.125
779;3533,0.5625
778;3535,0.2
778;3534,0.175
778;3533,0.625
2492;4607,0.230769230769
2492;4608,0.461538461538
2492;2487,0.307692307692
77;2091,0.75
77;440,0.25
76;3193,0.25
76;77,0.75
75;3192,0.102564102564
75;77,0.717948717949
75;3193,0.179487179487
2979;4929,1.0
72;662,1.0
70;3190,1.0
2972;2974,0.2
2972;1663,0.8
2970;2975,0.785714285714
2970;1042,0.214285714286
2598;4671,0.8
2598;1768,0.2
2976;2975,0.25
2976;1042,0.75
3053;1055,0.3
3053;4651,0.7
3050;3049,0.5
3050;4988,0.5
2975;2973,1.0
1043;1407,1.0
1042;558,0.0714285714286
1042;3689,0.446428571429
1042;3688,0.482142857143
1040;557,0.461538461538
1040;938,0.0769230769231
1040;3686,0.230769230769
1040;3687,0.230769230769
1047;3691,0.5
1047;3692,0.5
1046;3693,0.583333333333
1046;3690,0.166666666667
1046;3692,0.25
1044;1043,1.0
1049;1015,0.857142857143
1049;3695,0.142857142857
1048;3690,0.428571428571
1048;3691,0.571428571429
1681;535,1.0
1680;1912,0.545454545455
1680;1911,0.454545454545
1683;4091,0.151515151515
1683;4092,0.242424242424
1683;902,0.606060606061
1685;1211,1.0
1684;4093,1.0
1687;4096,1.0
1686;4095,0.3
1686;1211,0.2
1686;4094,0.5
1689;1691,0.0833333333333
1689;1690,0.916666666667
1688;4097,0.222222222222
1688;3428,0.777777777778
3983;1621,1.0
3025;2998,0.56
3025;4967,0.44
4301;2024,1.0
4300;1479,0.25
4300;2027,0.75
4307;2762,1.0
4306;4360,1.0
669;671,1.0
4304;2851,0.464285714286
4304;4851,0.321428571429
4304;2038,0.214285714286
667;3502,0.25
667;3503,0.75
666;3503,1.0
4308;2051,1.0
1266;3838,1.0
1911;1910,1.0
3021;2379,1.0
2984;4934,0.692307692308
2984;2985,0.307692307692
3128;1468,0.944444444444
3128;5042,0.0555555555556
3129;1410,0.571428571429
3129;5043,0.428571428571
3122;5037,1.0
3123;3122,0.285714285714
3123;2987,0.142857142857
3123;5038,0.571428571429
3121;5037,0.92
3121;5036,0.08
3126;2132,1.0
3127;2959,1.0
3124;5039,0.117647058824
3124;634,0.764705882353
3124;3123,0.117647058824
3281;3132,1.0
1465;3966,0.115942028986
1465;838,0.36231884058
1465;1464,0.521739130435
520;3417,0.142857142857
520;3416,0.857142857143
1467;1313,0.625
1467;3969,0.125
1467;3968,0.25
1466;3967,0.444444444444
1466;387,0.222222222222
1466;338,0.333333333333
1461;3963,0.428571428571
1461;3962,0.52380952381
1461;3425,0.047619047619
1460;3960,0.277777777778
1460;3961,0.666666666667
1460;991,0.0555555555556
1462;3963,0.666666666667
1462;3962,0.333333333333
1314;1315,0.2
1314;1316,0.8
1313;3872,1.0
1312;3874,0.0588235294118
1312;3873,0.117647058824
1312;3872,0.647058823529
1312;3875,0.176470588235
1311;3875,0.0666666666667
1311;3873,0.2
1311;3874,0.333333333333
1311;3872,0.4
1310;3872,1.0
4608;2493,0.74
4608;4616,0.22
4608;4615,0.04
4239;1923,0.882352941176
4239;1921,0.0147058823529
4239;4749,0.102941176471
4238;4749,0.333333333333
4238;1923,0.666666666667
4237;4605,0.0181818181818
4237;1920,0.509090909091
4237;2479,0.472727272727
4236;1919,0.492307692308
4236;276,0.0230769230769
4236;2570,0.0461538461538
4236;1517,0.438461538462
4235;1918,1.0
4234;1516,0.533783783784
4234;1917,0.466216216216
4233;1842,0.434782608696
4233;1916,0.565217391304
4232;1915,0.923076923077
4232;4242,0.0769230769231
2460;429,0.5
2460;1484,0.1
2460;1582,0.4
1010;3668,0.304347826087
1010;3666,0.0724637681159
1010;3667,0.623188405797
3444;146,0.685714285714
3444;1485,0.314285714286
3948;4143,0.8
3948;1438,0.2
319;1147,0.666666666667
319;324,0.333333333333
318;319,0.952380952381
318;124,0.047619047619
313;3309,0.174193548387
313;3308,0.825806451613
312;3308,0.976923076923
312;3309,0.0230769230769
3944;1425,0.809523809524
3944;4226,0.190476190476
3945;765,0.25
3945;1430,0.75
3946;1785,0.8
3946;1432,0.2
314;3310,0.0234375
314;315,0.109375
314;3311,0.0078125
314;3312,0.859375
448;3381,1.0
1338;929,1.0
4128;4566,1.0
4123;334,1.0
4122;1723,0.928571428571
4122;4571,0.0714285714286
4121;127,0.2
4121;1722,0.8
4199;1729,0.625
4199;1852,0.375
4127;1730,1.0
4126;2376,0.0789473684211
4126;4533,0.0263157894737
4126;1729,0.789473684211
4126;1852,0.105263157895
4607;2492,0.882352941176
4607;3096,0.117647058824
1334;1336,0.0138888888889
1334;3882,0.986111111111
447;133,0.333333333333
447;196,0.666666666667
4218;1064,0.5
4218;1881,0.5
1333;3880,0.825806451613
1333;3881,0.116129032258
1333;3612,0.058064516129
1332;3880,1.0
4052;4968,0.846153846154
4052;1607,0.153846153846
4051;1606,0.425196850394
4051;1389,0.51968503937
4051;628,0.0551181102362
4050;1605,0.901408450704
4050;877,0.0985915492958
2324;2325,1.0
4059;1614,1.0
4058;1613,1.0
3270;1232,0.8
3270;227,0.2
3610;969,0.878048780488
3610;915,0.121951219512
2299;1103,0.666666666667
2299;4482,0.333333333333
2298;4480,0.666666666667
2298;4481,0.333333333333
3617;933,0.75
3617;4623,0.214285714286
3617;1084,0.0357142857143
3618;4520,0.0106382978723
3618;934,0.223404255319
3618;26,0.765957446809
2292;2258,1.0
2291;4475,0.727272727273
2291;4474,0.220779220779
2291;2289,0.0519480519481
2290;4474,0.2
2290;2289,0.6
2290;4475,0.2
2297;4479,1.0
2296;4480,0.0357142857143
2296;4479,0.964285714286
2295;4912,1.0
2294;4477,1.0
2568;2779,1.0
2560;4648,1.0
632;3478,1.0
2564;2557,1.0
2567;4651,1.0
2566;2188,1.0
2369;4527,0.729166666667
2369;4525,0.145833333333
2369;4526,0.125
2367;4523,0.545454545455
2367;2368,0.0909090909091
2367;446,0.363636363636
2366;4522,0.72
2366;4521,0.02
2366;1834,0.26
2365;1834,0.40350877193
2365;4522,0.59649122807
2363;2559,0.5
2363;2558,0.5
2362;2363,0.714285714286
2362;2154,0.285714285714
2361;1727,1.0
2587;4662,0.25641025641
2587;1615,0.512820512821
2587;2586,0.230769230769
2586;2149,0.619047619048
2586;4661,0.380952380952
2585;2149,0.333333333333
2585;4661,0.666666666667
2584;1426,1.0
2583;946,0.0666666666667
2583;2495,0.933333333333
2581;2188,1.0
5020;5022,0.574712643678
5020;3103,0.425287356322
5022;3105,0.428571428571
5022;3108,0.571428571429
2589;4664,0.4
2589;4663,0.6
2588;4663,0.923076923077
2588;2590,0.0769230769231
4362;2154,0.333333333333
4362;2363,0.666666666667
3729;1090,0.461538461538
3729;4503,0.0769230769231
3729;4504,0.461538461538
1867;4209,1.0
1866;4530,0.0833333333333
1866;2369,0.166666666667
1866;781,0.75
3724;1209,0.0952380952381
3724;1083,0.166666666667
3724;2189,0.738095238095
3725;4623,0.588235294118
3725;1084,0.235294117647
3725;933,0.176470588235
3727;1164,0.0434782608696
3727;3768,0.0434782608696
3727;1086,0.913043478261
3723;1082,1.0
964;2334,0.285714285714
964;969,0.714285714286
4931;2981,1.0
4684;2140,0.333333333333
4684;2611,0.666666666667
967;750,0.0594059405941
967;2942,0.940594059406
4934;2984,0.909090909091
4934;2190,0.0909090909091
961;3637,0.4
961;3638,0.6
4680;2607,1.0
963;3639,1.0
4938;2789,0.894736842105
4938;2990,0.105263157895
4939;2194,1.0
969;3643,0.428571428571
969;963,0.142857142857
969;3642,0.428571428571
2103;2124,0.906976744186
2103;2125,0.093023255814
2102;4341,0.0909090909091
2102;2103,0.909090909091
2101;2103,0.923076923077
2101;4340,0.0769230769231
2100;4339,1.0
2107;2041,1.0
2106;2041,1.0
2104;2543,1.0
2639;4707,0.0265486725664
2639;4708,0.955752212389
2639;2632,0.0176991150442
400;3357,0.153846153846
400;224,0.461538461538
400;204,0.384615384615
3765;2695,0.285714285714
3765;1309,0.571428571429
3765;1157,0.142857142857
3438;3686,0.333333333333
3438;3687,0.333333333333
3438;938,0.333333333333
1537;4013,1.0
4936;2988,0.986842105263
4936;1682,0.0131578947368
878;3594,0.740740740741
878;886,0.259259259259
1536;4012,0.210526315789
1536;469,0.789473684211
3431;539,1.0
874;875,1.0
3433;541,1.0
3436;547,1.0
871;1843,0.75
871;4723,0.25
2037;4304,1.0
2740;2802,1.0
2743;2742,0.666666666667
2743;4791,0.333333333333
2034;2035,1.0
2032;4300,1.0
2031;4300,0.8
2031;4299,0.2
2746;2745,1.0
9;2083,0.375
9;2908,0.625
3096;5015,0.6
3096;1041,0.4
4847;2847,1.0
4841;3003,1.0
2039;2040,1.0
2038;4304,0.925925925926
2038;2030,0.0740740740741
890;3596,1.0
891;3597,0.363636363636
891;883,0.545454545455
891;3598,0.0909090909091
892;883,0.277777777778
892;3597,0.537037037037
892;3598,0.185185185185
893;895,1.0
894;895,1.0
895;2940,1.0
909;3606,0.941176470588
909;910,0.0588235294118
646;3492,0.5
646;653,0.5
1247;3824,0.7
1247;3823,0.3
3546;1326,0.6
3546;800,0.4
3234;4571,1.0
3542;3543,1.0
3543;793,1.0
3548;119,0.692307692308
3548;803,0.307692307692
3549;357,0.333333333333
3549;804,0.333333333333
3549;1466,0.333333333333
1964;949,1.0
260;3288,0.317073170732
260;258,0.682926829268
1617;1955,1.0
1966;1965,1.0
1788;4158,1.0
2967;4923,0.217877094972
2967;4924,0.675977653631
2967;1664,0.106145251397
2966;4923,0.697368421053
2966;4924,0.302631578947
2960;3079,1.0
762;763,0.739130434783
762;761,0.260869565217
1781;4158,0.666666666667
1781;4139,0.333333333333
760;1327,1.0
761;1439,1.0
766;3527,0.666666666667
766;3528,0.333333333333
2968;1664,0.114754098361
2968;4924,0.409836065574
2968;4923,0.475409836066
764;763,0.166666666667
764;761,0.833333333333
1613;4059,0.333333333333
1613;4058,0.666666666667
3048;863,0.857142857143
3048;4985,0.142857142857
3043;4982,1.0
1963;1956,1.0
3045;4982,0.4
3045;4984,0.6
3044;3043,0.181818181818
3044;2943,0.363636363636
3044;4983,0.454545454545
1076;3719,0.125
1076;3718,0.375
1076;3717,0.5
1077;3718,1.0
1073;4756,0.5
1073;4757,0.5
1070;3712,1.0
1071;3714,0.157894736842
1071;209,0.842105263158
1679;1680,1.0
1674;4089,1.0
1676;535,1.0
1670;1671,0.85
1670;1672,0.15
1671;5042,0.133333333333
1671;1468,0.866666666667
1672;4997,0.62962962963
1672;187,0.37037037037
1673;684,1.0
1094;1021,1.0
336;2673,0.976744186047
336;292,0.0232558139535
678;3507,0.5
678;3506,0.5
679;3507,1.0
1092;3730,0.2
1092;3731,0.2
1092;3732,0.6
4339;2312,0.952380952381
4339;2313,0.047619047619
675;3504,0.123076923077
675;3505,0.815384615385
675;667,0.0615384615385
4334;4652,0.230769230769
4334;2092,0.769230769231
4335;4336,0.75
4335;1939,0.125
4335;2093,0.125
1098;3735,0.107142857143
1098;1096,0.892857142857
1099;1087,0.130434782609
1099;3736,0.869565217391
672;673,1.0
673;1668,1.0
3135;6,0.75
3135;1579,0.25
3134;3982,0.120218579235
3134;1019,0.879781420765
3137;2788,1.0
3136;1924,1.0
3131;0,1.0
3130;1410,1.0
3132;1043,1.0
1915;4232,0.0952380952381
1915;4233,0.761904761905
1915;3136,0.142857142857
1418;228,1.0
1419;3941,1.0
1410;3930,0.0833333333333
1410;1319,0.5
1410;3931,0.333333333333
1410;3932,0.0833333333333
1412;1382,0.166666666667
1412;3934,0.666666666667
1412;3935,0.166666666667
1413;1382,0.3
1413;3934,0.6
1413;3933,0.1
1417;4088,1.0
1322;3877,1.0
1323;3877,0.706666666667
1323;960,0.293333333333
1320;386,0.5
1320;2360,0.5
1321;3876,0.25
1321;1320,0.5
1321;413,0.25
1326;1583,1.0
1327;1326,0.75
1327;800,0.25
1325;409,1.0
1328;3879,1.0
1329;4160,1.0
1965;2157,1.0
4208;990,1.0
4209;1867,1.0
4203;3013,0.4
4203;1856,0.6
4200;1853,0.786885245902
4200;1686,0.213114754098
4201;4200,0.333333333333
4201;1854,0.666666666667
4206;1900,1.0
4204;1857,0.964285714286
4204;1536,0.0357142857143
4205;3301,1.0
647;646,0.4
647;3488,0.2
647;3487,0.4
1256;3830,1.0
1254;1252,0.333333333333
1254;610,0.333333333333
1254;3827,0.333333333333
1255;3828,1.0
1252;2123,1.0
1253;1252,0.326315789474
1253;3827,0.231578947368
1253;610,0.442105263158
1522;4001,1.0
1523;1518,0.375
1523;1512,0.0625
1523;4002,0.0625
1523;4001,0.5
1258;3832,0.142857142857
1258;3829,0.464285714286
1258;3831,0.392857142857
3959;4140,1.0
3958;1454,0.538461538462
3958;1452,0.461538461538
300;298,1.0
1627;1626,0.395348837209
1627;4065,0.604651162791
3951;421,1.0
3950;1443,0.708333333333
3950;1265,0.291666666667
304;303,0.666666666667
304;302,0.333333333333
305;3306,1.0
306;3305,0.166666666667
306;3306,0.416666666667
306;3307,0.416666666667
307;3306,0.5
307;3307,0.5
4116;1712,1.0
4117;1721,1.0
4114;4718,0.714285714286
4114;1779,0.285714285714
4115;2654,1.0
4112;1708,1.0
4113;5004,0.75
4113;1709,0.25
4110;4448,1.0
4118;2439,1.0
4119;1718,1.0
2978;729,1.0
4448;2256,0.307692307692
4448;2254,0.692307692308
4449;2259,1.0
4062;1622,0.4
4062;4690,0.6
4060;2586,1.0
2971;4926,0.4
2971;1662,0.6
4066;4931,0.371794871795
4066;1630,0.628205128205
4065;1627,0.5
4065;2981,0.5
4069;1632,1.0
2977;4927,0.666666666667
2977;2245,0.333333333333
2770;4798,0.666666666667
2770;2579,0.333333333333
3051;2090,0.2
3051;4989,0.6
3051;2095,0.2
3603;3428,1.0
3602;903,0.333333333333
3602;1683,0.3
3602;4884,0.366666666667
3601;4092,0.214285714286
3601;902,0.785714285714
3600;901,0.666666666667
3600;4940,0.333333333333
3606;909,0.0322580645161
3606;4939,0.967741935484
3604;3925,1.0
3609;723,0.3125
3609;913,0.6875
5038;3123,1.0
2990;4938,0.3
2990;4939,0.7
2358;2195,0.666666666667
2358;1571,0.333333333333
2353;2348,0.666666666667
2353;2352,0.333333333333
2351;2349,0.266666666667
2351;4513,0.6
2351;4514,0.133333333333
2356;4518,0.390243902439
2356;4517,0.609756097561
4452;2263,1.0
4451;1390,0.8
4451;4455,0.2
4457;2273,0.28125
4457;2793,0.71875
4456;2272,0.636363636364
4456;2343,0.363636363636
3739;1102,1.0
3738;136,0.285714285714
3738;1435,0.714285714286
1895;4227,1.0
4458;1946,0.666666666667
4458;2274,0.333333333333
3733;4701,0.666666666667
3733;1094,0.333333333333
3732;2463,0.0833333333333
3732;1093,0.916666666667
1892;864,1.0
1893;4225,0.08
1893;4226,0.92
4923;2537,0.873096446701
4923;2688,0.0253807106599
4923;2967,0.10152284264
958;965,0.702702702703
958;1422,0.297297297297
2134;2129,1.0
4920;4964,1.0
4927;3023,1.0
2133;2651,1.0
2130;3126,1.0
2131;2130,1.0
951;443,1.0
950;3631,1.0
953;3633,1.0
4928;2978,1.0
955;3634,0.0526315789474
955;3636,0.947368421053
954;3633,0.642857142857
954;438,0.357142857143
957;3635,1.0
956;3636,0.375
956;3634,0.232142857143
956;3635,0.392857142857
2648;2961,1.0
2649;4715,1.0
2784;2601,1.0
2640;771,0.025641025641
2640;3027,0.974358974359
2644;1208,0.02
2644;4711,0.98
2645;4712,0.111111111111
2645;1207,0.666666666667
2645;4713,0.222222222222
4804;1465,1.0
2780;2491,0.6
2780;866,0.4
3428;536,0.181818181818
3428;3429,0.818181818182
2783;4802,0.5
2783;2780,0.5
3426;488,0.740740740741
3426;531,0.222222222222
3426;3427,0.037037037037
3424;530,0.714285714286
3424;529,0.142857142857
3424;297,0.142857142857
2002;998,0.363636363636
2002;679,0.0454545454545
2002;4279,0.590909090909
2000;1998,0.512820512821
2000;1996,0.0512820512821
2000;4277,0.435897435897
4589;2464,1.0
4859;2251,1.0
4858;2781,0.0263157894737
4858;2861,0.710526315789
4858;1182,0.263157894737
4857;705,1.0
4584;2458,1.0
2008;4285,0.25
2008;4284,0.75
4586;2461,1.0
4853;2855,1.0
4852;2162,1.0
4851;2853,1.0
506;3513,1.0
1268;1700,0.5
1268;1699,0.5
1856;4204,1.0
4410;2206,0.666666666667
4410;977,0.333333333333
3555;4601,0.0344827586207
3555;2482,0.827586206897
3555;812,0.137931034483
3550;822,1.0
1263;3836,1.0
2911;182,1.0
2914;2269,0.166666666667
2914;2271,0.833333333333
719;1676,1.0
2917;4884,0.222222222222
2917;903,0.444444444444
2917;1683,0.333333333333
1793;2300,0.611111111111
1793;4338,0.388888888889
1792;1793,1.0
1791;1790,1.0
1796;3067,0.473684210526
1796;301,0.526315789474
1795;1796,1.0
1794;2325,1.0
3024;4966,1.0
4966;2593,1.0
1061;3705,0.428571428571
1061;3703,0.571428571429
1062;3706,1.0
4961;2998,1.0
1669;1668,1.0
1668;1679,0.6
1668;669,0.4
1666;4087,0.352941176471
1666;4088,0.647058823529
1665;4926,0.518518518519
1665;1662,0.481481481481
4620;2510,0.818181818182
4620;4621,0.0909090909091
4620;4622,0.0909090909091
1662;1661,0.581395348837
1662;1659,0.418604651163
4435;2046,1.0
4329;2086,1.0
1086;3726,0.075
1086;3727,0.15
1086;3728,0.775
1085;3728,0.636363636364
1085;3726,0.0454545454545
1085;3727,0.318181818182
592;100,1.0
1083;3724,0.353658536585
1083;3725,0.646341463415
1082;3725,0.87012987013
1082;3723,0.12987012987
1089;1088,1.0
1088;1145,0.315789473684
1088;1144,0.684210526316
2828;2476,0.772727272727
2828;2694,0.227272727273
3147;4836,0.944444444444
3147;20,0.0555555555556
2824;2739,1.0
3149;24,1.0
2821;4834,1.0
2822;4836,0.666666666667
2822;20,0.333333333333
3386;461,0.125
3386;60,0.875
3387;3448,0.888888888889
3387;462,0.111111111111
3380;450,1.0
3381;3960,0.4
3381;451,0.4
3381;991,0.2
3388;1216,0.125
3388;4142,0.291666666667
3388;464,0.5625
3388;4141,0.0208333333333
3389;449,0.352941176471
3389;3391,0.529411764706
3389;466,0.117647058824
1408;1319,1.0
1403;2540,0.0588235294118
1403;4229,0.941176470588
1402;1381,0.222222222222
1402;3928,0.333333333333
1402;3927,0.444444444444
4215;1876,0.714285714286
4215;861,0.285714285714
449;3380,0.0212765957447
449;3379,0.936170212766
449;3381,0.0425531914894
4216;1878,1.0
4210;1871,1.0
4213;1874,1.0
4212;1873,0.880434782609
4212;1395,0.0434782608696
4212;521,0.0760869565217
1335;3882,1.0
442;1722,1.0
441;343,1.0
440;379,0.617021276596
440;3373,0.382978723404
1331;1329,1.0
1330;1793,1.0
445;114,0.333333333333
445;169,0.666666666667
444;3374,0.1
444;169,0.6
444;114,0.3
1520;3999,1.0
39;14,0.571428571429
39;3161,0.285714285714
39;3162,0.142857142857
38;3162,0.941176470588
38;3161,0.0588235294118
3260;477,0.923076923077
3260;203,0.0769230769231
32;3155,0.0408163265306
32;3156,0.571428571429
32;3157,0.387755102041
31;3154,0.105263157895
31;3157,0.263157894737
31;3156,0.473684210526
31;3155,0.157894736842
30;3157,1.0
37;30,1.0
36;32,1.0
34;36,0.285714285714
34;3158,0.142857142857
34;3159,0.571428571429
3092;5014,0.5
3092;189,0.5
3093;1846,1.0
1242;3819,0.772727272727
1242;1095,0.0909090909091
1242;385,0.136363636364
1245;3822,0.0416666666667
1245;3820,0.583333333333
1245;3821,0.375
1244;3821,1.0
3094;5016,1.0
1246;3824,1.0
1249;1734,0.777777777778
1249;1733,0.222222222222
2060;29,0.5
2060;2059,0.5
3098;3099,1.0
1538;842,1.0
339;282,0.377777777778
339;3321,0.533333333333
339;3320,0.0888888888889
1935;1936,0.375
1935;4246,0.625
335;3318,0.85
335;3319,0.15
337;3318,0.166666666667
337;3319,0.333333333333
337;336,0.5
3266;213,1.0
331;3316,0.2
331;329,0.8
330;329,1.0
332;3317,0.923076923077
332;293,0.0769230769231
4101;1695,1.0
4100;1694,1.0
4103;1697,0.166666666667
4103;1693,0.833333333333
2061;430,0.8
2061;3810,0.2
4108;2700,0.5
4108;2394,0.5
543;544,1.0
4332;4989,1.0
3892;1352,0.03125
3892;1165,0.583333333333
3892;4935,0.385416666667
3891;1449,1.0
3897;1361,1.0
2118;4347,0.0416666666667
2118;4348,0.416666666667
2118;4349,0.541666666667
2063;4317,0.621621621622
2063;2064,0.378378378378
1464;3965,0.492307692308
1464;1892,0.507692307692
2119;4350,0.194444444444
2119;4351,0.805555555556
4079;4811,0.5
4079;1643,0.5
4074;1635,1.0
3375;446,1.0
3966;1465,1.0
3967;804,0.03125
3967;1466,0.9375
3967;357,0.03125
3964;1463,1.0
3962;3904,1.0
3963;1613,0.05
3963;1462,0.95
3961;3075,0.128205128205
3961;1460,0.871794871795
3968;178,0.875
3968;154,0.125
3969;1469,0.277777777778
3969;415,0.166666666667
3969;3063,0.555555555556
3638;966,1.0
3637;3877,0.935483870968
3637;960,0.0645161290323
3634;3638,1.0
3635;956,0.759259259259
3635;958,0.240740740741
3632;515,1.0
3633;4791,1.0
3630;4223,1.0
4613;273,0.153846153846
4613;2500,0.769230769231
4613;4857,0.0384615384615
4613;264,0.0384615384615
2345;1290,1.0
2344;1290,1.0
2347;2345,0.333333333333
2347;4509,0.208333333333
2347;4510,0.458333333333
237;3276,1.0
2341;1090,0.021897810219
2341;4504,0.109489051095
2341;4503,0.868613138686
2340;4504,0.280701754386
2340;4503,0.719298245614
2343;4505,0.353846153846
2343;4506,0.169230769231
2343;2341,0.476923076923
2342;4505,0.4
2342;2341,0.3
2342;4506,0.3
230;3272,0.333333333333
230;229,0.666666666667
2348;4511,0.4
2348;2347,0.6
4614;2501,0.728155339806
4614;4858,0.21359223301
4614;2497,0.0582524271845
4617;2507,0.923076923077
4617;2535,0.0769230769231
2346;4509,0.4
2346;2345,0.2
2346;4510,0.4
4468;2410,0.5
4468;2284,0.5
4469;2285,1.0
1887;1199,0.833333333333
1887;1234,0.166666666667
3703;1059,1.0
3700;1056,1.0
1884;1883,0.666666666667
1884;4220,0.333333333333
3706;814,1.0
3705;3745,0.1
3705;3743,0.7
3705;1061,0.2
2121;2120,0.375
2121;4351,0.625
2120;4729,1.0
2123;2417,1.0
2122;4350,0.5
2122;4351,0.428571428571
2122;2120,0.0714285714286
2125;4352,1.0
2124;3088,1.0
949;947,1.0
4664;2589,0.666666666667
4664;975,0.333333333333
947;4660,0.377049180328
947;2580,0.622950819672
4666;976,1.0
1084;3724,0.192307692308
1084;3725,0.807692307692
942;3626,1.0
4913;2236,1.0
4662;2587,0.5625
4662;2588,0.4375
4911;4910,0.555555555556
4911;2947,0.444444444444
2659;1916,0.615384615385
2659;4725,0.153846153846
2659;1842,0.230769230769
2653;4719,0.333333333333
2653;2652,0.333333333333
2653;4720,0.333333333333
2652;1779,0.00970873786408
2652;4718,0.990291262136
2651;31,0.6
2651;4717,0.2
2651;4716,0.2
2650;31,0.0833333333333
2650;2649,0.0666666666667
2650;4716,0.283333333333
2650;4717,0.566666666667
2657;1843,1.0
2655;4721,1.0
2654;1092,0.363636363636
2654;2652,0.0909090909091
2654;4719,0.272727272727
2654;4720,0.272727272727
133;134,0.5
133;3221,0.5
3414;518,1.0
130;2049,0.352941176471
130;2050,0.647058823529
137;3223,0.666666666667
137;138,0.333333333333
136;3223,1.0
3410;510,0.521428571429
3410;511,0.478571428571
134;197,0.190476190476
134;420,0.809523809524
139;3223,0.272727272727
139;138,0.454545454545
139;3224,0.272727272727
138;168,1.0
3418;904,0.368421052632
3418;523,0.631578947368
4862;2883,1.0
4863;2884,1.0
2016;2018,0.666666666667
2016;4289,0.333333333333
2010;4283,0.714285714286
2010;4284,0.142857142857
2010;4285,0.142857142857
4864;2883,1.0
2012;2011,0.888888888889
2012;4286,0.111111111111
2129;2130,0.133333333333
2129;2128,0.866666666667
1453;1452,1.0
4484;2303,1.0
4487;2306,0.765217391304
4487;2305,0.234782608696
4481;3060,0.272727272727
4481;2298,0.727272727273
4482;2299,0.75
4482;4448,0.25
4483;2301,1.0
4488;2304,0.232067510549
4488;2307,0.0886075949367
4488;4487,0.679324894515
4489;2308,1.0
2903;4876,1.0
2902;4875,0.71186440678
2902;678,0.118644067797
2902;2901,0.169491525424
2901;4906,0.434782608696
2901;4874,0.565217391304
2907;2594,1.0
2904;328,0.365384615385
2904;277,0.634615384615
705;3515,0.0434782608696
705;3514,0.95652173913
706;3514,0.888888888889
706;3515,0.111111111111
2908;4879,0.5
2908;4792,0.5
701;1650,1.0
702;3512,0.5
702;701,0.5
88;89,1.0
89;22,1.0
2486;2485,0.3
2486;4603,0.3
2486;4602,0.4
84;85,0.88
84;83,0.12
85;1011,0.411764705882
85;2378,0.588235294118
1658;4084,0.340909090909
1658;4083,0.375
1658;4086,0.215909090909
1658;4085,0.0681818181818
1659;2973,0.941176470588
1659;70,0.0588235294118
1656;4084,0.24358974359
1656;4083,0.0833333333333
1656;4086,0.653846153846
1656;4085,0.0192307692308
1657;4083,1.0
580;3450,0.203703703704
580;3452,0.555555555556
580;3449,0.12962962963
580;3451,0.111111111111
581;3452,0.428571428571
581;3450,0.142857142857
581;3449,0.428571428571
1839;1840,1.0
3152;27,1.0
3151;4520,0.0344827586207
3151;26,0.965517241379
3157;69,0.755102040816
3157;32,0.244897959184
3156;4717,0.285714285714
3156;4716,0.0714285714286
3156;31,0.642857142857
3155;3160,0.2
3155;30,0.6
3155;33,0.2
3154;2059,0.909090909091
3154;29,0.0909090909091
2836;2838,1.0
3159;3083,0.4
3159;35,0.6
2834;1269,0.666666666667
2834;4841,0.333333333333
2833;4840,1.0
2831;2832,0.6
2831;2357,0.4
2830;2476,0.5
2830;2694,0.5
3391;4728,0.438596491228
3391;468,0.561403508772
1437;1401,0.25
1437;1411,0.75
3393;473,1.0
1435;318,1.0
1432;1433,0.653846153846
1432;3946,0.346153846154
3394;3397,0.333333333333
3394;3396,0.666666666667
1430;3805,0.666666666667
1430;764,0.333333333333
3396;476,1.0
3399;481,1.0
1438;3948,1.0
1348;3887,1.0
4261;1977,0.6
4261;1979,0.4
4262;1979,0.125
4262;1977,0.875
4263;1982,1.0
1889;4222,1.0
1888;1870,1.0
4267;1987,1.0
450;3378,0.333333333333
450;3381,0.666666666667
1341;1338,1.0
453;3382,1.0
1344;2904,0.5
1344;2184,0.5
1347;3889,1.0
1886;1887,1.0
4464;2277,0.166666666667
4464;2281,0.833333333333
3940;2433,0.666666666667
3940;2794,0.166666666667
3940;1418,0.166666666667
1500;2061,1.0
1501;1019,0.333333333333
1501;5,0.333333333333
1501;3982,0.333333333333
3088;2113,0.0714285714286
3088;3084,0.928571428571
3941;1579,0.6
3941;6,0.4
3084;34,1.0
3087;4998,0.285714285714
3087;1235,0.714285714286
1509;799,0.793103448276
1509;1865,0.206896551724
3080;497,1.0
3082;3088,1.0
4668;2026,1.0
3885;1340,1.0
3884;1339,0.363636363636
3884;1482,0.636363636364
3886;4580,1.0
3881;1333,1.0
3880;1097,0.811475409836
3880;1332,0.188524590164
3883;1337,1.0
3888;4392,1.0
4916;2951,1.0
4914;2949,1.0
945;3628,0.666666666667
945;3629,0.333333333333
569;604,1.0
4912;2231,0.09375
4912;2876,0.375
4912;2951,0.53125
4910;2946,0.2
4910;17,0.4
4910;3062,0.4
4663;2588,0.571428571429
4663;2587,0.214285714286
4663;1707,0.214285714286
4001;1522,0.818181818182
4001;4995,0.181818181818
4002;1523,1.0
322;194,1.0
320;3312,1.0
3972;1482,1.0
3977;5033,1.0
325;3314,1.0
328;327,1.0
78;3194,1.0
3624;3625,0.666666666667
3624;940,0.238095238095
3624;3623,0.0952380952381
1340;3884,0.583333333333
1340;3885,0.25
1340;455,0.166666666667
3626;3624,0.818181818182
3626;833,0.0909090909091
3626;3627,0.0454545454545
3626;942,0.0454545454545
4715;2649,0.571428571429
4715;4717,0.428571428571
4716;2134,0.717948717949
4716;2650,0.282051282051
4717;2060,0.222222222222
4717;4804,0.777777777778
2336;4988,0.5
2336;4500,0.5
3071;1486,1.0
4718;1092,0.0535714285714
4718;2652,0.178571428571
4718;4719,0.767857142857
4719;4848,0.333333333333
4719;2653,0.666666666667
1880;4218,1.0
1590;1008,1.0
3715;4668,1.0
3717;1076,0.8
3717;1091,0.2
4120;1721,1.0
946;944,0.30612244898
946;3628,0.285714285714
946;3629,0.408163265306
3712;1070,0.25
3712;2411,0.75
3718;1077,1.0
4479;4502,0.791666666667
4479;2296,0.208333333333
4478;882,0.333333333333
4478;2295,0.666666666667
4125;1728,0.815789473684
4125;2358,0.184210526316
4475;2063,0.0793650793651
4475;2291,0.730158730159
4475;2301,0.190476190476
4474;882,0.5
4474;2290,0.5
4477;2294,1.0
4476;2293,0.5
4476;1305,0.5
4909;2232,0.631578947368
4909;2945,0.368421052632
4908;2944,0.857142857143
4908;4917,0.142857142857
2488;4603,0.130434782609
2488;4602,0.695652173913
2488;2485,0.173913043478
4901;2934,0.891891891892
4901;4903,0.108108108108
2487;4602,0.384615384615
2487;2485,0.230769230769
2487;4603,0.384615384615
2484;4601,0.5
2484;2482,0.5
2485;3038,1.0
2483;812,0.111111111111
2483;4601,0.222222222222
2483;2482,0.666666666667
2951;4915,1.0
4865;2936,0.25
4865;2887,0.75
2241;4436,0.333333333333
2241;4437,0.666666666667
2242;4436,0.5
2242;4437,0.5
2243;4436,0.5
2243;4437,0.5
995;3660,0.169117647059
995;3661,0.205882352941
995;3659,0.625
994;3661,0.5
994;3660,0.333333333333
994;3659,0.166666666667
997;4906,0.672222222222
997;4874,0.327777777778
996;994,0.565957446809
996;3662,0.434042553191
991;3657,0.2
991;3656,0.8
2462;990,1.0
992;3658,1.0
999;981,1.0
998;997,0.733333333333
998;3663,0.266666666667
3401;1031,1.0
121;153,1.0
123;3216,0.5
123;3219,0.5
124;3217,0.05
124;3219,0.2
124;3216,0.25
124;3218,0.5
125;3216,1.0
126;359,0.1
126;375,0.9
127;126,1.0
128;459,1.0
129;3220,1.0
4875;2903,0.0327868852459
4875;2900,0.311475409836
4875;2902,0.655737704918
3416;1873,0.571428571429
3416;521,0.428571428571
4877;2737,1.0
4876;2897,0.875
4876;2900,0.0416666666667
4876;2902,0.0833333333333
4871;4870,1.0
4872;2716,0.3125
4872;2899,0.125
4872;854,0.0625
4872;4873,0.5
4879;2909,1.0
4878;2083,1.0
1186;2401,0.909090909091
1186;1363,0.0909090909091
2792;4808,1.0
2793;1516,1.0
2790;1741,0.5
2790;4806,0.5
2791;4807,1.0
2064;2952,0.25
2064;2949,0.208333333333
2064;4318,0.541666666667
2065;2067,1.0
521;3416,0.666666666667
521;3417,0.333333333333
1185;3775,0.612403100775
1185;1141,0.387596899225
135;134,1.0
1182;1180,0.958333333333
1182;266,0.0416666666667
3579;843,1.0
3578;840,0.2
3578;2118,0.8
3575;3627,1.0
3574;832,1.0
3577;839,0.842696629213
3577;2415,0.157303370787
3571;829,1.0
3570;832,1.0
2666;4731,0.796875
2666;2667,0.203125
2667;2964,0.305555555556
2667;2966,0.694444444444
2664;2667,0.220779220779
2664;4731,0.779220779221
2665;4730,1.0
2662;4728,1.0
2663;4729,0.8
2663;2664,0.2
2660;4726,0.942857142857
2660;4380,0.0571428571429
4490;2309,0.8875
4490;2156,0.1125
940;942,0.25
940;3627,0.09375
940;3624,0.625
940;833,0.03125
2668;4732,0.4
2668;1657,0.466666666667
2668;2661,0.133333333333
2669;4733,0.344186046512
2669;857,0.227906976744
2669;1655,0.427906976744
1397;3925,0.777777777778
1397;3926,0.222222222222
2933;1261,1.0
941;3625,1.0
3799;619,1.0
1837;4188,0.666666666667
1837;1836,0.333333333333
2152;787,1.0
1641;4076,1.0
1643;1640,0.5
1643;1523,0.5
1396;1292,1.0
1648;1647,1.0
1742;281,0.666666666667
1742;4131,0.333333333333
4365;1966,1.0
579;3449,0.0238095238095
579;3451,0.0714285714286
579;3450,0.904761904762
578;770,1.0
604;607,0.142857142857
604;1508,0.857142857143
573;3442,0.0322580645161
573;3446,0.967741935484
572;3446,1.0
577;3058,0.142857142857
577;3054,0.714285714286
577;4994,0.142857142857
576;578,1.0
575;3448,1.0
574;3448,1.0
2809;2852,1.0
601;3468,1.0
2806;4821,1.0
3163;40,1.0
3160;3906,0.5
3160;37,0.5
3161;38,0.285714285714
3161;4430,0.714285714286
2406;4556,0.0588235294118
2406;1128,0.117647058824
2406;2404,0.823529411765
1997;1995,0.5
1997;4274,0.5
1422;3942,1.0
3368;1035,1.0
4363;4370,0.8
4363;4369,0.1
4363;2155,0.1
1427;962,1.0
2407;2405,0.428571428571
2407;4557,0.571428571429
3364;2012,1.0
1428;3805,0.407407407407
1428;3945,0.592592592593
3366;4547,0.227272727273
3366;422,0.772727272727
3367;2005,1.0
3360;106,0.75
3360;411,0.25
3361;1320,0.925
3361;413,0.075
3363;415,1.0
2405;2399,0.161616161616
2405;4555,0.505050505051
2405;1192,0.030303030303
2405;4554,0.30303030303
735;3445,1.0
734;732,1.0
2402;4552,1.0
2403;4553,0.941176470588
2403;1187,0.0588235294118
4273;4277,0.4
4273;1998,0.2
4273;1996,0.4
4272;1995,0.333333333333
4272;4274,0.666666666667
1359;2359,1.0
1393;3920,1.0
469;471,1.0
4276;891,0.0588235294118
4276;1999,0.676470588235
4276;3059,0.264705882353
4275;1996,1.0
4274;4755,0.205128205128
4274;1997,0.794871794872
1353;152,1.0
1352;3892,0.846153846154
1352;917,0.153846153846
467;3390,0.539473684211
467;3389,0.460526315789
2153;894,1.0
1357;3895,1.0
460;459,1.0
1200;3785,1.0
4660;4798,0.166666666667
4660;2771,0.166666666667
4660;2579,0.666666666667
933;3615,0.0740740740741
933;3617,0.777777777778
933;3616,0.148148148148
4988;3048,1.0
4861;2882,0.833333333333
4861;3023,0.166666666667
1519;1515,0.25
1519;3996,0.75
2013;2011,1.0
1515;3994,1.0
1517;304,0.793103448276
1517;3995,0.206896551724
1516;3995,1.0
1510;1511,1.0
1513;3991,1.0
959;958,1.0
3439;558,0.666666666667
3439;3689,0.166666666667
3439;3688,0.166666666667
3187;66,1.0
3182;61,0.111111111111
3182;4567,0.888888888889
3397;203,0.609756097561
3397;477,0.390243902439
4019;4642,1.0
4018;4022,1.0
4013;1977,0.864197530864
4013;1537,0.135802469136
4017;434,0.333333333333
4017;1551,0.666666666667
4014;1544,1.0
357;3334,0.153846153846
357;90,0.0769230769231
357;3335,0.769230769231
356;3333,1.0
355;354,0.714285714286
355;3332,0.285714285714
4856;2859,0.764705882353
4856;2434,0.235294117647
353;354,0.42
353;3332,0.58
351;3331,0.52380952381
351;352,0.47619047619
3980;1497,1.0
3981;1498,0.541666666667
3981;872,0.0416666666667
3981;941,0.416666666667
3982;5036,1.0
358;3333,0.142857142857
358;90,0.0952380952381
358;3335,0.142857142857
358;3334,0.619047619048
4855;749,0.152173913043
4855;2939,0.0869565217391
4855;2857,0.760869565217
2325;515,0.222222222222
2325;952,0.777777777778
1110;1111,0.285714285714
1110;735,0.714285714286
4709;1526,1.0
4708;2639,0.178082191781
4708;1242,0.246575342466
4708;165,0.575342465753
289;288,0.990291262136
289;3300,0.00970873786408
288;433,0.864197530864
288;4465,0.0123456790123
288;1550,0.123456790123
281;3294,0.666666666667
281;3296,0.333333333333
280;3296,1.0
283;904,0.625
283;523,0.375
282;254,1.0
285;236,0.517948717949
285;3298,0.466666666667
285;3299,0.0153846153846
284;283,1.0
286;3298,0.25
286;236,0.75
3760;2223,0.1
3760;1149,0.6
3760;1284,0.3
3761;3796,1.0
3762;2160,1.0
1441;2584,1.0
3768;1089,1.0
3769;1165,1.0
1116;1183,1.0
262;261,1.0
261;1178,1.0
3561;822,1.0
267;3289,1.0
266;263,0.6
266;265,0.4
265;1988,1.0
1293;3858,0.363636363636
1293;3859,0.636363636364
1031;3683,0.883720930233
1031;3682,0.116279069767
1290;3853,0.75
1290;3856,0.25
2499;4611,0.192307692308
2499;4612,0.615384615385
2499;2009,0.192307692308
2498;4611,0.487804878049
2498;2009,0.512195121951
3225;88,0.869047619048
3225;141,0.130952380952
2491;4608,0.266666666667
2491;2487,0.666666666667
2491;4606,0.0666666666667
2490;1920,1.0
2493;4607,0.333333333333
2493;4608,0.151515151515
2493;2487,0.515151515152
4641;2994,1.0
2495;4609,0.0392156862745
2495;4610,0.960784313725
2494;785,0.8
2494;893,0.2
2497;217,0.333333333333
2497;4609,0.47619047619
2497;4610,0.190476190476
2496;4610,0.1
2496;217,0.3
2496;4609,0.6
4424;4359,0.8
4424;2224,0.2
1294;3858,0.5
1294;3426,0.5
2257;4494,0.166666666667
2257;2314,0.833333333333
2256;4243,1.0
2255;2256,0.591836734694
2255;2254,0.408163265306
2253;2239,0.20253164557
2253;2252,0.79746835443
2476;4600,0.75
2476;2354,0.25
2475;3965,1.0
2196;4401,0.228571428571
2196;4400,0.428571428571
2196;4399,0.342857142857
980;3654,1.0
981;982,1.0
2479;2480,1.0
117;157,0.0275229357798
117;3233,0.97247706422
111;110,0.6
111;3213,0.4
110;3253,0.375
110;3252,0.5
110;192,0.125
112;115,0.8
112;3214,0.2
118;120,0.0634146341463
118;121,0.936585365854
3432;3970,0.37037037037
3432;1480,0.407407407407
3432;540,0.222222222222
4800;2774,1.0
4801;1182,0.192307692308
4801;2781,0.807692307692
2787;4804,1.0
4803;2786,0.5
4803;2534,0.5
2781;2780,0.5
2781;4801,0.5
4805;2789,0.5
4805;2990,0.5
4806;2192,0.105263157895
4806;2790,0.578947368421
4806;2795,0.315789473684
4807;2686,0.833333333333
4807;2791,0.166666666667
4808;2770,0.842105263158
4808;2792,0.157894736842
4809;1418,1.0
2788;2039,0.25
2788;2763,0.75
952;438,1.0
3501;3848,1.0
3502;3504,0.3
3502;3505,0.533333333333
3502;667,0.166666666667
3504;675,1.0
3505;676,0.209302325581
3505;2002,0.790697674419
3507;2901,1.0
2671;2119,0.444444444444
2671;4734,0.444444444444
2671;4735,0.111111111111
2670;2119,0.772277227723
2670;4734,0.128712871287
2670;4735,0.0990099009901
2673;2672,1.0
2672;2941,0.666666666667
2672;1720,0.333333333333
2675;2673,1.0
2565;2566,1.0
3685;427,0.111111111111
3685;1035,0.888888888889
1208;3792,0.5
1208;3790,0.5
1630;4067,0.333333333333
1630;1628,0.666666666667
3217;123,0.666666666667
3217;3257,0.333333333333
3210;411,1.0
1980;1648,1.0
3213;109,0.533333333333
3213;402,0.466666666667
1638;1513,1.0
3218;124,0.823529411765
3218;319,0.176470588235
3219;3274,1.0
482;473,0.666666666667
482;3400,0.333333333333
2909;4878,0.75
2909;4792,0.25
568;567,1.0
2814;4828,0.5
2814;2387,0.5
2811;4825,1.0
560;1416,0.0333333333333
560;2527,0.966666666667
561;563,0.888888888889
561;560,0.111111111111
562;3525,0.2
562;3524,0.8
563;564,1.0
564;568,0.538461538462
564;487,0.461538461538
565;564,1.0
566;3441,0.666666666667
566;567,0.333333333333
567;745,1.0
3170;3836,1.0
3175;52,1.0
3174;40,1.0
1188;1191,1.0
3378;448,1.0
3377;447,1.0
3376;1822,0.842105263158
3376;736,0.157894736842
1184;3774,1.0
3374;4250,1.0
3373;131,1.0
1183;3774,1.0
1181;1180,0.922077922078
1181;266,0.0779220779221
726;727,1.0
727;1644,0.571428571429
727;720,0.428571428571
725;727,1.0
722;3517,0.125
722;418,0.875
1744;2881,1.0
1745;1744,0.157894736842
1745;1372,0.842105263158
1747;1749,0.5
1747;4134,0.5
1740;4435,1.0
1741;4130,0.30303030303
1741;4131,0.272727272727
1741;281,0.424242424242
728;3443,0.0909090909091
728;457,0.545454545455
728;145,0.363636363636
1743;4132,0.1875
1743;3410,0.8125
1164;2424,0.5
1164;2422,0.5
1165;1166,0.227272727273
1165;543,0.727272727273
1165;3769,0.0454545454545
1166;3770,0.375
1166;3814,0.410714285714
1166;3134,0.214285714286
1167;1032,1.0
1614;4058,0.5
1614;4057,0.5
1161;1160,1.0
640;3483,1.0
5028;3111,0.75
5028;1827,0.25
4246;2496,1.0
4244;1928,0.58431372549
4244;2749,0.0705882352941
4244;1973,0.345098039216
4245;437,0.9375
4245;1934,0.0625
4242;1926,1.0
4243;4242,0.36
4243;1927,0.08
4243;1915,0.56
4240;1924,0.260869565217
4240;4539,0.0434782608696
4240;8,0.695652173913
2035;2015,0.25
2035;2034,0.75
1488;3974,1.0
1864;4208,1.0
47;3172,1.0
40;3164,1.0
41;3164,1.0
1568;4029,0.6
1568;4030,0.4
1569;4187,0.75
1569;1833,0.25
1561;4024,0.777777777778
1561;4025,0.222222222222
1562;4024,1.0
1291;3854,0.25
1291;3856,0.25
1291;3853,0.5
1566;4029,1.0
3191;3837,1.0
591;365,0.027027027027
591;590,0.972972972973
1361;1374,1.0
795;797,1.0
2551;4642,1.0
1716;4117,1.0
4399;2195,0.807339449541
4399;1571,0.192660550459
4390;2183,0.592391304348
4390;2343,0.244565217391
4390;2272,0.163043478261
4391;2904,0.5
4391;2184,0.5
1201;2186,1.0
790;3540,1.0
4394;2984,0.666666666667
4394;3091,0.333333333333
472;3395,0.384615384615
472;3394,0.230769230769
472;3393,0.384615384615
473;3393,0.2
473;3395,0.8
3194;3196,1.0
1362;655,0.333333333333
1362;1399,0.666666666667
477;474,0.16
477;242,0.04
477;3397,0.16
477;3396,0.64
474;3395,0.25
474;3394,0.75
475;3395,1.0
3728;1087,0.862068965517
3728;3736,0.137931034483
479;3399,0.333333333333
479;480,0.666666666667
1368;3902,0.47619047619
1368;300,0.333333333333
1368;3901,0.190476190476
1369;3902,0.571428571429
1369;3901,0.142857142857
1369;300,0.285714285714
