3724;1083,0.153846153846
3724;2189,0.711538461538
3724;1209,0.134615384615
4024;2019,1.0
4020;1554,1.0
3725;4623,0.769230769231
3725;933,0.153846153846
3725;1084,0.0769230769231
4029;2201,0.75
4029;1566,0.25
592;100,0.955555555556
592;591,0.0444444444444
4642;2551,0.0729166666667
4642;2562,0.927083333333
966;582,0.173913043478
966;3640,0.521739130435
966;3641,0.260869565217
966;957,0.0434782608696
344;3325,0.8
344;149,0.2
345;3327,1.0
346;3327,1.0
341;3323,1.0
342;3324,0.5
342;1925,0.5
3996;4001,1.0
3995;2570,1.0
348;3327,1.0
349;352,0.5
349;3331,0.5
4930;581,1.0
4932;581,1.0
4685;2612,0.333333333333
4685;2608,0.666666666667
2185;4392,1.0
961;3638,1.0
4732;2668,0.142857142857
4732;2663,0.5
4732;2867,0.357142857143
4733;2864,0.0573770491803
4733;2530,0.565573770492
4733;2669,0.377049180328
4730;2868,1.0
4731;2666,0.371428571429
4731;2665,0.0571428571429
4731;2868,0.571428571429
4680;2607,1.0
4734;2670,1.0
2319;4488,1.0
4739;2682,1.0
2312;1057,0.5
2312;2853,0.5
2313;4489,0.8
2313;4493,0.2
2310;4535,1.0
4831;2821,1.0
2184;4389,0.213675213675
2184;4390,0.666666666667
2184;4391,0.119658119658
299;298,1.0
296;1372,0.7
296;1744,0.3
297;296,0.6
297;3302,0.4
295;296,0.428571428571
295;294,0.428571428571
295;3302,0.142857142857
290;2676,1.0
3771;1176,1.0
3770;543,0.588235294118
3770;3769,0.176470588235
3770;1166,0.235294117647
3776;1188,0.985294117647
3776;4892,0.0147058823529
3775;1134,0.412556053812
3775;1185,0.394618834081
3775;472,0.192825112108
3774;1184,0.220994475138
3774;1158,0.779005524862
3687;1040,0.913043478261
3687;663,0.0869565217391
3686;1039,1.0
270;3290,1.0
271;3291,0.363636363636
271;3290,0.636363636364
272;2783,1.0
273;272,0.270833333333
273;3290,0.541666666667
273;3291,0.1875
274;1334,0.56
274;5001,0.44
275;274,0.402985074627
275;3293,0.597014925373
277;274,0.22972972973
277;3293,0.77027027027
279;3296,0.166666666667
279;3294,0.75
279;3295,0.0833333333333
4836;2822,0.5
4836;3086,0.5
4658;2577,1.0
2268;1162,1.0
2269;1162,1.0
2262;4451,1.0
2263;4773,0.333333333333
2263;4452,0.666666666667
2267;1390,0.555555555556
2267;4455,0.444444444444
2440;3019,0.935483870968
2440;1846,0.0645161290323
2441;48,1.0
2446;4576,0.333333333333
2446;2445,0.666666666667
2447;4577,1.0
2444;443,0.767441860465
2444;4575,0.232558139535
109;3213,1.0
102;1374,1.0
103;102,1.0
101;102,1.0
106;104,0.108108108108
106;3211,0.837837837838
106;3210,0.0540540540541
107;104,0.315789473684
107;3210,0.0789473684211
107;3211,0.605263157895
105;3210,0.119658119658
105;3211,0.376068376068
105;104,0.504273504274
2047;554,1.0
4811;2796,1.0
2045;2037,1.0
2041;2040,1.0
2048;2523,0.583333333333
2048;2528,0.416666666667
2049;3099,1.0
4849;2849,0.5
4849;2819,0.5
2835;4841,0.8
2835;1269,0.2
1210;3793,1.0
3516;3514,1.0
3515;4854,0.0833333333333
3515;4216,0.166666666667
3515;706,0.75
2684;4033,0.625
2684;4741,0.125
2684;2681,0.25
2685;4745,1.0
2686;4743,1.0
2687;512,0.5
2687;4743,0.5
2680;1022,1.0
2682;2883,1.0
1436;1101,0.0769230769231
1436;1435,0.538461538462
1436;136,0.384615384615
3999;1519,1.0
3390;467,0.564102564103
3390;3879,0.435897435897
99;590,0.8
99;3208,0.2
98;588,0.4
98;206,0.6
91;3202,1.0
90;3200,0.1
90;3203,0.7
90;3202,0.2
93;3201,0.0285714285714
93;3202,0.714285714286
93;3203,0.257142857143
92;3203,0.571428571429
92;3202,0.428571428571
94;3204,0.0888888888889
94;4027,0.911111111111
1990;4270,0.5
1990;4269,0.5
1621;1624,1.0
3204;95,0.948275862069
3204;94,0.051724137931
3203;387,0.32
3203;93,0.44
3203;338,0.24
1626;698,0.944444444444
1626;1475,0.0555555555556
1625;1626,0.588235294118
1625;4065,0.411764705882
1996;1995,0.842105263158
1996;4273,0.0526315789474
1996;4274,0.105263157895
1999;4276,0.230769230769
1999;4275,0.230769230769
1999;1992,0.538461538462
1998;4275,0.157894736842
1998;4276,0.473684210526
1998;1992,0.368421052632
1628;460,0.246231155779
1628;1629,0.753768844221
3208;99,0.666666666667
3208;97,0.333333333333
2860;4857,1.0
2861;2497,0.222222222222
2861;4858,0.0555555555556
2861;2501,0.722222222222
2862;4859,1.0
559;71,0.0833333333333
559;3439,0.916666666667
558;71,0.0322580645161
558;3438,0.225806451613
558;3439,0.193548387097
558;3440,0.548387096774
555;563,0.688888888889
555;560,0.311111111111
2869;2868,0.681818181818
2869;2665,0.181818181818
2869;2666,0.136363636364
557;3438,0.2
557;3440,0.8
556;732,1.0
553;1619,1.0
1199;3784,0.195652173913
1199;3783,0.717391304348
1199;3782,0.0869565217391
1198;3782,0.111111111111
1198;3783,0.333333333333
1198;3784,0.555555555556
3348;2274,1.0
3349;1095,1.0
3342;370,1.0
3343;2116,1.0
3340;201,0.2
3340;366,0.2
3340;481,0.6
3341;368,1.0
1194;1196,0.5
1194;1195,0.5
4259;1973,1.0
4258;1960,1.0
1175;1174,1.0
1174;2913,1.0
1173;1174,1.0
1170;2271,0.166666666667
1170;2269,0.833333333333
4253;2274,0.111111111111
4253;1946,0.888888888889
4255;1951,1.0
4256;1953,0.166666666667
4256;1952,0.833333333333
1006;3665,1.0
1285;3851,0.272727272727
1285;3850,0.0909090909091
1285;3849,0.636363636364
1287;3852,1.0
1286;3849,0.692307692308
1286;3850,0.0769230769231
1286;3851,0.230769230769
1281;1671,0.538461538462
1281;1672,0.461538461538
1280;1279,0.417721518987
1280;1281,0.582278481013
1282;3848,0.031007751938
1282;666,0.968992248062
515;516,1.0
1579;4036,1.0
1578;4037,0.333333333333
1578;4036,0.666666666667
877;876,0.541666666667
877;878,0.458333333333
1572;1275,1.0
687;686,0.526315789474
687;689,0.473684210526
1570;2365,0.659574468085
1570;2440,0.340425531915
681;680,1.0
680;4934,0.222222222222
680;2985,0.777777777778
1575;2681,0.266666666667
1575;4033,0.4
1575;4741,0.333333333333
682;680,1.0
623;2873,0.275862068966
623;1909,0.724137931034
3433;541,1.0
1226;3807,0.235294117647
1226;3808,0.588235294118
1226;1039,0.176470588235
1225;1047,0.652173913043
1225;3806,0.326086956522
1225;779,0.0217391304348
626;3475,0.6
626;3473,0.4
4389;2182,0.5
4389;5025,0.5
4388;4337,0.0625
4388;1085,0.9375
1221;1243,0.5
1221;1453,0.5
4381;2657,0.5
4381;4724,0.5
4386;2179,0.433333333333
4386;1913,0.566666666667
1370;3899,1.0
1373;1580,0.0666666666667
1373;1461,0.6
1373;3904,0.333333333333
404;405,1.0
1375;3905,1.0
1374;21,1.0
1377;3907,0.166666666667
1377;3864,0.833333333333
400;3358,0.111111111111
400;3357,0.111111111111
400;224,0.166666666667
400;204,0.611111111111
1379;3908,1.0
1362;1399,1.0
2032;4300,1.0
3835;1262,1.0
1343;3886,1.0
3830;2699,0.666666666667
3830;811,0.166666666667
3830;1257,0.166666666667
2030;988,1.0
4031;1568,0.25
4031;4408,0.75
4032;1574,1.0
4035;1577,0.666666666667
4035;1491,0.333333333333
4034;1574,0.142857142857
4034;1575,0.714285714286
4034;1576,0.142857142857
4036;2759,1.0
4039;429,1.0
4038;1461,0.125
4038;3904,0.875
1228;3809,1.0
379;380,1.0
378;376,0.25
378;3345,0.75
2039;2040,1.0
371;367,1.0
370;369,1.0
373;367,0.666666666667
373;3344,0.333333333333
2038;4304,0.92
2038;2030,0.08
375;1478,0.027027027027
375;1474,0.972972972973
376;1439,1.0
392;390,1.0
391;390,1.0
390;434,0.25
390;1551,0.75
395;3356,0.176470588235
395;3354,0.117647058824
395;3355,0.705882352941
2309;2308,0.810344827586
2309;4490,0.189655172414
2308;4917,0.16
2308;2944,0.0133333333333
2308;4489,0.826666666667
4729;2663,0.263157894737
4729;2668,0.552631578947
4729;2867,0.184210526316
4728;1460,0.866666666667
4728;2662,0.133333333333
2300;1913,1.0
2303;2302,0.769230769231
2303;4484,0.230769230769
2305;4485,0.25
2305;4486,0.05
2305;2303,0.7
4720;2654,1.0
2307;4488,0.995762711864
2307;4495,0.00423728813559
2306;2304,0.190839694656
2306;2307,0.770992366412
2306;4487,0.0381679389313
3748;1079,0.3
3748;656,0.3
3748;1126,0.4
3746;1159,0.0746268656716
3746;1117,0.925373134328
3745;1156,0.727272727273
3745;1114,0.272727272727
3742;1109,0.333333333333
3742;3794,0.333333333333
3742;3793,0.333333333333
3743;395,1.0
3740;1105,1.0
3741;1102,0.848101265823
3741;1108,0.151898734177
4620;2510,1.0
244;245,1.0
246;245,1.0
4624;2514,0.247058823529
4624;1882,0.0470588235294
4624;1198,0.223529411765
4624;1200,0.482352941176
4625;2516,1.0
243;241,0.571428571429
243;3278,0.428571428571
242;3278,1.0
249;3281,1.0
248;3281,1.0
2274;4458,0.5
2274;4457,0.5
2273;4458,0.257142857143
2273;4457,0.742857142857
2279;4464,1.0
2278;4461,0.8
2278;4185,0.2
2454;835,1.0
2453;4582,0.266666666667
2453;4581,0.0666666666667
2453;2372,0.666666666667
2452;2372,1.0
179;3245,0.333333333333
179;180,0.666666666667
178;3245,0.894736842105
178;180,0.105263157895
173;3242,0.904761904762
173;3241,0.0952380952381
172;3241,0.243243243243
172;3242,0.756756756757
171;3242,1.0
170;803,0.75
170;119,0.25
3699;1055,1.0
2053;4310,1.0
4538;2539,0.0776699029126
4538;4636,0.0291262135922
4538;2383,0.893203883495
2054;1536,0.2
2054;1857,0.8
2056;4313,0.142857142857
2056;2051,0.857142857143
3690;1045,1.0
3691;1826,0.481481481481
3691;1046,0.518518518519
4824;2596,1.0
4825;2811,0.944444444444
4825;1747,0.0555555555556
3694;1049,1.0
3695;2367,0.615384615385
3695;1050,0.384615384615
4532;1729,0.0714285714286
4532;2376,0.928571428571
4821;2806,1.0
3526;765,0.166666666667
3526;1430,0.833333333333
3527;767,0.0975609756098
3527;377,0.90243902439
3524;496,0.0666666666667
3524;1107,0.933333333333
3523;3524,1.0
4655;2572,1.0
4654;2373,0.913043478261
4654;2571,0.0869565217391
1977;4260,0.117647058824
1977;2578,0.176470588235
1977;2770,0.705882352941
4656;1666,1.0
2699;4749,0.2
2699;1923,0.8
2698;1305,0.535714285714
2698;2293,0.464285714286
2405;2399,0.118421052632
2405;1192,0.0394736842105
2405;4554,0.171052631579
2405;4555,0.671052631579
3221;132,1.0
3672;1015,0.75
3672;3695,0.25
1971;1959,1.0
4557;1048,0.666666666667
4557;2406,0.333333333333
1748;4134,1.0
1606;4051,1.0
3670;1013,1.0
4555;2405,0.364864864865
4555;1118,0.0675675675676
4555;4557,0.567567567568
3236;353,0.5
3236;163,0.403846153846
3236;3349,0.0961538461538
3237;164,1.0
1618;1601,1.0
3235;162,1.0
1616;1389,1.0
1617;1955,1.0
1966;1965,1.0
1967;1965,1.0
1613;4060,1.0
1962;1961,1.0
4553;2427,0.225
4553;2400,0.4
4553;2403,0.375
4550;2400,0.25
4550;2403,0.45
4550;2427,0.3
2871;2966,0.529411764706
2871;2964,0.470588235294
2877;492,1.0
2876;4912,0.857142857143
2876;4478,0.142857142857
2875;2475,1.0
2874;1891,0.272727272727
2874;1914,0.727272727273
2879;2881,1.0
3351;338,0.157894736842
3351;387,0.842105263158
3353;395,1.0
3352;394,0.721518987342
3352;2439,0.278481012658
3359;401,0.822222222222
3359;900,0.0222222222222
3359;1210,0.155555555556
3358;729,0.388888888889
3358;400,0.611111111111
1768;1769,0.571428571429
1768;4138,0.114285714286
1768;4137,0.314285714286
1142;2266,1.0
1146;1147,0.969696969697
1146;324,0.030303030303
1144;2339,1.0
1145;847,1.0
1149;3760,0.785714285714
1149;1150,0.214285714286
696;508,0.985401459854
696;1877,0.014598540146
694;3511,1.0
695;505,0.8
695;696,0.2
1549;256,1.0
542;544,1.0
543;544,1.0
540;3433,0.515151515152
540;3432,0.363636363636
540;3431,0.121212121212
541;3432,1.0
546;3435,1.0
547;548,0.333333333333
547;549,0.583333333333
547;3436,0.0833333333333
548;1169,1.0
1627;1626,0.603174603175
1627;4065,0.396825396825
415;3363,1.0
416;3364,1.0
417;835,0.333333333333
417;728,0.666666666667
410;2675,1.0
1389;884,0.0535714285714
1389;3919,0.0357142857143
1389;3917,0.571428571429
1389;3918,0.339285714286
412;459,1.0
413;257,0.191489361702
413;3361,0.723404255319
413;339,0.0851063829787
1384;3915,0.0666666666667
1384;1324,0.933333333333
1387;3916,1.0
418;399,0.833333333333
418;417,0.166666666667
1381;3911,1.0
1382;3911,0.532258064516
1382;3912,0.258064516129
1382;3913,0.209677419355
1383;3912,0.714285714286
1383;3911,0.285714285714
3827;2116,0.5
3827;1253,0.5
3826;610,0.833333333333
3826;3827,0.166666666667
3821;1223,0.5
3821;1244,0.5
3828;1218,1.0
4280;2430,0.6875
4280;1724,0.3125
4286;2013,1.0
4287;4746,1.0
4284;4611,1.0
4285;2501,1.0
369;1465,0.666666666667
369;2787,0.333333333333
366;3340,1.0
367;369,1.0
364;3336,1.0
365;3340,0.5
365;3339,0.5
362;3337,0.75
362;3338,0.25
360;1281,1.0
361;1620,0.263888888889
361;1342,0.736111111111
380;1058,0.3
380;310,0.7
381;382,0.714285714286
381;3347,0.142857142857
381;213,0.142857142857
382;74,1.0
383;213,1.0
385;3349,1.0
387;388,0.25
387;3350,0.75
388;339,0.263888888889
388;3361,0.347222222222
388;257,0.388888888889
389;3631,0.9
389;951,0.1
4750;2394,0.12
4750;2700,0.88
4754;2232,0.1
4754;2704,0.9
4755;1991,1.0
4756;1246,0.5
4756;2840,0.5
4757;2602,1.0
3759;1148,1.0
3750;2404,0.666666666667
3750;4556,0.333333333333
3753;1132,0.2
3753;1213,0.8
3752;1130,0.5
3752;3780,0.5
3754;472,1.0
3756;1137,0.159090909091
3756;4881,0.363636363636
3756;1052,0.477272727273
2190;280,1.0
2191;2053,0.5
2191;4394,0.5
258;3037,0.8
258;1436,0.2
259;258,1.0
4636;349,0.166666666667
4636;2540,0.833333333333
4635;2967,0.421052631579
4635;2537,0.578947368421
4634;4633,0.227272727273
4634;4635,0.727272727273
4634;2536,0.0454545454545
252;105,1.0
251;3282,0.75
251;248,0.25
254;3286,0.0588235294118
254;3287,0.941176470588
255;2852,1.0
2204;4408,0.4
2204;1568,0.6
2205;4409,0.25
2205;2084,0.5
2205;2204,0.25
2206;1567,0.0714285714286
2206;4410,0.142857142857
2206;2205,0.785714285714
2207;4411,0.8
2207;980,0.2
2208;597,1.0
2428;1193,1.0
2421;2420,0.8
2421;2417,0.2
2422;1795,1.0
2423;2424,0.3125
2423;2422,0.6875
900;3600,0.25
900;3601,0.75
2426;2425,1.0
2427;2397,0.125
2427;2431,0.583333333333
2427;1012,0.291666666667
1848;4197,1.0
168;167,0.699386503067
168;166,0.300613496933
169;170,0.981481481481
169;3239,0.0185185185185
164;3237,0.125
164;3236,0.25
164;3238,0.625
165;3236,0.127450980392
165;3237,0.460784313725
165;3238,0.411764705882
166;1455,0.863247863248
166;697,0.136752136752
167;331,0.351351351351
167;162,0.648648648649
161;105,0.311111111111
161;3284,0.688888888889
162;3235,0.178571428571
162;3234,0.678571428571
162;161,0.142857142857
163;3236,0.612903225806
163;3237,0.322580645161
163;3238,0.0645161290323
3689;1042,0.917808219178
3689;624,0.041095890411
3689;2975,0.041095890411
3683;484,0.37962962963
3683;1031,0.611111111111
3683;3754,0.00925925925926
4526;4532,0.714285714286
4526;4531,0.142857142857
4526;2370,0.142857142857
3681;937,0.5
3681;1029,0.5
4524;4523,0.5
4524;446,0.5
4523;2367,0.617021276596
4523;2452,0.382978723404
4522;2366,0.470588235294
4522;3093,0.529411764706
3685;427,0.272727272727
3685;1035,0.727272727273
3684;1051,0.404255319149
3684;1034,0.0212765957447
3684;1049,0.574468085106
1843;4190,1.0
2514;2515,0.0481927710843
2514;4624,0.951807228916
2515;2126,1.0
2510;2508,0.333333333333
2510;4619,0.666666666667
1841;1103,0.0833333333333
1841;4482,0.916666666667
2736;4784,0.708333333333
2736;1072,0.291666666667
1840;2585,1.0
2730;4778,1.0
2738;2733,1.0
3531;775,1.0
3533;778,0.875
3533;3752,0.125
3532;776,1.0
3535;2525,0.166666666667
3535;780,0.833333333333
3534;3806,0.25
3534;779,0.25
3534;1047,0.5
3539;2153,0.107142857143
3539;787,0.892857142857
1091;3730,0.953488372093
1091;3732,0.046511627907
1816;2381,0.285714285714
1816;1868,0.714285714286
1817;1605,0.2
1817;877,0.8
1810;4169,0.0758620689655
1810;1809,0.00344827586207
1810;4170,0.920689655172
1811;4169,0.207920792079
1811;4170,0.792079207921
1812;4173,0.75
1812;4172,0.25
1813;4173,1.0
1818;4175,1.0
1819;421,0.0235294117647
1819;4176,0.976470588235
4337;2098,0.666666666667
4337;1100,0.333333333333
676;3505,0.459459459459
676;667,0.108108108108
676;3504,0.432432432432
677;3507,0.875
677;3508,0.0625
677;3506,0.0625
1098;3735,0.166666666667
1098;1096,0.833333333333
1099;1087,0.266666666667
1099;3736,0.733333333333
2164;4371,1.0
2166;4373,1.0
1979;4262,1.0
1978;4261,1.0
1601;1600,0.666666666667
1601;1599,0.333333333333
1600;949,1.0
1603;4048,0.181818181818
1603;200,0.818181818182
1974;1649,1.0
1605;1388,0.622222222222
1605;4050,0.377777777778
3220;439,0.952380952381
3220;131,0.047619047619
3223;136,0.428571428571
3223;1435,0.571428571429
3222;133,1.0
809;3554,0.214285714286
809;3555,0.714285714286
809;810,0.0714285714286
803;3549,0.0833333333333
803;179,0.916666666667
801;3547,0.230769230769
801;3546,0.769230769231
800;3546,0.6
800;3547,0.4
804;179,0.6
804;3549,0.4
2849;4849,1.0
2846;2845,0.678787878788
2846;4846,0.321212121212
2847;1405,0.8
2847;4847,0.2
2845;717,1.0
2840;1248,1.0
2841;976,1.0
3320;338,0.153846153846
3320;93,0.769230769231
3320;387,0.0769230769231
3321;3361,0.318181818182
3321;257,0.454545454545
3321;339,0.227272727273
3322;342,1.0
3324;342,0.666666666667
3324;341,0.333333333333
3326;345,1.0
3327;287,0.75
3327;346,0.125
3327;164,0.125
3329;348,1.0
1771;464,0.166666666667
1771;4141,0.125
1771;4142,0.708333333333
1779;1777,0.666666666667
1779;4148,0.333333333333
1778;1777,0.5
1778;4148,0.5
1100;931,0.375
1100;1099,0.625
1157;3765,1.0
1151;3744,1.0
1150;643,1.0
1153;3761,0.5
1153;397,0.5
1152;1680,1.0
1551;4017,1.0
2999;4947,0.875
2999;4946,0.125
1553;4019,1.0
3038;2502,0.935483870968
3038;4978,0.0322580645161
3038;2830,0.0322580645161
3034;4977,0.5
3034;3035,0.5
3036;4977,0.5
3036;3035,0.5
2993;4941,0.0655737704918
2993;2631,0.934426229508
51;3174,1.0
2996;4943,0.5
2996;4944,0.1
2996;2621,0.4
2997;4945,0.5
2997;2996,0.5
537;536,0.231578947368
537;3429,0.768421052632
536;3428,0.9375
536;905,0.0625
535;262,0.689655172414
535;534,0.310344827586
531;3859,0.552147239264
531;3858,0.331288343558
531;3426,0.116564417178
530;3962,1.0
539;3433,0.0909090909091
539;3432,0.909090909091
1976;1948,1.0
3030;4971,1.0
3033;2948,0.5
3033;2236,0.5
304;303,1.0
428;2132,0.152542372881
428;1358,0.847457627119
1397;3926,0.352941176471
1397;3925,0.647058823529
420;419,1.0
1395;3923,0.142857142857
1395;3924,0.857142857143
422;3365,0.16
422;3366,0.48
422;3367,0.08
422;424,0.28
425;1106,1.0
424;337,1.0
1391;3921,0.142857142857
1391;3920,0.857142857143
1390;884,0.030303030303
1390;3917,0.636363636364
1390;3919,0.121212121212
1390;3918,0.212121212121
3812;2520,1.0
3813;1236,1.0
3810;1231,0.555555555556
3810;3811,0.444444444444
3811;5031,0.1875
3811;227,0.0625
3811;1232,0.75
3814;1136,0.833333333333
3814;3813,0.166666666667
3818;4174,1.0
850;1647,1.0
4299;2031,0.5
4299;4672,0.5
4298;2410,0.5
4298;2028,0.5
4749;2699,1.0
4743;2722,1.0
4741;2684,1.0
2971;4926,0.454545454545
2971;1662,0.545454545455
2183;4391,0.181818181818
2183;4390,0.681818181818
2183;4389,0.136363636364
2182;4390,1.0
2181;4388,1.0
2180;519,0.08
2180;4387,0.16
2180;4386,0.76
2187;2219,0.5
2187;2220,0.5
229;954,1.0
228;3272,0.0833333333333
228;229,0.583333333333
228;3271,0.333333333333
4606;2777,0.833333333333
4606;2491,0.166666666667
4607;2492,0.888888888889
4607;2782,0.111111111111
2189;2187,1.0
2188;2187,0.939393939394
2188;4393,0.0606060606061
4602;4608,1.0
4603;2776,0.0277777777778
4603;2488,0.972222222222
4712;2645,1.0
2219;4626,1.0
2230;39,0.2
2230;4427,0.7
2230;4428,0.1
864;672,1.0
150;3230,1.0
157;3368,0.862068965517
157;425,0.137931034483
2433;4566,0.371428571429
2433;4564,0.0857142857143
2433;4565,0.542857142857
158;170,1.0
2431;2003,1.0
2430;1013,0.823529411765
2430;2428,0.176470588235
2435;4567,1.0
2434;4565,0.903225806452
2434;4566,0.0967741935484
4519;2377,1.0
4511;2348,0.333333333333
4511;2352,0.666666666667
4515;2348,1.0
2509;4619,0.666666666667
2509;4620,0.333333333333
2508;4617,0.0714285714286
2508;4618,0.928571428571
2507;4618,1.0
2505;3058,0.285714285714
2505;3054,0.142857142857
2505;4994,0.142857142857
2505;769,0.428571428571
2502;4616,1.0
2501;2499,0.0151515151515
2501;4613,0.666666666667
2501;4614,0.318181818182
2500;4614,0.571428571429
2500;4613,0.392857142857
2500;2499,0.0357142857143
2726;2708,0.0322580645161
2726;2715,0.870967741935
2726;4774,0.0967741935484
2725;4773,1.0
2722;4771,0.105263157895
2722;565,0.894736842105
1163;3768,0.166666666667
1163;1086,0.833333333333
5044;3130,0.571428571429
5044;1321,0.428571428571
5043;3129,1.0
5042;3128,1.0
5041;3127,1.0
3783;1198,0.921568627451
3783;1200,0.078431372549
3786;2592,0.0625
3786;1202,0.6875
3786;2518,0.25
3784;1199,0.923076923077
3784;1234,0.0512820512821
3784;4604,0.025641025641
3785;1198,1.0
4996;3062,0.571428571429
4996;2946,0.285714285714
4996;17,0.142857142857
4997;1469,0.842105263158
4997;3063,0.157894736842
4991;1173,1.0
4998;3064,1.0
4999;3065,1.0
3258;201,0.3
3258;481,0.6
3258;366,0.1
3259;3517,0.478260869565
3259;418,0.391304347826
3259;202,0.130434782609
1948;1949,1.0
3251;190,1.0
1940;4250,0.666666666667
1940;195,0.333333333333
1941;1025,1.0
1946;4253,0.04
1946;4254,0.96
3255;3375,0.222222222222
3255;196,0.666666666667
3255;133,0.111111111111
3256;199,0.294117647059
3256;355,0.705882352941
810;2832,1.0
811;810,0.285714285714
811;3555,0.5
811;3554,0.214285714286
2858;2595,0.307692307692
2858;2282,0.692307692308
1250;1249,1.0
2851;1547,0.666666666667
2851;2809,0.333333333333
2853;2851,0.692307692308
2853;4851,0.307692307692
2855;1248,0.953125
2855;4853,0.046875
2857;2856,0.0714285714286
2857;4855,0.5
2857;2432,0.428571428571
1490;3127,0.189189189189
1490;1670,0.810810810811
1491;1490,0.485981308411
1491;3975,0.158878504673
1491;1311,0.196261682243
1491;1412,0.158878504673
1492;791,1.0
1620;374,1.0
3335;358,0.933333333333
3335;159,0.0666666666667
1497;605,0.127659574468
1497;3981,0.872340425532
1498;3981,0.545454545455
1498;3980,0.2
1498;605,0.254545454545
1995;4764,0.6
1995;4272,0.4
3339;365,1.0
3338;3340,1.0
423;424,0.285714285714
423;3366,0.714285714286
3202;92,0.571428571429
3202;1726,0.285714285714
3202;1407,0.142857142857
1702;4108,1.0
1703;4145,1.0
1704;4109,1.0
3201;91,1.0
1708;4111,1.0
1709;4111,1.0
1168;1167,1.0
4572;45,1.0
1392;3920,0.2
1392;3921,0.6
1392;3922,0.2
4575;441,0.842857142857
4575;2444,0.157142857143
1128;778,0.166666666667
1128;3750,0.5
1128;3752,0.333333333333
1129;778,0.8
1129;3752,0.2
1121;1120,1.0
1122;1135,1.0
4577;45,1.0
1127;1080,0.5
1127;3749,0.5
2989;2988,1.0
2988;4936,0.206896551724
2988;362,0.689655172414
2988;586,0.103448275862
3028;3025,0.903225806452
3028;2249,0.0967741935484
2982;1428,1.0
2981;1630,1.0
2980;4930,0.75
2980;1430,0.25
3023;1078,1.0
2986;1178,1.0
2985;802,1.0
2984;4934,0.592592592593
2984;2985,0.407407407407
3953;1446,1.0
1018;3674,1.0
521;3416,0.333333333333
521;3417,0.666666666667
522;3416,1.0
523;3420,0.5
523;3419,0.5
1014;3671,0.333333333333
1014;3669,0.666666666667
1015;135,0.5
1015;3672,0.5
1016;3673,0.3125
1016;3672,0.4375
1016;135,0.25
1017;3672,0.4
1017;3673,0.4
1017;135,0.2
1010;3668,0.161290322581
1010;3666,0.0322580645161
1010;3667,0.806451612903
1011;3667,0.333333333333
1011;3666,0.333333333333
1011;3668,0.333333333333
1012;3671,0.375
1012;3669,0.625
1013;3669,0.25
1013;3671,0.75
1234;1233,0.571428571429
1234;3812,0.428571428571
1235;1233,1.0
1236;1136,1.0
1237;3134,0.333333333333
1237;3814,0.333333333333
1237;3770,0.333333333333
1232;1231,0.375
1232;308,0.25
1232;3811,0.375
4199;1729,0.571428571429
4199;1852,0.428571428571
4196;1849,1.0
4197;1850,0.833333333333
4197;2234,0.166666666667
4194;422,0.5
4194;1847,0.5
1238;79,1.0
4193;3019,0.333333333333
4193;1846,0.666666666667
4190;1916,1.0
305;3306,1.0
4358;2142,0.818181818182
4358;2141,0.181818181818
4359;2226,1.0
4357;2142,0.92
4357;2141,0.08
4350;4633,0.230769230769
4350;4635,0.0769230769231
4350;2121,0.692307692308
4351;2122,0.333333333333
4351;1658,0.666666666667
1092;3731,0.777777777778
1092;3732,0.222222222222
4677;2675,0.333333333333
4677;2604,0.666666666667
439;3373,0.0769230769231
439;379,0.923076923077
436;3628,0.444444444444
436;3629,0.388888888889
436;944,0.166666666667
437;3372,1.0
432;1146,0.260416666667
432;2911,0.739583333333
4674;2855,1.0
3808;1225,0.0727272727273
3808;1227,0.163636363636
3808;559,0.763636363636
3805;1426,1.0
3804;1224,1.0
3807;1226,1.0
3806;1227,0.142857142857
3806;1225,0.142857142857
3806;559,0.714285714286
3800;1218,0.833333333333
3800;1255,0.166666666667
2868;2867,0.416666666667
2868;2663,0.416666666667
2868;2668,0.166666666667
4774;2726,1.0
4772;4776,1.0
4773;2725,1.0
4778;273,0.037037037037
4778;4857,0.481481481481
4778;2730,0.481481481481
4175;2489,1.0
4176;1819,0.162790697674
4176;1730,0.558139534884
4176;2419,0.279069767442
4170;1811,0.532188841202
4170;1357,0.0128755364807
4170;1886,0.454935622318
4171;1812,1.0
1961;1163,0.708333333333
1961;1089,0.0416666666667
1961;4456,0.25
3065;5000,0.613636363636
3065;4999,0.272727272727
3065;4911,0.113636363636
3064;1235,1.0
3161;38,0.166666666667
3161;4430,0.833333333333
4618;4620,0.142857142857
4618;4619,0.714285714286
4618;2508,0.142857142857
4611;705,0.0416666666667
4611;2860,0.645833333333
4611;2498,0.3125
4610;2497,0.666666666667
4610;2010,0.333333333333
236;3274,0.363636363636
236;125,0.636363636364
4612;4613,0.47619047619
4612;4614,0.142857142857
4612;2499,0.380952380952
4615;2502,1.0
4614;2501,0.717948717949
4614;4858,0.179487179487
4614;2497,0.102564102564
232;118,1.0
2944;4907,0.363636363636
2944;4908,0.636363636364
2462;990,0.857142857143
2462;4587,0.142857142857
2229;2518,0.6
2229;1202,0.4
2225;4425,1.0
2223;739,1.0
2220;2229,0.829545454545
2220;2228,0.170454545455
146;3228,1.0
144;1499,0.75
144;3071,0.25
145;3227,1.0
140;2112,1.0
148;147,1.0
4885;2626,0.047619047619
4885;2918,0.952380952381
4505;683,0.16
4505;1343,0.12
4505;4580,0.32
4505;2342,0.4
4507;2351,0.875
4507;2344,0.125
4506;2343,0.352941176471
4506;2183,0.647058823529
4501;2338,0.125
4501;2337,0.5
4501;2336,0.375
4509;2351,0.5
4509;2344,0.5
3400;482,1.0
1431;2522,1.0
2538;2004,1.0
2533;4630,1.0
2536;4634,1.0
2537;2121,0.0714285714286
2537;2536,0.0357142857143
2537;4635,0.821428571429
2537;4633,0.0714285714286
2714;4272,0.571428571429
2714;4764,0.428571428571
2715;4766,1.0
3347;381,1.0
1830;2880,1.0
1836;1840,1.0
3798;1216,0.774193548387
3798;4142,0.0967741935484
3798;464,0.129032258065
1834;1833,0.516666666667
1834;4187,0.483333333333
1835;1556,0.835294117647
1835;221,0.164705882353
3795;2453,1.0
3794;4094,0.533333333333
3794;4095,0.133333333333
3794;1211,0.333333333333
3796;1213,0.4
3796;1132,0.6
3791;4711,1.0
3790;4712,0.5
3790;1207,0.5
3793;401,1.0
3792;1209,0.333333333333
3792;4667,0.333333333333
3792;1083,0.333333333333
2154;4362,0.416666666667
2154;4364,0.583333333333
2155;4364,0.5
2155;4362,0.5
4983;4473,0.2
4983;3044,0.8
4982;2943,0.75
4982;4983,0.25
2150;1761,1.0
2403;4553,1.0
2400;4550,1.0
2153;894,1.0
4989;3051,0.2
4989;1368,0.8
932;3616,0.2
932;3617,0.5
932;3615,0.3
2159;4367,0.785714285714
2159;4366,0.214285714286
2408;1110,0.0666666666667
2408;4558,0.555555555556
2408;645,0.377777777778
934;3618,1.0
4874;4875,1.0
1954;1955,1.0
1957;713,1.0
1956;1930,1.0
1953;4257,1.0
1952;4256,1.0
4408;2084,0.222222222222
4408;4409,0.666666666667
4408;2204,0.111111111111
1959;1957,1.0
4409;1567,0.2
4409;2205,0.4
4409;4410,0.4
3249;184,1.0
3248;183,1.0
3242;1768,0.136363636364
3242;173,0.590909090909
3242;4671,0.272727272727
3241;172,1.0
3240;171,1.0
3247;3352,0.363636363636
3247;181,0.636363636364
3246;179,1.0
3245;154,0.78125
3245;178,0.21875
828;3570,1.0
827;3569,1.0
826;3568,0.181818181818
826;3569,0.818181818182
4312;2055,1.0
227;3268,0.166666666667
227;3269,0.333333333333
227;3267,0.333333333333
227;3270,0.166666666667
1480;3971,1.0
1485;3073,0.2
1485;2986,0.8
3309;312,1.0
3304;428,0.333333333333
3304;305,0.666666666667
3305;306,1.0
3302;297,0.5
3302;530,0.5
3300;287,1.0
3301;296,1.0
797;2750,1.0
2147;2106,0.18954248366
2147;4360,0.81045751634
1711;4115,1.0
1717;4118,1.0
1719;1715,0.5
1719;383,0.5
1992;4270,0.5
1992;4268,0.25
1992;4269,0.25
799;3547,0.4
799;3546,0.533333333333
799;3545,0.0666666666667
798;797,1.0
4318;4317,0.142857142857
4318;2064,0.857142857143
2415;2414,0.6
2415;859,0.4
2417;2416,1.0
1133;3771,0.285714285714
1133;722,0.714285714286
1132;1133,1.0
1131;3753,0.483870967742
1131;1133,0.516129032258
1130;778,1.0
1137;3757,0.55
1137;1054,0.175
1137;3756,0.275
1135;1121,0.428571428571
1135;483,0.571428571429
1134;484,0.5
1134;3754,0.5
2419;4562,1.0
2418;4563,1.0
3018;4963,1.0
3019;4963,0.766666666667
3019;1732,0.233333333333
1994;4994,0.545454545455
1994;769,0.227272727273
1994;3058,0.181818181818
1994;3054,0.0454545454545
2796;1643,1.0
2793;1516,1.0
3014;2839,0.5
3014;4959,0.166666666667
3014;4958,0.333333333333
519;3415,0.2
519;520,0.8
1007;924,1.0
510;1966,1.0
1005;3665,1.0
1003;1004,1.0
517;3415,0.277777777778
517;3414,0.333333333333
517;520,0.388888888889
1227;3807,0.1
1227;3808,0.5
1227;1039,0.4
4188;1837,0.0240963855422
4188;2880,0.975903614458
621;619,1.0
1224;1221,0.5
1224;3804,0.5
627;542,1.0
1222;1221,0.6
1222;3804,0.4
625;623,1.0
624;623,1.0
4183;1827,1.0
4185;1829,0.833333333333
4185;4184,0.166666666667
4186;4767,1.0
4349;2118,0.724137931034
4349;840,0.275862068966
4347;371,0.294117647059
4347;2116,0.705882352941
4346;2114,0.5
4346;1376,0.5
4342;4360,1.0
4341;2102,0.333333333333
4341;3064,0.666666666667
4340;2101,1.0
2882;4863,0.6
2882;4862,0.4
2883;4863,1.0
2880;2879,0.25
2880;2148,0.75
2881;2757,1.0
2886;2889,1.0
2884;4861,0.285714285714
2884;4863,0.285714285714
2884;4862,0.428571428571
2885;4864,1.0
2889;2460,0.2
2889;3126,0.8
2;3132,0.2
2;249,0.6
2;91,0.2
3879;450,0.538461538462
3879;1328,0.461538461538
3870;1285,0.5
3870;2698,0.5
3871;1309,1.0
3872;1310,0.311475409836
3872;386,0.245901639344
3872;2360,0.44262295082
3873;1490,0.0675675675676
3873;1311,0.513513513514
3873;3975,0.216216216216
3873;1412,0.202702702703
3874;1409,0.333333333333
3874;1312,0.666666666667
3875;3968,0.333333333333
3875;1313,0.666666666667
3877;959,0.352941176471
3877;1322,0.647058823529
15;3143,1.0
14;3142,0.25
14;3141,0.75
3274;236,1.0
3904;1373,0.571428571429
3904;1371,0.428571428571
3905;2104,0.6
3905;1375,0.2
3905;372,0.2
3906;2114,0.125
3906;1376,0.75
3906;2615,0.125
3901;4248,0.5
3901;1367,0.5
1927;4243,1.0
3908;1378,1.0
3909;4128,1.0
4765;2715,1.0
4764;2703,0.227272727273
4764;2714,0.590909090909
4764;4842,0.181818181818
3193;2576,0.142857142857
3193;1938,0.52380952381
3193;75,0.333333333333
4160;1797,0.5
4160;1889,0.5
4169;4175,0.353535353535
4169;1810,0.646464646465
201;3258,0.6
201;123,0.4
200;123,1.0
203;3261,0.111111111111
203;3260,0.888888888889
202;3259,0.857142857143
202;3261,0.142857142857
205;3259,0.302325581395
205;3260,0.325581395349
205;3261,0.209302325581
205;3262,0.162790697674
204;3262,0.375
204;3260,0.625
209;211,1.0
3477;631,1.0
684;3510,1.0
1571;1569,0.333333333333
1571;1570,0.666666666667
2239;612,1.0
2238;612,1.0
686;1973,1.0
1577;929,0.8
1577;4035,0.2
2233;4976,0.5
2233;4430,0.5
2232;39,1.0
2237;2230,0.142857142857
2237;4434,0.571428571429
2237;4433,0.285714285714
2236;4433,0.333333333333
2236;2230,0.666666666667
683;685,0.35
683;3510,0.65
4608;2493,0.745762711864
4608;4616,0.186440677966
4608;4615,0.0677966101695
4609;2495,1.0
3491;652,1.0
2094;1368,1.0
2097;1175,0.25
2097;2096,0.75
2096;1169,1.0
3658;995,1.0
3659;993,0.774193548387
3659;2461,0.0645161290323
3659;5007,0.161290322581
2093;4335,0.285714285714
2093;2094,0.714285714286
2092;1667,0.142857142857
2092;1337,0.714285714286
2092;4334,0.142857142857
3655;983,1.0
3657;991,1.0
2099;4338,1.0
225;3269,0.5
225;3267,0.333333333333
225;3270,0.166666666667
3652;4751,0.4
3652;978,0.05
3652;2533,0.55
2525;2524,1.0
2527;2526,1.0
2526;2686,1.0
2521;4627,1.0
2520;2489,0.666666666667
2520;2519,0.333333333333
2529;4628,1.0
2528;2526,1.0
2665;4730,1.0
4492;2313,0.241379310345
4492;2312,0.758620689655
2704;4754,0.666666666667
2704;2000,0.333333333333
2707;4757,1.0
2706;4757,1.0
2700;1922,0.892857142857
2700;4750,0.107142857143
4887;2930,1.0
1829;4185,0.5
1829;4461,0.5
1828;1829,1.0
1827;4183,0.0666666666667
1827;1829,0.933333333333
4701;2632,1.0
4401;2197,1.0
2411;398,1.0
2146;2575,0.0666666666667
2146;4168,0.933333333333
2144;1117,0.0961538461538
2144;1159,0.25
2144;2143,0.653846153846
2143;1183,1.0
2142;2644,0.18
2142;2610,0.73
2142;4358,0.09
2141;4966,0.388888888889
2141;4357,0.314814814815
2141;2643,0.296296296296
2416;858,1.0
4974;3033,1.0
4975;12,0.666666666667
4975;3034,0.333333333333
922;3880,0.560975609756
922;3881,0.0975609756098
922;3612,0.341463414634
923;922,0.826086956522
923;921,0.173913043478
924;3613,0.0294117647059
924;3614,0.970588235294
4971;3030,0.212121212121
4971;2789,0.787878787879
2149;295,1.0
2148;295,1.0
1920;4238,0.734693877551
1920;809,0.0102040816327
1920;4237,0.255102040816
1921;4238,1.0
1922;809,0.386363636364
1922;4237,0.136363636364
1922;4238,0.477272727273
3275;238,1.0
1924;4240,0.545454545455
1924;4239,0.454545454545
3273;318,1.0
1926;4242,0.25
1926;1915,0.75
3271;230,0.416666666667
3271;1807,0.583333333333
1928;4244,1.0
1929;1300,1.0
3278;242,0.5
3278;3397,0.5
3279;309,1.0
832;830,1.0
831;830,1.0
3470;615,0.552631578947
3470;614,0.447368421053
3471;614,0.571428571429
3471;615,0.428571428571
3472;622,0.272727272727
3472;1898,0.727272727273
3473;626,0.5
3473;889,0.5
838;3578,0.0576923076923
838;3576,0.538461538462
838;3577,0.403846153846
839;3577,0.666666666667
839;3576,0.333333333333
3;3133,1.0
3319;2418,0.285714285714
3319;335,0.714285714286
3310;314,1.0
3313;322,0.037037037037
3313;4075,0.962962962963
3314;327,1.0
3317;1559,0.933333333333
3317;333,0.0333333333333
3317;2065,0.0333333333333
785;777,0.486486486486
785;3538,0.0810810810811
785;3539,0.432432432432
786;777,0.428571428571
786;3539,0.571428571429
780;3534,1.0
782;3537,0.0769230769231
782;783,0.923076923077
783;3093,1.0
1727;4125,0.414634146341
1727;4124,0.292682926829
1727;4126,0.292682926829
1725;4123,0.5
1725;214,0.5
1722;344,0.0434782608696
1722;4120,0.0434782608696
1722;4121,0.478260869565
1722;107,0.434782608696
789;4450,0.285714285714
789;1588,0.714285714286
1721;344,1.0
3005;4953,0.5
3005;4952,0.5
61;3182,1.0
3000;4947,1.0
3003;4106,1.0
3002;4950,0.538461538462
3002;286,0.4
3002;4201,0.0615384615385
3009;1559,0.846153846154
3009;333,0.153846153846
1582;4039,0.222222222222
1582;1583,0.777777777778
1583;1669,0.6
1583;1907,0.4
1580;4037,0.1
1580;4036,0.4
1580;4038,0.5
1581;2757,1.0
1586;1743,1.0
1584;1586,1.0
159;158,1.0
1372;1371,0.684210526316
1372;1373,0.315789473684
508;506,1.0
509;511,0.833333333333
509;510,0.166666666667
1032;845,0.0153846153846
1032;1033,0.984615384615
1030;3682,1.0
505;503,1.0
1036;1173,1.0
1034;3684,1.0
402;2455,1.0
1213;3796,0.571428571429
1213;3795,0.428571428571
632;3478,1.0
1211;1109,0.9
1211;3794,0.1
1216;575,0.0151515151515
1216;1215,0.318181818182
1216;3798,0.666666666667
401;3359,0.12
401;109,0.68
401;402,0.2
636;4186,1.0
1215;1214,0.388888888889
1215;3797,0.611111111111
1218;3802,0.75
1218;3800,0.25
1376;3905,0.5
1376;37,0.5
4378;4379,1.0
4370;2163,0.46875
4370;4852,0.53125
4377;1970,0.931034482759
4377;2170,0.0689655172414
4374;4377,0.2
4374;4376,0.8
465;3797,1.0
2898;4871,0.875
2898;571,0.125
2897;2898,0.275862068966
2897;4870,0.724137931034
1729;4126,0.4
1729;4125,0.55
1729;4124,0.05
2891;66,1.0
2890;4866,1.0
2893;2892,0.111111111111
2893;2875,0.888888888889
2892;2960,0.0526315789474
2892;1317,0.947368421053
1106;1107,0.673913043478
1106;496,0.326086956522
1104;1124,1.0
1457;873,1.0
1450;3958,0.142857142857
1450;3956,0.857142857143
1451;3996,1.0
1452;3956,0.681818181818
1452;3957,0.25
1452;3958,0.0681818181818
1101;285,1.0
4457;2273,0.363636363636
4457;2793,0.636363636364
1459;3960,0.727272727273
1459;3961,0.227272727273
1459;991,0.0454545454545
1109;259,0.0555555555556
1109;3742,0.333333333333
1109;3741,0.611111111111
3868;3870,1.0
4084;1151,0.0147058823529
4084;1656,0.985294117647
4085;2661,1.0
4086;1658,0.849056603774
4086;2122,0.0754716981132
4086;2866,0.0754716981132
4087;1666,1.0
1723;1716,0.5
1723;1721,0.5
3736;3737,0.0392156862745
3736;1099,0.43137254902
3736;931,0.529411764706
1891;1890,0.0769230769231
1891;4222,0.384615384615
1891;4224,0.384615384615
1891;1772,0.153846153846
466;3390,0.175
466;3389,0.825
1576;4034,0.736842105263
1576;2456,0.263157894737
3917;4050,0.243243243243
3917;1388,0.756756756757
4923;2537,0.784482758621
4923;2967,0.172413793103
4923;2688,0.0431034482759
3913;1383,0.25
3913;1491,0.625
3913;1577,0.125
3912;1382,0.363636363636
3912;3935,0.0909090909091
3912;3934,0.272727272727
3912;3933,0.272727272727
3911;1381,0.0566037735849
3911;3927,0.641509433962
3911;3928,0.301886792453
4922;2957,1.0
4921;2956,1.0
3919;1390,0.8
3919;4455,0.2
3918;628,0.4
3918;1389,0.6
4798;2770,1.0
4799;1875,1.0
2132;2129,0.5
2132;2133,0.5
4791;2743,1.0
4792;2744,1.0
4150;1781,1.0
4924;2965,0.2
4924;2968,0.8
216;2775,0.5
216;2486,0.5
217;216,1.0
214;76,0.333333333333
214;3266,0.555555555556
214;3265,0.111111111111
215;218,0.5
215;216,0.5
213;3266,0.8
213;76,0.2
210;3264,1.0
218;3586,0.5
218;867,0.5
219;1472,1.0
2139;1931,1.0
462;3386,0.4
462;3387,0.6
4;1122,0.541176470588
4;1123,0.458823529412
324;122,0.333333333333
324;132,0.666666666667
3486;643,1.0
4563;2419,1.0
4560;2411,1.0
4567;2442,1.0
4566;2859,0.0740740740741
4566;2434,0.925925925926
4565;2433,0.909090909091
4565;1418,0.0909090909091
3644;584,0.25
3644;970,0.75
3643;2334,0.142857142857
3643;969,0.857142857143
3642;2953,0.355555555556
3642;1849,0.0222222222222
3642;968,0.622222222222
3641;2209,0.0666666666667
3641;966,0.933333333333
3640;965,0.2
3640;1422,0.8
2550;4641,0.6875
2550;4640,0.3125
2551;4642,1.0
2555;2553,1.0
2556;2553,1.0
2396;4547,0.777777777778
2396;422,0.222222222222
2397;4548,0.3
2397;2396,0.5
2397;2398,0.2
2394;4544,0.75
2394;4545,0.25
2395;4546,1.0
2391;423,1.0
245;380,1.0
2399;4549,0.375
2399;4550,0.3125
2399;1014,0.3125
2779;271,0.958333333333
2779;2785,0.0416666666667
5016;3038,0.436363636364
5016;3097,0.563636363636
5018;2007,0.589473684211
5018;3101,0.410526315789
2771;2772,1.0
67;3188,1.0
2775;2769,0.4
2775;2582,0.6
2777;2775,0.307692307692
2777;2486,0.692307692308
1858;4205,0.9
1858;1748,0.1
1859;4205,0.5
1859;1748,0.5
1850;4197,0.333333333333
1850;4196,0.5
1850;4195,0.166666666667
2806;4821,1.0
1852;782,1.0
1853;4200,0.166666666667
1853;1854,0.583333333333
1853;1603,0.25
4411;4808,0.818181818182
4411;2532,0.181818181818
4410;2206,0.5
4410;977,0.25
4410;2701,0.25
2172;793,1.0
2171;791,1.0
2174;4381,0.666666666667
2174;2173,0.333333333333
2175;4382,0.125
2175;4381,0.5
2175;2173,0.375
4967;3025,0.816091954023
4967;2249,0.183908045977
914;470,1.0
4964;1787,0.0952380952381
4964;3061,0.904761904762
4963;3093,1.0
913;3609,0.444444444444
913;3607,0.555555555556
912;3609,0.666666666667
912;3607,0.333333333333
2604;4677,0.333333333333
2604;2418,0.666666666667
2605;1871,1.0
2607;2214,1.0
2601;1075,0.2
2601;4674,0.8
2602;1393,0.4
2602;4675,0.6
1420;1428,1.0
1933;4246,1.0
1932;923,0.473684210526
1932;2097,0.526315789474
1931;932,0.5
1931;1932,0.5
3262;3978,0.0555555555556
3262;205,0.75
3262;475,0.194444444444
1937;1367,1.0
1936;2743,1.0
1935;1936,0.25
1935;4246,0.75
1934;4246,0.935483870968
1934;4245,0.0645161290323
3268;225,1.0
1939;4249,0.666666666667
1939;131,0.0666666666667
1939;439,0.266666666667
1938;4248,0.571428571429
1938;4247,0.0714285714286
1938;1367,0.357142857143
3369;429,0.5875
3369;1484,0.2375
3369;1582,0.175
3467;601,1.0
3466;600,0.578947368421
3466;2074,0.421052631579
843;1851,1.0
840;3577,0.846153846154
840;3578,0.153846153846
849;1958,1.0
848;532,1.0
241;3070,0.333333333333
241;721,0.666666666667
3365;4176,1.0
459;374,1.0
3361;1320,0.82
3361;413,0.18
2407;2405,0.4
2407;4557,0.6
1738;231,1.0
1733;2046,1.0
1732;1731,0.0526315789474
1732;784,0.842105263158
1732;4127,0.105263157895
2404;2399,0.75
2404;4554,0.25
753;748,0.647058823529
753;754,0.352941176471
752;3520,1.0
751;3520,1.0
750;3520,1.0
757;3521,0.285714285714
757;738,0.714285714286
756;2445,0.333333333333
756;4576,0.666666666667
755;756,1.0
3070;203,1.0
3071;1486,1.0
3073;1351,1.0
2958;2650,0.102661596958
2958;2134,0.897338403042
2959;1577,1.0
2955;4920,1.0
2956;4920,1.0
2957;4922,1.0
1598;4046,1.0
2952;2944,1.0
1025;232,1.0
1024;355,1.0
1027;3680,0.6875
1027;3681,0.3125
1026;232,0.333333333333
1026;391,0.666666666667
1021;3677,0.380952380952
1021;3678,0.47619047619
1021;1024,0.142857142857
1020;3674,0.166666666667
1020;3675,0.5
1020;3676,0.333333333333
1023;1024,0.75
1023;3677,0.25
1022;1024,1.0
1029;3680,0.636363636364
1029;3681,0.272727272727
1029;3679,0.0909090909091
1028;3681,0.5
1028;3679,0.5
1035;562,0.0714285714286
1035;3685,0.0714285714286
1035;3684,0.857142857143
605;606,1.0
604;607,0.285714285714
604;1508,0.714285714286
607;606,1.0
1209;3792,1.0
1208;3792,0.2
1208;3791,0.4
1208;3790,0.4
603;604,1.0
1204;3328,1.0
1207;3792,1.0
1206;3328,1.0
609;608,0.183673469388
609;373,0.816326530612
1200;3785,1.0
1202;3786,1.0
468;466,0.55
468;3391,0.25
468;449,0.2
3105;5022,1.0
3101;5018,1.0
3103;5020,1.0
1446;3953,0.222222222222
1446;3954,0.777777777778
1113;1152,1.0
1444;3951,0.5
1444;1442,0.5
1115;3746,0.641025641026
1115;1116,0.025641025641
1115;240,0.333333333333
1114;3743,0.815789473684
1114;3745,0.105263157895
1114;1061,0.0789473684211
1441;762,0.25
1441;2584,0.75
464;3388,0.921875
464;465,0.078125
1119;1120,1.0
1118;3747,0.5
1118;1045,0.5
4278;668,0.0666666666667
4278;855,0.933333333333
1449;3958,0.0384615384615
1449;3956,0.5
1449;3957,0.461538461538
4093;935,1.0
4092;4884,0.555555555556
4092;903,0.333333333333
4092;1683,0.111111111111
4091;2988,1.0
1219;3802,1.0
4097;1688,1.0
4095;1686,0.541666666667
4095;1853,0.208333333333
4095;2992,0.25
4094;1685,0.25
4094;3001,0.5
4094;3002,0.25
2401;1449,0.322580645161
2401;4551,0.677419354839
4099;1693,1.0
4098;713,1.0
1356;1790,1.0
489;228,0.117647058824
489;3940,0.882352941176
488;850,0.0555555555556
488;849,0.944444444444
487;486,0.6
487;489,0.4
485;426,0.5
485;1005,0.5
484;473,0.25
484;3401,0.5
484;3400,0.25
482;473,0.666666666667
482;3400,0.333333333333
481;3398,1.0
451;3381,0.333333333333
451;3378,0.333333333333
451;3380,0.333333333333
4582;2453,0.611111111111
4582;1212,0.388888888889
3923;2605,0.738095238095
3923;1394,0.261904761905
3920;4300,1.0
3927;3947,0.142857142857
3927;1401,0.285714285714
3927;1411,0.571428571429
3924;521,0.166666666667
3924;1395,0.166666666667
3924;1873,0.666666666667
4721;2655,0.666666666667
4721;1353,0.333333333333
3928;929,0.809523809524
3928;1402,0.047619047619
3928;4035,0.142857142857
3929;1407,1.0
2304;4486,0.529411764706
2304;4485,0.352941176471
2304;2303,0.117647058824
4784;2736,1.0
4142;4222,0.56
4142;1772,0.44
3857;1292,0.875
3857;688,0.125
3854;1289,1.0
3850;1308,0.333333333333
3850;1285,0.666666666667
3851;1286,0.6
3851;4477,0.333333333333
3851;4476,0.0666666666667
3858;4359,0.8
3858;1293,0.2
2896;4869,1.0
198;3022,0.0454545454545
198;1023,0.954545454545
195;3254,0.046511627907
195;22,0.953488372093
197;198,0.214285714286
197;3256,0.428571428571
197;3255,0.357142857143
196;3255,0.636363636364
196;3256,0.363636363636
191;795,1.0
190;191,0.5
190;3251,0.5
193;192,0.75
193;3252,0.25
192;485,0.888888888889
192;3207,0.111111111111
4558;1346,0.163265306122
4558;2409,0.775510204082
4558;737,0.0612244897959
1117;1116,0.258992805755
1117;240,0.438848920863
1117;3746,0.302158273381
4556;2406,0.142857142857
4556;1048,0.857142857143
3673;479,0.0526315789474
3673;1017,0.947368421053
4554;1128,0.222222222222
4554;2404,0.666666666667
4554;4556,0.111111111111
3671;4550,1.0
3676;1020,0.666666666667
3676;801,0.333333333333
3677;1021,1.0
3674;1482,1.0
4551;2401,0.0909090909091
4551;1363,0.909090909091
2543;620,0.921052631579
2543;269,0.0789473684211
2540;2383,0.5
2540;4636,0.5
2545;2546,1.0
2381;4535,0.443037974684
2381;4534,0.0759493670886
2381;4536,0.481012658228
2383;4538,0.351851851852
2383;2310,0.648148148148
2387;4541,1.0
1102;285,0.6
1102;3738,0.2
1102;3739,0.2
1103;897,1.0
5003;3071,0.634146341463
5003;1499,0.365853658537
5001;2184,0.379310344828
5001;3068,0.137931034483
5001;2904,0.48275862069
2768;690,1.0
3584;2117,0.3
3584;859,0.6
3584;2414,0.1
3585;4985,1.0
3586;2491,0.5
3586;2777,0.5
2763;4795,1.0
3669;2397,0.333333333333
3669;2431,0.333333333333
3669;1012,0.333333333333
2767;2723,1.0
3668;2378,0.333333333333
3668;1011,0.666666666667
4260;1977,1.0
902;3602,0.0701754385965
902;3600,0.263157894737
902;3601,0.19298245614
902;3599,0.473684210526
903;3599,0.428571428571
903;3600,0.142857142857
903;3602,0.285714285714
903;3601,0.142857142857
1849;4195,0.5
1849;4197,0.5
901;3599,0.555555555556
901;3602,0.333333333333
901;3601,0.111111111111
904;313,1.0
905;3603,1.0
4422;962,1.0
1842;1841,0.433862433862
1842;4190,0.566137566138
908;542,0.4
908;3605,0.6
909;3606,1.0
1847;4194,1.0
1846;4191,0.5
1846;4193,0.5
1845;4191,1.0
1844;4191,1.0
4959;2234,0.0909090909091
4959;1850,0.454545454545
4959;3014,0.454545454545
2168;4374,1.0
1943;552,1.0
4953;3005,0.875
4953;2972,0.125
4950;3002,0.688524590164
4950;1685,0.295081967213
4950;3001,0.016393442623
4951;3003,0.333333333333
4951;447,0.666666666667
3252;193,1.0
2617;4688,1.0
2616;2101,1.0
2612;4685,1.0
2611;4682,1.0
3254;444,0.115384615385
3254;195,0.884615384615
1947;4253,0.5
1947;4254,0.5
3298;3738,0.928571428571
3298;285,0.0714285714286
1944;1943,1.0
1908;4230,1.0
3296;281,1.0
3297;282,1.0
3291;273,1.0
3292;276,1.0
3293;277,0.44262295082
3293;328,0.55737704918
857;3583,0.111111111111
857;860,0.444444444444
857;3584,0.444444444444
3456;362,0.416666666667
3456;586,0.583333333333
3457;206,1.0
3455;585,1.0
3459;2261,1.0
858;3584,0.578947368421
858;860,0.421052631579
859;3584,0.666666666667
859;3583,0.333333333333
6;1581,1.0
740;734,0.196078431373
740;743,0.803921568627
746;997,0.590909090909
746;3663,0.409090909091
749;747,1.0
3063;4997,1.0
3062;2241,0.0769230769231
3062;2364,0.923076923077
3061;4990,1.0
3067;2285,1.0
3066;5000,1.0
2949;4483,0.5
2949;1056,0.5
2948;4478,1.0
2947;4911,0.272727272727
2947;5000,0.727272727273
2946;2947,0.526315789474
2946;4910,0.421052631579
2946;2242,0.0526315789474
2945;892,0.533333333333
2945;4909,0.466666666667
3068;5001,0.5
3068;1334,0.5
2943;18,0.333333333333
2943;4908,0.666666666667
2941;334,0.25
2941;2538,0.75
2940;1590,0.761904761905
2940;2494,0.190476190476
2940;2058,0.047619047619
1050;3694,0.0434782608696
1050;3695,0.695652173913
1050;1015,0.260869565217
1051;3696,1.0
1052;3696,1.0
1055;3699,0.25
1055;3701,0.75
1056;3701,0.666666666667
1056;3702,0.166666666667
1056;3699,0.166666666667
1057;3700,1.0
1059;3703,1.0
1697;4103,1.0
1694;4098,0.235294117647
1694;4099,0.588235294118
1694;4100,0.176470588235
1693;4099,0.619047619048
1693;4098,0.190476190476
1693;4100,0.190476190476
1699;1179,1.0
4310;4394,0.111111111111
4310;280,0.444444444444
4310;2053,0.444444444444
4311;2054,1.0
618;3826,1.0
4313;2056,0.571428571429
4313;2244,0.428571428571
4317;2063,0.764705882353
4317;2301,0.205882352941
4317;2291,0.0294117647059
612;613,1.0
610;373,1.0
611;613,1.0
616;3471,0.408450704225
616;1897,0.591549295775
617;616,0.166666666667
617;615,0.833333333333
614;3470,1.0
615;3472,1.0
3333;1714,1.0
3119;3115,1.0
3118;5033,0.2
3118;1494,0.8
3117;5032,1.0
3115;5029,1.0
3330;350,0.857142857143
3330;403,0.142857142857
1474;414,1.0
1478;441,1.0
1479;3970,0.117647058824
1479;540,0.705882352941
1479;1480,0.176470588235
3593;3598,0.0434782608696
3593;883,0.95652173913
1307;3868,0.5
1307;3867,0.5
1496;3979,1.0
3334;804,0.5
3334;1466,0.5
1309;3871,0.5
1309;1306,0.5
4224;1914,0.333333333333
4224;1891,0.666666666667
496;3524,0.5
496;3525,0.5
4227;2081,1.0
490;489,1.0
4221;1357,1.0
4222;4469,0.333333333333
4222;1797,0.666666666667
4223;1772,0.615384615385
4223;1890,0.384615384615
24;3149,0.595744680851
24;3150,0.212765957447
24;23,0.191489361702
25;23,0.0769230769231
25;3150,0.230769230769
25;3149,0.692307692308
26;3151,0.0444444444444
26;3153,0.955555555556
27;3190,1.0
20;3147,1.0
21;1396,1.0
22;1025,1.0
23;3148,0.157894736842
23;3147,0.842105263158
2593;2189,0.883720930233
2593;1083,0.116279069767
29;3155,0.0333333333333
29;3157,0.2
29;3156,0.466666666667
29;3154,0.3
5037;5038,1.0
3599;401,1.0
3938;2527,1.0
3935;1413,0.142857142857
3935;1408,0.857142857143
3934;1490,0.238095238095
3934;3975,0.238095238095
3934;1311,0.253968253968
3934;1412,0.269841269841
3931;1409,0.342857142857
3931;1312,0.657142857143
3933;3947,0.333333333333
3933;1411,0.5
3933;1401,0.166666666667
1705;2416,0.583333333333
1705;2255,0.416666666667
4139;1769,0.264705882353
4139;4137,0.0588235294118
4139;4138,0.676470588235
4434;892,0.857142857143
4434;2237,0.142857142857
4131;1742,1.0
4132;1743,1.0
4133;2811,0.529411764706
4133;1747,0.470588235294
4135;1781,1.0
3849;1149,0.40625
3849;1284,0.375
3849;2223,0.21875
1873;4213,0.0588235294118
1873;4212,0.632352941176
1873;4211,0.308823529412
1870;1869,0.571428571429
1870;1745,0.428571428571
3267;224,0.470588235294
3267;3357,0.529411764706
4044;1594,1.0
4045;1597,1.0
4046;1598,0.294117647059
4046;4045,0.705882352941
4040;1584,0.875
4040;1587,0.125
4042;4043,1.0
4048;1854,0.117647058824
4048;1603,0.882352941176
7;1601,1.0
3664;1975,0.756097560976
3664;1000,0.243902439024
3667;1010,0.272727272727
3667;1727,0.484848484848
3667;4519,0.242424242424
3666;725,1.0
3661;995,1.0
3660;3662,1.0
3663;998,1.0
3662;996,0.529411764706
3662;5006,0.159663865546
3662;5005,0.310924369748
2280;4464,1.0
2284;4468,1.0
2285;1797,1.0
2286;1767,1.0
4548;2431,0.0833333333333
4548;2397,0.25
4548;1012,0.666666666667
2055;1851,1.0
4545;2394,0.941176470588
4545;2700,0.0588235294118
4547;2396,0.583333333333
4547;4548,0.416666666667
2576;299,0.00456621004566
2576;4657,0.995433789954
2572;2373,1.0
2573;1918,1.0
2571;4654,1.0
2378;2358,0.833333333333
2378;1728,0.166666666667
2375;2370,0.888888888889
2375;4532,0.111111111111
4536;2310,0.913580246914
4536;4538,0.0864197530864
2373;4105,0.2
2373;1179,0.4
2373;4529,0.2
2373;4528,0.2
2594;4668,0.796610169492
2594;1074,0.203389830508
3592;882,1.0
3596;231,1.0
3595;626,1.0
5039;1340,1.0
5036;3124,0.636363636364
5036;3121,0.181818181818
5036;1340,0.181818181818
4530;2374,1.0
5034;3119,1.0
3598;4909,0.333333333333
3598;892,0.666666666667
5032;5033,0.333333333333
5032;3117,0.666666666667
5033;3114,1.0
1876;3470,0.909090909091
1876;4215,0.0909090909091
1877;2080,1.0
1874;4212,0.384615384615
1874;4213,0.461538461538
1874;4211,0.153846153846
4436;2364,0.4
4436;2241,0.6
4431;1850,0.5
4431;2234,0.5
4430;2233,0.428571428571
4430;4431,0.428571428571
4430;4432,0.142857142857
4433;2236,1.0
1871;4211,0.857142857143
1871;4212,0.142857142857
1607;4052,1.0
4438;2243,0.666666666667
4438;1893,0.333333333333
594;3461,0.541666666667
594;3460,0.291666666667
594;3462,0.166666666667
4944;1503,0.428571428571
4944;4945,0.571428571429
4941;2993,0.0925925925926
4941;3111,0.037037037037
4941;1827,0.87037037037
970;3644,0.384615384615
970;3646,0.615384615385
4948;3000,1.0
978;3651,0.5
978;3652,0.05
978;3654,0.45
182;3249,0.772727272727
182;3248,0.0909090909091
182;3247,0.136363636364
183;3249,0.830769230769
183;3247,0.153846153846
183;3248,0.0153846153846
180;388,0.285714285714
180;3350,0.714285714286
181;3249,0.333333333333
181;3247,0.666666666667
186;360,1.0
187;188,0.454545454545
187;186,0.545454545455
184;3248,1.0
2110;4345,1.0
2111;2941,0.333333333333
2111;1720,0.666666666667
188;1474,1.0
2114;2115,0.884615384615
2114;4346,0.115384615385
2115;269,0.0909090909091
2115;620,0.909090909091
2116;4348,0.131147540984
2116;4349,0.327868852459
2116;4347,0.540983606557
2117;4349,0.615384615385
2117;4348,0.384615384615
2622;4693,1.0
1919;4236,0.30612244898
1919;4234,0.69387755102
1918;4235,0.125
1918;4234,0.5
1918;4236,0.375
3289;619,1.0
3287;256,0.5
3287;1548,0.5
1910;317,0.333333333333
1910;759,0.666666666667
1913;4231,0.0869565217391
1913;1331,0.913043478261
1912;2253,0.722222222222
1912;2238,0.277777777778
3283;251,1.0
3281;91,1.0
3280;3282,1.0
869;871,1.0
1728;4124,0.333333333333
1728;4125,0.333333333333
1728;4126,0.333333333333
3449;579,0.369565217391
3449;3453,0.630434782609
3448;3798,1.0
861;3585,0.380952380952
861;862,0.619047619048
860;2109,1.0
863;3585,0.714285714286
863;862,0.285714285714
862;1140,0.25
862;1139,0.75
3441;675,0.142857142857
3441;566,0.428571428571
3441;2721,0.428571428571
3440;559,0.727272727273
3440;1227,0.212121212121
3440;1225,0.0606060606061
867;1182,0.5
867;2861,0.5
866;867,1.0
2754;2756,1.0
2027;4297,0.55
2027;4298,0.4
2027;1392,0.05
2752;2754,1.0
2753;1434,1.0
2750;2751,0.111111111111
2750;2752,0.888888888889
2751;21,1.0
3239;3374,0.0731707317073
3239;114,0.743902439024
3239;169,0.182926829268
2028;4297,0.307692307692
2028;1392,0.0384615384615
2028;4298,0.653846153846
2759;4794,1.0
882;880,0.529411764706
882;3593,0.352941176471
882;3592,0.117647058824
881;3590,1.0
880;3591,0.5
880;3590,0.5
889;888,0.655172413793
889;3595,0.0344827586207
889;3596,0.310344827586
888;554,1.0
3148;3150,0.5
3148;3149,0.5
775;3532,0.2
775;772,0.4
775;3531,0.4
774;3529,0.352941176471
774;773,0.647058823529
777;772,0.25641025641
777;3531,0.487179487179
777;3532,0.25641025641
776;772,0.666666666667
776;3531,0.333333333333
771;3529,0.5
771;773,0.5
770;129,1.0
773;762,0.153846153846
773;2584,0.846153846154
772;773,0.577777777778
772;3529,0.4
772;3530,0.0222222222222
2008;4284,1.0
779;3534,0.5
779;3535,0.214285714286
779;3533,0.285714285714
778;3533,0.5
778;3535,0.25
778;3534,0.25
2492;4608,0.4
2492;4607,0.2
2492;2487,0.4
77;2091,1.0
76;3193,0.3125
76;3192,0.1875
76;77,0.5
75;77,0.62
75;3193,0.3
75;3192,0.08
2979;4929,1.0
70;3190,1.0
2972;2974,0.2
2972;1663,0.8
2970;2975,1.0
2598;4671,0.666666666667
2598;1768,0.333333333333
2976;2975,0.833333333333
2976;1042,0.166666666667
3053;1055,0.4
3053;4651,0.6
3050;4988,1.0
3051;4989,1.0
1043;1726,0.125
1043;1407,0.875
1042;558,0.152173913043
1042;3689,0.239130434783
1042;3688,0.608695652174
1040;557,0.653846153846
1040;3687,0.230769230769
1040;3686,0.115384615385
1047;3692,1.0
1046;3692,0.380952380952
1046;3693,0.238095238095
1046;3690,0.285714285714
1046;3691,0.0952380952381
1045;3693,0.333333333333
1045;3692,0.666666666667
1044;1043,1.0
1049;1015,1.0
1681;535,1.0
1680;1912,0.5
1680;1911,0.5
1683;4091,0.0833333333333
1683;4092,0.166666666667
1683;902,0.75
1685;4095,0.5
1685;1211,0.5
1684;4093,1.0
1687;4096,1.0
1686;1211,0.137931034483
1686;4095,0.206896551724
1686;4094,0.655172413793
1689;1691,0.0769230769231
1689;1690,0.923076923077
1688;4097,0.333333333333
1688;3428,0.666666666667
3983;1621,1.0
3025;2998,0.546762589928
3025;4967,0.453237410072
3024;4966,1.0
669;671,1.0
4304;2851,0.461538461538
4304;4851,0.5
4304;2038,0.0384615384615
667;3502,0.666666666667
667;3503,0.333333333333
4308;2051,0.933333333333
4308;4313,0.0666666666667
1266;3838,1.0
1911;1910,1.0
3286;254,1.0
3020;4964,0.8
3020;2955,0.2
3128;1468,0.888888888889
3128;5042,0.111111111111
3284;1721,1.0
3122;1501,1.0
3123;2987,0.333333333333
3123;3122,0.666666666667
3121;5036,0.285714285714
3121;5037,0.714285714286
3126;2132,0.875
3126;1358,0.125
3124;634,0.5
3124;3123,0.5
1917;4234,0.826923076923
1917;4236,0.0384615384615
1917;4235,0.134615384615
1465;838,0.317073170732
1465;3966,0.0975609756098
1465;1464,0.585365853659
520;3417,0.307692307692
520;3416,0.692307692308
1467;1313,0.666666666667
1467;3968,0.333333333333
1916;3136,0.307692307692
1916;4233,0.648351648352
1916;4232,0.043956043956
1461;3962,1.0
1460;3960,0.269230769231
1460;3961,0.653846153846
1460;991,0.0769230769231
1314;1315,0.08
1314;1316,0.92
1313;3873,0.268292682927
1313;3874,0.146341463415
1313;3872,0.585365853659
1312;3874,0.0392156862745
1312;3872,0.470588235294
1312;3873,0.235294117647
1312;3875,0.254901960784
1311;3875,0.125
1311;3873,0.392857142857
1311;3874,0.160714285714
1311;3872,0.321428571429
1310;3872,1.0
4239;1923,0.891891891892
4239;4749,0.108108108108
4238;4749,1.0
4237;4605,0.0161290322581
4237;1920,0.403225806452
4237;2479,0.58064516129
4236;1919,0.436781609195
4236;276,0.0114942528736
4236;2570,0.0574712643678
4236;1517,0.494252873563
4235;1918,1.0
4234;1917,0.40206185567
4234;1516,0.59793814433
4233;1842,0.480519480519
4233;1916,0.519480519481
4232;1915,1.0
3445;1111,1.0
3444;1485,0.473684210526
3444;146,0.526315789474
3447;1771,1.0
3948;4143,1.0
319;1147,0.928571428571
319;324,0.0714285714286
318;319,1.0
3940;1985,0.0833333333333
3940;2433,0.5
3940;2794,0.166666666667
3940;1418,0.25
3941;1579,0.333333333333
3941;6,0.666666666667
311;3308,1.0
310;309,1.0
3944;1425,0.533333333333
3944;4225,0.0666666666667
3944;4226,0.4
3945;1430,1.0
3946;1785,0.416666666667
3946;1432,0.583333333333
314;3310,0.0307692307692
314;315,0.123076923077
314;3311,0.0230769230769
314;3312,0.823076923077
448;3381,1.0
3443;729,0.333333333333
3443;400,0.666666666667
1338;929,1.0
4129;1739,0.5
4129;887,0.5
4128;4566,1.0
4123;1725,0.0909090909091
4123;334,0.909090909091
4122;1723,0.666666666667
4122;4571,0.333333333333
4121;1722,1.0
1233;2113,0.153846153846
1233;3084,0.846153846154
4126;1729,0.888888888889
4126;2376,0.0555555555556
4126;1852,0.0555555555556
4125;1728,0.833333333333
4125;2358,0.166666666667
4124;4519,1.0
2020;4290,1.0
440;3373,0.76
440;379,0.24
446;133,0.6
446;196,0.371428571429
446;3375,0.0285714285714
1333;3880,0.92
1333;3881,0.04
1333;3612,0.04
4052;4968,1.0
4051;1389,0.406976744186
4051;1606,0.488372093023
4051;628,0.093023255814
4051;4061,0.0116279069767
4050;1605,0.868421052632
4050;877,0.131578947368
3270;1232,1.0
3610;969,0.916666666667
3610;915,0.0833333333333
2299;1103,0.571428571429
2299;4482,0.428571428571
2298;4480,0.4
2298;4481,0.4
2298;4479,0.2
3616;1932,0.8
3616;932,0.2
3617;933,0.9
3617;4623,0.1
3618;934,0.166666666667
3618;26,0.833333333333
2292;2258,1.0
2291;4475,0.608695652174
2291;4474,0.304347826087
2291;2289,0.0869565217391
2290;4475,1.0
2296;4479,1.0
2295;4478,0.285714285714
2295;4912,0.714285714286
2294;4477,1.0
2565;2566,1.0
2567;4651,1.0
2566;2188,1.0
2369;4527,0.75
2369;4525,0.166666666667
2369;4526,0.0833333333333
2367;4523,0.59375
2367;446,0.40625
2366;4521,0.03125
2366;4522,0.53125
2366;1834,0.4375
2365;1834,0.392857142857
2365;4522,0.607142857143
2361;4519,1.0
2360;1467,1.0
2587;4662,0.125
2587;1615,0.375
2587;2586,0.5
2586;4661,0.5
2586;2149,0.5
2585;2149,0.25
2585;4661,0.75
2584;1426,1.0
2583;946,0.5
2583;2495,0.5
2582;215,1.0
2581;2188,1.0
5020;5022,0.470588235294
5020;3103,0.529411764706
5022;3105,0.538461538462
5022;3108,0.461538461538
2588;4663,0.75
2588;2590,0.25
4441;2246,1.0
1863;1859,1.0
1862;60,1.0
4444;3025,0.444444444444
4444;2249,0.555555555556
3729;1090,0.357142857143
3729;4503,0.0714285714286
3729;4504,0.571428571429
1866;781,0.571428571429
1866;2369,0.428571428571
4448;2256,0.0909090909091
4448;2254,0.909090909091
1868;1384,0.294117647059
1868;1866,0.323529411765
1868;4209,0.382352941176
3727;1086,1.0
3720;1126,1.0
3722;476,1.0
3723;1082,1.0
964;969,1.0
4931;2981,1.0
4684;2611,1.0
967;750,0.0322580645161
967;2942,0.967741935484
4934;2984,0.96875
4934;2190,0.03125
4935;3122,0.714285714286
4935;5038,0.285714285714
4936;2988,1.0
963;3639,1.0
4938;2789,0.9
4938;2990,0.1
969;3643,0.3
969;3642,0.7
2103;2124,0.898876404494
2103;2125,0.101123595506
2102;2103,0.924528301887
2102;4341,0.0754716981132
2101;2103,0.9
2101;4340,0.1
2100;4339,1.0
2106;4342,0.5
2106;2041,0.5
2104;2543,0.25
2104;2542,0.75
2639;4708,0.941860465116
2639;4707,0.0116279069767
2639;2632,0.046511627907
2633;4702,1.0
3438;557,1.0
3439;558,0.666666666667
3439;3689,0.333333333333
878;3594,0.909090909091
878;886,0.0909090909091
3093;1846,1.0
3431;539,1.0
874;875,1.0
875;1970,1.0
3436;547,1.0
871;4723,0.1
871;1843,0.9
2037;2030,0.0222222222222
2037;4304,0.977777777778
2743;2742,0.583333333333
2743;4791,0.416666666667
2744;4878,1.0
2031;4300,1.0
2746;2745,1.0
9;2908,0.55
9;2083,0.45
3096;5015,0.727272727273
3096;1041,0.272727272727
4847;2847,0.980392156863
4847;4821,0.0196078431373
4841;3003,1.0
4842;2839,1.0
4843;1839,1.0
891;3597,0.666666666667
891;883,0.333333333333
892;883,0.260869565217
892;3598,0.260869565217
892;3597,0.478260869565
893;895,1.0
894;895,1.0
895;2940,1.0
897;899,1.0
899;4110,0.333333333333
899;1705,0.666666666667
1247;3824,0.333333333333
1247;3823,0.666666666667
3546;1326,0.428571428571
3546;800,0.571428571429
3234;4571,1.0
3543;793,1.0
3548;119,0.7
3548;803,0.3
3549;804,0.75
3549;1466,0.25
1964;949,1.0
1965;2157,1.0
3238;165,0.527131782946
3238;2639,0.232558139535
3238;1242,0.240310077519
2967;4923,0.243902439024
2967;4924,0.536585365854
2967;1664,0.219512195122
2966;4923,0.851851851852
2966;4924,0.148148148148
2960;3079,1.0
762;763,0.521739130435
762;761,0.478260869565
1781;4139,0.333333333333
1781;4150,0.333333333333
1781;4158,0.333333333333
760;1327,1.0
761;1439,1.0
766;3527,0.647058823529
766;3528,0.352941176471
2968;1664,0.037037037037
2968;4924,0.407407407407
2968;4923,0.555555555556
764;763,0.147058823529
764;761,0.852941176471
765;766,0.53488372093
765;3526,0.255813953488
765;378,0.209302325581
3049;2774,0.5
3049;3047,0.5
3048;4986,0.181818181818
3048;863,0.454545454545
3048;4985,0.363636363636
3043;4982,1.0
1963;1956,1.0
3045;4982,1.0
3044;2943,0.538461538462
3044;3043,0.230769230769
3044;4983,0.230769230769
3047;4985,1.0
1079;3720,1.0
1076;3717,0.333333333333
1076;3718,0.666666666667
1077;3718,1.0
1073;4756,1.0
1071;3714,0.0714285714286
1071;209,0.928571428571
1679;1680,1.0
1674;4089,1.0
1676;535,1.0
1670;1671,0.727272727273
1670;1672,0.272727272727
1671;1468,1.0
1672;187,0.434782608696
1672;4997,0.565217391304
1673;684,1.0
1094;1021,1.0
336;2673,1.0
678;3506,1.0
679;3507,1.0
4338;2098,0.75
4338;1872,0.25
4339;2312,0.928571428571
4339;2100,0.0714285714286
675;3504,0.209302325581
675;3505,0.744186046512
675;667,0.046511627907
4334;2092,1.0
4335;4336,0.666666666667
4335;1939,0.333333333333
670;671,1.0
671;839,1.0
672;673,1.0
673;1668,1.0
3135;6,1.0
3134;3982,0.151162790698
3134;1019,0.848837209302
3137;2788,1.0
3136;8,0.0322580645161
3136;1924,0.967741935484
3131;0,1.0
3130;1589,0.428571428571
3130;5044,0.285714285714
3130;1410,0.285714285714
3133;1156,1.0
3132;1043,1.0
1915;4233,1.0
1419;3941,1.0
1410;1319,0.190476190476
1410;3930,0.285714285714
1410;3931,0.285714285714
1410;3932,0.238095238095
1412;1382,0.125
1412;3934,0.4375
1412;3935,0.375
1412;3933,0.0625
1413;1382,0.276595744681
1413;3935,0.0851063829787
1413;3934,0.340425531915
1413;3933,0.297872340426
1414;514,1.0
2493;4608,0.0681818181818
2493;4607,0.227272727273
2493;2487,0.704545454545
1417;4088,1.0
1322;3877,1.0
1323;3877,0.76
1323;960,0.24
1321;1320,0.529411764706
1321;3876,0.235294117647
1321;413,0.235294117647
1326;1583,1.0
1327;1326,0.5
1327;800,0.5
1325;409,1.0
1328;3879,1.0
1329;4160,1.0
4208;990,1.0
4203;1856,0.8
4203;3013,0.2
4200;1686,0.214285714286
4200;1853,0.785714285714
4201;4200,0.333333333333
4201;1854,0.333333333333
4201;1603,0.333333333333
4206;1900,1.0
4204;1857,0.954545454545
4204;1536,0.0454545454545
4205;3301,0.947368421053
4205;1858,0.0526315789474
647;646,0.333333333333
647;3488,0.333333333333
647;3487,0.333333333333
1256;3830,1.0
1254;610,0.714285714286
1254;3827,0.285714285714
1255;3828,1.0
1520;3999,1.0
1253;1252,0.282051282051
1253;3827,0.217948717949
1253;610,0.5
1522;4001,1.0
1523;1518,0.1875
1523;4002,0.0625
1523;4001,0.75
1258;3832,0.454545454545
1258;3831,0.181818181818
1258;3830,0.181818181818
1258;3829,0.181818181818
3959;4140,1.0
3958;1454,0.36
3958;1452,0.64
300;3303,0.166666666667
300;298,0.833333333333
301;302,1.0
3951;421,0.777777777778
3951;1444,0.222222222222
3950;1443,0.820512820513
3950;1265,0.179487179487
3957;1450,1.0
3956;1449,0.8
3956;1350,0.2
306;3307,1.0
4113;5004,1.0
4110;4448,1.0
4118;2439,1.0
4119;1718,1.0
4449;2259,1.0
4062;1622,0.666666666667
4062;4690,0.333333333333
4061;1616,1.0
4066;4931,0.326530612245
4066;1630,0.673469387755
4065;1627,0.625
4065;2981,0.375
2977;4927,0.5
2977;2245,0.5
2770;4798,1.0
78;3194,1.0
3603;3428,1.0
3602;903,0.333333333333
3602;1683,0.166666666667
3602;4884,0.5
3601;4092,0.260869565217
3601;902,0.739130434783
3600;4940,1.0
3606;4939,0.933333333333
3606;909,0.0666666666667
3604;3925,1.0
3609;723,0.142857142857
3609;913,0.857142857143
2990;4939,0.928571428571
2990;4938,0.0714285714286
2358;2195,0.5
2358;1571,0.5
2351;2349,0.5
2351;4513,0.5
2356;4517,0.4
2356;4518,0.5
2356;2355,0.1
4452;2263,1.0
4451;1390,1.0
1898;1897,1.0
4456;2343,0.6
4456;2272,0.4
3739;1102,1.0
3738;136,0.2
3738;1435,0.8
1894;1425,1.0
1895;4227,0.5
1895;4228,0.5
4458;1946,1.0
1890;4223,1.0
3732;1093,1.0
3731;4719,0.111111111111
3731;1092,0.888888888889
3730;1076,0.53125
3730;1091,0.46875
4691;2622,1.0
958;965,0.714285714286
958;1422,0.285714285714
2134;2133,0.5
2134;2129,0.5
2135;1638,1.0
4927;3023,0.666666666667
4927;2882,0.333333333333
4926;2689,0.222222222222
4926;3031,0.333333333333
4926;2971,0.444444444444
2131;2128,1.0
951;443,1.0
950;3631,1.0
4929;2979,0.354838709677
4929;581,0.645161290323
952;3632,0.0909090909091
952;438,0.909090909091
955;3636,1.0
954;3633,0.533333333333
954;438,0.466666666667
957;3635,1.0
956;3634,0.239130434783
956;3635,0.434782608696
956;3636,0.326086956522
2649;4715,1.0
2784;2601,1.0
2640;3027,1.0
2644;4711,1.0
2645;4712,0.333333333333
2645;1207,0.666666666667
2646;4713,1.0
3428;536,0.135135135135
3428;3429,0.864864864865
3426;488,0.8125
3426;531,0.1875
2002;998,0.318181818182
2002;679,0.0454545454545
2002;4279,0.636363636364
2000;1998,0.75
2000;4277,0.25
4589;2464,1.0
4859;2251,1.0
4858;2861,0.555555555556
4858;1182,0.388888888889
4858;2781,0.0555555555556
4857;705,1.0
4856;1984,0.0909090909091
4856;2859,0.363636363636
4856;2434,0.545454545455
4587;2462,1.0
2009;4284,1.0
4853;2855,0.333333333333
4853;2601,0.666666666667
4851;2853,1.0
506;3513,1.0
2118;4347,0.030303030303
2118;4348,0.515151515152
2118;4349,0.454545454545
1856;4204,1.0
1857;1848,0.0588235294118
1857;4202,0.294117647059
1857;4203,0.176470588235
1857;4204,0.470588235294
3555;2482,0.904761904762
3555;812,0.0952380952381
4305;4342,1.0
3550;822,1.0
668;3503,1.0
1263;3836,1.0
2911;182,1.0
2914;2271,0.666666666667
2914;2269,0.333333333333
2917;4884,0.388888888889
2917;903,0.388888888889
2917;1683,0.222222222222
1793;2300,0.5
1793;4338,0.5
2919;4886,0.8
2919;4885,0.2
1791;1790,1.0
714;1652,1.0
1796;3067,0.541666666667
1796;301,0.458333333333
1795;1796,1.0
4966;2593,0.777777777778
4966;3024,0.222222222222
1061;3703,1.0
1060;3705,1.0
1062;3706,1.0
1669;1668,1.0
1668;1679,1.0
1666;4087,0.3
1666;4088,0.7
1665;4926,0.625
1665;1662,0.375
1663;1665,1.0
1662;1661,0.461538461538
1662;1659,0.538461538462
4435;2046,1.0
1087;3727,0.62
1087;3726,0.18
1087;3728,0.2
1086;3726,0.0943396226415
1086;3727,0.0566037735849
1086;3728,0.849056603774
1085;3728,0.909090909091
1085;3727,0.0909090909091
1084;3725,0.928571428571
1084;3724,0.0714285714286
1083;3725,0.5625
1083;3724,0.4375
1082;3723,0.10989010989
1082;3725,0.89010989011
1081;243,1.0
1089;1088,1.0
1088;1144,0.735294117647
1088;1145,0.264705882353
3141;14,0.25
3141;3161,0.25
3141;3162,0.5
3142;3036,1.0
2828;2476,0.75
2828;2694,0.25
3147;4836,0.863636363636
3147;20,0.136363636364
2824;2739,1.0
3149;24,1.0
2821;4834,1.0
2822;4836,1.0
3386;60,1.0
3387;462,1.0
3383;3885,1.0
3380;450,1.0
3381;451,0.666666666667
3381;3960,0.333333333333
3388;1216,0.0869565217391
3388;4142,0.202898550725
3388;4141,0.0144927536232
3388;464,0.695652173913
3389;3391,0.5
3389;449,0.166666666667
3389;466,0.333333333333
1408;1319,1.0
1403;4229,1.0
1402;3928,0.6
1402;1381,0.2
1402;3927,0.2
4437;2947,0.777777777778
4437;4910,0.222222222222
4215;1876,0.857142857143
4215;861,0.142857142857
449;3378,0.0588235294118
449;3379,0.823529411765
449;3381,0.117647058824
4216;1878,1.0
4210;1871,1.0
4213;1874,1.0
4212;1873,0.917808219178
4212;1395,0.041095890411
4212;521,0.041095890411
1335;3882,1.0
1334;3882,1.0
1336;1345,1.0
1330;1793,1.0
445;169,1.0
444;169,0.636363636364
444;3374,0.136363636364
444;114,0.227272727273
3129;1410,0.444444444444
3129;5043,0.444444444444
3129;1589,0.111111111111
39;14,0.428571428571
39;3162,0.571428571429
38;3162,1.0
3260;477,0.8
3260;203,0.2
32;3155,0.0526315789474
32;3154,0.0263157894737
32;3156,0.657894736842
32;3157,0.263157894737
31;3157,0.2
31;3154,0.2
31;3156,0.533333333333
31;3155,0.0666666666667
30;3156,1.0
37;33,1.0
36;32,1.0
35;36,0.333333333333
35;3159,0.666666666667
34;3158,0.2
34;36,0.6
34;3159,0.2
1537;4013,1.0
1536;4012,0.142857142857
1536;469,0.857142857143
1242;3819,0.75
1242;1095,0.25
1245;3820,0.222222222222
1245;3821,0.777777777778
3097;3095,0.514705882353
3097;5016,0.485294117647
3094;5016,0.5
3094;3095,0.5
646;653,0.4
646;3492,0.6
1249;1734,0.6
1249;1733,0.4
2060;2059,1.0
3098;3099,1.0
339;282,0.346153846154
339;3321,0.596153846154
339;3320,0.0576923076923
338;3320,1.0
335;3318,0.75
335;3319,0.25
337;3318,0.75
337;3319,0.25
3266;213,1.0
331;3316,0.3
331;329,0.7
330;329,1.0
332;3317,0.830188679245
332;293,0.169811320755
4100;1694,1.0
4103;1697,0.153846153846
4103;1693,0.846153846154
4108;2394,1.0
3892;1352,0.08
3892;1165,0.56
3892;4935,0.36
3897;1361,1.0
1468;3969,0.117647058824
1468;1313,0.470588235294
1468;3968,0.411764705882
847;532,1.0
2063;4317,0.628571428571
2063;2064,0.371428571429
1464;3965,0.368421052632
1464;1892,0.631578947368
2119;4350,0.275
2119;4351,0.725
1466;3967,0.464285714286
1466;338,0.142857142857
1466;93,0.0357142857143
1466;387,0.357142857143
4074;1635,1.0
3966;2131,0.142857142857
3966;1465,0.857142857143
3967;1466,1.0
3962;3904,1.0
3963;1462,1.0
3961;3075,0.0384615384615
3961;2662,0.0384615384615
3961;1460,0.923076923077
3968;178,0.869565217391
3968;154,0.130434782609
3969;1469,0.565217391304
3969;415,0.173913043478
3969;3063,0.260869565217
3638;961,1.0
3637;3877,0.833333333333
3637;960,0.166666666667
3634;955,0.25
3634;3638,0.75
3635;956,0.634146341463
3635;958,0.365853658537
3632;952,0.0909090909091
3632;515,0.909090909091
3630;4223,1.0
3468;814,1.0
4613;2500,0.807692307692
4613;273,0.192307692308
2347;2345,0.333333333333
2347;4510,0.666666666667
237;3276,1.0
2341;1090,0.046511627907
2341;4504,0.139534883721
2341;4503,0.813953488372
2340;4503,0.729166666667
2340;4504,0.270833333333
2343;4505,0.473684210526
2343;2341,0.421052631579
2343;4506,0.105263157895
2342;4505,0.647058823529
2342;2341,0.117647058824
2342;4506,0.235294117647
230;3272,0.571428571429
230;229,0.428571428571
231;3271,1.0
5005;3076,1.0
2346;4509,1.0
4468;2410,0.666666666667
4468;2284,0.333333333333
4469;2285,1.0
1887;1234,0.222222222222
1887;1199,0.777777777778
3703;1059,1.0
4464;2277,0.166666666667
4464;2281,0.833333333333
1884;1883,0.6
1884;1355,0.2
1884;4220,0.2
3706;814,1.0
3705;3743,1.0
2121;2120,0.25
2121;4351,0.75
2122;4350,0.5
2122;4351,0.25
2122;2120,0.25
2125;4352,0.8
2125;2616,0.1
2125;25,0.1
2124;3088,0.991803278689
2124;3087,0.00819672131148
946;3629,0.30303030303
946;944,0.454545454545
946;3628,0.242424242424
4917;2952,0.5
4917;4318,0.5
4914;4318,1.0
945;944,1.0
4912;2876,0.52
4912;2951,0.48
4910;3062,1.0
4911;4910,0.769230769231
4911;2947,0.230769230769
2652;4718,1.0
2651;31,1.0
2650;2649,0.04
2650;4716,0.28
2650;4717,0.52
2650;31,0.16
2655;4721,1.0
133;3221,1.0
132;134,1.0
3414;518,1.0
130;2049,0.25
130;2050,0.75
137;3223,1.0
136;3223,1.0
3410;511,0.459459459459
3410;510,0.540540540541
134;197,0.3125
134;420,0.6875
139;3223,0.157894736842
139;3224,0.263157894737
139;138,0.578947368421
138;168,1.0
3418;904,0.333333333333
3418;523,0.666666666667
4868;2200,1.0
2019;4291,1.0
4862;2885,0.333333333333
4862;2883,0.666666666667
2016;2018,1.0
2010;4283,0.25
2010;4284,0.75
4864;2883,1.0
2012;2011,1.0
3561;822,1.0
3569;3571,0.272727272727
3569;3572,0.454545454545
3569;827,0.272727272727
4485;4487,0.4
4485;2304,0.4
4485;2307,0.2
4487;2306,0.793577981651
4487;2305,0.206422018349
4481;2298,1.0
4482;2299,0.75
4482;4448,0.25
4483;2301,1.0
4488;2307,0.0714285714286
4488;2304,0.209183673469
4488;4487,0.719387755102
4489;2308,1.0
2903;4876,1.0
2902;2901,0.106382978723
2902;4875,0.808510638298
2902;678,0.0851063829787
2901;4906,0.35
2901;4874,0.65
2904;277,0.620689655172
2904;328,0.379310344828
705;3514,1.0
706;3514,0.928571428571
706;3515,0.0714285714286
701;1971,0.5
701;1650,0.5
2486;4603,0.333333333333
2486;2485,0.222222222222
2486;4602,0.444444444444
87;89,1.0
84;85,1.0
85;1011,0.0769230769231
85;2378,0.923076923077
1658;4083,0.344827586207
1658;4086,0.0862068965517
1658;4084,0.448275862069
1658;4085,0.120689655172
1659;2973,1.0
1652;1651,1.0
1656;4083,0.0625
1656;4084,0.3625
1656;4086,0.55
1656;4085,0.025
1657;4083,0.8
1657;4086,0.2
1654;1651,1.0
580;3449,0.0588235294118
580;3450,0.235294117647
580;3452,0.617647058824
580;3451,0.0882352941176
581;3452,0.333333333333
581;3450,0.333333333333
581;3449,0.333333333333
588;587,1.0
3152;27,1.0
3151;4520,0.142857142857
3151;26,0.857142857143
1985;4266,0.5
1985;1983,0.5
3157;69,0.642857142857
3157;32,0.357142857143
3156;4717,0.357142857143
3156;31,0.642857142857
2839;2714,0.673913043478
2839;2703,0.326086956522
3154;29,0.190476190476
3154;2059,0.809523809524
3159;35,1.0
2834;1269,1.0
2833;4840,1.0
3391;4728,0.520833333333
3391;468,0.479166666667
1437;1411,1.0
1435;318,1.0
1432;1433,0.75
1432;3946,0.25
3394;3396,1.0
1430;3805,1.0
3396;1081,0.0294117647059
3396;476,0.970588235294
3399;201,0.333333333333
3399;481,0.666666666667
1438;3948,1.0
419;1146,1.0
458;2061,1.0
4261;1977,0.588235294118
4261;1979,0.352941176471
4261;1978,0.0588235294118
4262;1977,1.0
4263;1982,1.0
1889;4222,1.0
4267;2734,0.5
4267;1987,0.5
450;3379,0.25
450;3381,0.5
450;3380,0.25
4269;1987,1.0
1888;1870,1.0
1344;3068,1.0
457;226,0.6
457;3384,0.2
457;458,0.2
1886;1887,1.0
3700;1056,1.0
656;3493,1.0
313;3309,0.14450867052
313;3308,0.85549132948
1501;5,0.25
1501;3982,0.75
3088;3084,1.0
312;3309,0.0395480225989
312;3308,0.960451977401
3085;3086,1.0
3084;3081,1.0
3087;4998,0.4
3087;1235,0.6
1509;1865,0.352941176471
1509;799,0.647058823529
3080;497,1.0
3083;3082,1.0
3082;3088,0.636363636364
3082;3087,0.363636363636
4668;2026,1.0
1885;1870,1.0
3884;1482,1.0
3886;683,0.833333333333
3886;4580,0.166666666667
3881;1333,1.0
3880;1097,0.757009345794
3880;1332,0.242990654206
3883;1667,0.285714285714
3883;1337,0.714285714286
2129;2130,0.2
2129;2128,0.8
947;4660,0.30612244898
947;2580,0.69387755102
942;3626,1.0
4662;2587,0.333333333333
4662;2588,0.666666666667
4663;2588,1.0
4001;1522,0.5
4001;4990,0.5
4002;1523,1.0
3971;540,0.5
3971;3970,0.416666666667
3971;1480,0.0833333333333
323;479,0.75
323;1017,0.25
320;3312,1.0
3972;1482,1.0
3977;5033,1.0
3976;1492,1.0
328;326,1.0
3625;941,1.0
3624;3625,0.84
3624;940,0.12
3624;3623,0.04
1340;3884,0.5
1340;3885,0.5
3626;3624,0.785714285714
3626;833,0.0357142857143
3626;3627,0.142857142857
3626;942,0.0357142857143
4715;4717,1.0
4716;2134,0.571428571429
4716;2650,0.285714285714
4716;1360,0.142857142857
4717;2060,0.25
4717;4804,0.75
2336;4988,1.0
4713;2644,1.0
4718;2652,0.266666666667
4718;4719,0.733333333333
1880;4218,1.0
1590;1008,1.0
3715;4668,0.666666666667
3715;1074,0.333333333333
3717;1076,1.0
3718;1077,1.0
4479;4502,0.833333333333
4479;2296,0.166666666667
4478;882,0.833333333333
4478;2295,0.166666666667
4475;2301,0.241379310345
4475;2291,0.758620689655
4474;2290,1.0
4909;2704,0.166666666667
4909;2232,0.5
4909;2945,0.333333333333
4908;2944,1.0
2488;4603,0.117647058824
2488;4602,0.764705882353
2488;2485,0.117647058824
4678;2605,1.0
4901;2934,0.826086956522
4901;4903,0.173913043478
2487;2485,0.111111111111
2487;4602,0.666666666667
2487;4603,0.222222222222
2484;2482,1.0
2485;3038,1.0
2483;812,0.2
2483;2482,0.4
2483;4601,0.4
2249;4444,0.5
2249;4446,0.5
2246;4439,0.4
2246;4440,0.6
52;1703,0.666666666667
52;3175,0.333333333333
2241;4436,0.4
2241;4437,0.6
2242;4437,1.0
2243;4438,0.125
2243;4437,0.875
995;3661,0.257142857143
995;3660,0.142857142857
995;3659,0.6
994;3660,0.25
994;3659,0.75
997;4906,0.6375
997;4874,0.3625
996;994,0.508474576271
996;3662,0.491525423729
991;3630,0.125
991;3656,0.875
993;3659,0.0863309352518
993;3660,0.892086330935
993;3661,0.0215827338129
992;3658,1.0
999;981,1.0
998;997,0.677419354839
998;3663,0.322580645161
3401;1031,1.0
121;153,1.0
123;3216,1.0
124;3217,0.0769230769231
124;3219,0.230769230769
124;3216,0.538461538462
124;3218,0.153846153846
125;3219,0.2
125;3216,0.4
125;3218,0.3
125;3217,0.1
126;359,0.375
126;375,0.625
127;126,0.985915492958
127;128,0.0140845070423
128;459,1.0
129;3220,0.916666666667
129;130,0.0833333333333
4875;2900,0.396226415094
4875;2902,0.603773584906
3416;1873,0.75
3416;521,0.25
4877;2737,1.0
4876;2897,0.777777777778
4876;2902,0.155555555556
4876;2903,0.0222222222222
4876;2900,0.0444444444444
4871;2898,0.025641025641
4871;4870,0.974358974359
4870;2902,1.0
4872;2716,0.4
4872;2899,0.15
4872;4873,0.45
2792;4808,1.0
2061;3810,1.0
2790;1741,0.666666666667
2790;4806,0.333333333333
2791;4807,1.0
2064;2952,0.583333333333
2064;2949,0.0833333333333
2064;4318,0.333333333333
3375;2368,0.166666666667
3375;446,0.833333333333
2794;490,1.0
2795;1666,1.0
135;3222,0.5
135;134,0.5
1182;266,0.0588235294118
1182;1180,0.941176470588
3579;843,1.0
3578;2118,1.0
3575;3627,1.0
3574;832,1.0
3577;839,0.828571428571
3577;2415,0.171428571429
3571;829,1.0
3570;832,1.0
3573;831,1.0
2666;4731,0.88
2666;2667,0.12
2667;2964,0.333333333333
2667;2966,0.666666666667
2664;2667,0.363636363636
2664;4731,0.636363636364
4494;2315,0.625
4494;2744,0.375
2662;4728,1.0
2663;2664,0.194444444444
2663;4729,0.805555555556
2660;4726,1.0
4490;2156,0.146341463415
4490;2309,0.853658536585
940;3627,0.0454545454545
940;3624,0.545454545455
940;942,0.409090909091
2668;4732,0.25
2668;1657,0.5
2668;2661,0.25
2669;857,0.208955223881
2669;4733,0.298507462687
2669;1655,0.492537313433
2934;4901,1.0
2932;2927,1.0
2933;1261,1.0
3799;619,1.0
1837;4188,0.5
1837;1836,0.5
1640;4076,1.0
1396;1292,1.0
1648;1647,1.0
1742;281,0.75
1742;4131,0.25
4365;1966,1.0
579;3451,0.0540540540541
579;3450,0.810810810811
579;3449,0.135135135135
4364;2309,0.428571428571
4364;2156,0.571428571429
573;3442,0.0952380952381
573;3446,0.904761904762
572;3446,1.0
571;570,1.0
577;3058,0.25
577;3054,0.75
576;577,0.4
576;578,0.6
575;3448,1.0
2809;2852,1.0
601;3468,1.0
3162;39,0.777777777778
3162;4429,0.111111111111
3162;4428,0.111111111111
3163;40,1.0
3160;37,1.0
4360;1616,1.0
2406;4556,0.125
2406;1128,0.25
2406;2404,0.625
1423;601,0.5
1423;1066,0.5
3368;1035,1.0
4363;4370,0.75
4363;4369,0.25
1426;1421,0.375
1426;1427,0.0625
1426;3944,0.5625
3364;2012,1.0
1428;3945,0.666666666667
1428;3805,0.333333333333
3366;4547,0.115384615385
3366;422,0.884615384615
3367;423,0.75
3367;2005,0.25
3360;106,0.666666666667
3360;411,0.333333333333
2156;4362,1.0
3363;415,1.0
2157;690,1.0
735;3445,1.0
1899;4229,1.0
4984;15,0.5
4984;3045,0.5
4273;4277,1.0
1359;2359,1.0
1393;3922,0.333333333333
1393;3920,0.666666666667
4277;4754,0.4375
4277;2000,0.5
4277;4753,0.0625
4276;891,0.153846153846
4276;1999,0.730769230769
4276;3059,0.115384615385
4274;4755,0.105263157895
4274;1997,0.894736842105
1353;152,1.0
1352;917,0.0769230769231
1352;3892,0.923076923077
467;3390,0.55
467;3389,0.45
4986;3048,0.944444444444
4986;2297,0.0555555555556
461;3387,1.0
460;459,1.0
463;3388,1.0
608;2543,0.6
608;2542,0.4
933;3615,0.166666666667
933;3617,0.555555555556
933;3616,0.277777777778
4988;3048,1.0
4861;2882,0.909090909091
4861;3023,0.0909090909091
1519;3996,1.0
2013;2011,1.0
1517;304,0.909090909091
1517;3995,0.0909090909091
4865;2936,0.0833333333333
4865;2887,0.916666666667
280;3296,0.5
280;3294,0.5
3182;4567,1.0
3397;203,0.466666666667
3397;477,0.533333333333
4019;1553,0.0869565217391
4019;4642,0.913043478261
4013;1537,0.255813953488
4013;1977,0.744186046512
4014;1544,1.0
357;3334,0.1
357;3335,0.9
356;3333,1.0
355;3332,0.190476190476
355;354,0.809523809524
354;289,0.488372093023
354;419,0.511627906977
353;354,0.461538461538
353;3332,0.538461538462
351;3331,0.444444444444
351;352,0.555555555556
3980;1497,1.0
3981;1498,0.538461538462
3981;872,0.025641025641
3981;941,0.435897435897
3982;5036,1.0
358;90,0.266666666667
358;3335,0.333333333333
358;3334,0.4
4855;749,0.214285714286
4855;2857,0.642857142857
4855;2939,0.142857142857
2325;515,0.333333333333
2325;952,0.666666666667
1110;1111,0.3
1110;735,0.7
4709;1526,1.0
4708;2639,0.145161290323
4708;1242,0.354838709677
4708;165,0.5
289;288,0.986111111111
289;3300,0.0138888888889
288;433,0.814285714286
288;4465,0.0571428571429
288;1550,0.128571428571
281;3295,0.5
281;3294,0.25
281;3296,0.25
1443;1224,0.205128205128
1443;3949,0.717948717949
1443;3950,0.0769230769231
283;904,0.452380952381
283;523,0.547619047619
282;254,1.0
285;236,0.60248447205
285;3298,0.39751552795
284;283,1.0
287;288,1.0
286;3298,0.25
286;236,0.75
3760;1149,0.518518518519
3760;2223,0.148148148148
3760;1284,0.333333333333
3761;3796,1.0
3765;2695,0.2
3765;1309,0.2
3765;1157,0.6
3769;1165,1.0
1116;1183,1.0
262;261,1.0
261;1178,1.0
260;3288,0.454545454545
260;258,0.545454545455
267;3289,1.0
266;263,0.6
266;265,0.4
1031;3683,0.75
1031;3682,0.25
2499;4612,0.538461538462
2499;4611,0.307692307692
2499;2009,0.153846153846
2498;4611,0.390243902439
2498;2009,0.609756097561
4649;4815,1.0
1893;4225,0.0769230769231
1893;4226,0.923076923077
3225;88,0.904761904762
3225;141,0.0952380952381
2491;2487,0.5
2491;4608,0.5
4640;2279,1.0
4641;2995,0.333333333333
4641;2994,0.666666666667
2495;4609,0.125
2495;4610,0.875
2494;785,0.888888888889
2494;893,0.111111111111
2497;217,0.190476190476
2497;4609,0.47619047619
2497;4610,0.333333333333
2496;217,0.333333333333
2496;4610,0.666666666667
4424;4359,0.5
4424;2224,0.5
1294;3858,0.714285714286
1294;3426,0.285714285714
2257;4494,0.3
2257;2314,0.7
2256;4243,1.0
2255;2254,0.631578947368
2255;2256,0.368421052632
2253;2239,0.114285714286
2253;2252,0.885714285714
3682;177,1.0
2476;2477,0.8
2476;4600,0.2
2196;4401,0.2875
2196;4400,0.4
2196;4399,0.3125
980;3654,1.0
981;3655,0.142857142857
981;982,0.857142857143
115;3226,1.0
2198;4402,1.0
117;157,0.147540983607
117;3233,0.852459016393
111;110,0.551282051282
111;3213,0.448717948718
110;3253,0.32
110;3252,0.56
110;192,0.12
112;115,0.733333333333
112;3214,0.266666666667
118;120,0.0602409638554
118;121,0.939759036145
3432;3970,0.111111111111
3432;1480,0.333333333333
3432;540,0.555555555556
4800;2774,1.0
4801;1182,0.185185185185
4801;2781,0.814814814815
2781;4801,1.0
2780;2491,0.4
2780;866,0.6
4806;2790,0.5
4806;2795,0.5
4807;2686,0.75
4807;2791,0.25
4808;2770,0.4
4808;2792,0.6
4809;1418,1.0
2788;2039,0.666666666667
2788;2763,0.333333333333
3680;3747,1.0
3501;3848,1.0
3502;3504,0.227272727273
3502;667,0.0454545454545
3502;3505,0.727272727273
3504;675,0.757575757576
3504;566,0.242424242424
3505;676,0.166666666667
3505;2002,0.833333333333
3506;677,1.0
3507;2901,1.0
2670;4734,0.234042553191
2670;2119,0.702127659574
2670;4735,0.063829787234
3217;123,1.0
3210;106,1.0
1980;1648,1.0
3213;109,0.416666666667
3213;402,0.583333333333
1638;1513,1.0
3218;124,0.642857142857
3218;319,0.357142857143
3219;125,0.857142857143
3219;3274,0.142857142857
1988;1989,1.0
569;604,1.0
2817;4831,1.0
2811;4827,0.0952380952381
2811;4825,0.904761904762
560;2527,0.932203389831
560;1416,0.0677966101695
561;563,1.0
562;3525,1.0
563;564,1.0
564;568,0.571428571429
564;487,0.428571428571
565;564,1.0
566;3441,0.8
566;567,0.2
567;745,1.0
3170;3836,1.0
3175;52,1.0
3174;40,1.0
1188;1191,1.0
3378;448,0.5
3378;3387,0.5
1186;2401,0.8
1186;1363,0.2
3376;736,0.111111111111
3376;1822,0.888888888889
1184;3774,1.0
1185;3775,0.632034632035
1185;1141,0.367965367965
3373;131,1.0
1183;3774,1.0
1181;1180,0.941176470588
1181;266,0.0588235294118
726;727,1.0
727;1644,0.142857142857
727;720,0.857142857143
725;727,1.0
722;418,1.0
1744;2881,1.0
1745;1744,0.5
1745;1372,0.5
1740;4435,1.0
1741;4131,0.4
1741;4130,0.08
1741;281,0.52
728;457,0.5
728;145,0.25
728;3443,0.25
1743;4132,0.190476190476
1743;596,0.0952380952381
1743;3410,0.714285714286
1164;2424,1.0
1165;1166,0.416666666667
1165;543,0.583333333333
1166;3770,0.459459459459
1166;3814,0.351351351351
1166;3134,0.189189189189
1167;1032,1.0
1161;1160,1.0
4248;75,0.4
4248;1938,0.6
4249;4336,1.0
4246;1935,1.0
4244;2749,0.0918367346939
4244;1928,0.571428571429
4244;1973,0.336734693878
4245;437,0.851851851852
4245;1934,0.111111111111
4245;4790,0.037037037037
4242;1926,1.0
4243;4242,0.25
4243;1927,0.25
4243;1915,0.5
4240;8,1.0
1488;3974,1.0
1864;4208,1.0
47;3172,1.0
40;3163,0.2
40;3164,0.8
41;3164,1.0
1568;4029,1.0
1569;1833,1.0
1293;3858,0.736842105263
1293;3859,0.263157894737
1290;3853,0.666666666667
1290;3854,0.333333333333
1566;4029,1.0
1295;3861,1.0
591;365,0.0555555555556
591;590,0.944444444444
795;797,1.0
4399;1571,0.150684931507
4399;2195,0.849315068493
4390;2183,0.652173913043
4390;2272,0.130434782609
4390;2343,0.217391304348
4391;3068,0.0384615384615
4391;2904,0.5
4391;2184,0.461538461538
1201;2186,1.0
4393;1083,1.0
4394;2984,1.0
472;3395,0.25
472;3394,0.625
472;3393,0.125
3194;3196,1.0
476;242,0.0188679245283
476;3396,0.0188679245283
476;3397,0.811320754717
476;474,0.150943396226
477;474,0.309523809524
477;242,0.0238095238095
477;3396,0.452380952381
477;3397,0.214285714286
474;3395,0.5
474;3394,0.5
1361;1374,1.0
3728;1087,0.943661971831
3728;3736,0.056338028169
479;3399,0.666666666667
479;480,0.333333333333
1368;3902,0.518518518519
1368;300,0.185185185185
1368;3901,0.296296296296
1369;3902,0.5
1369;300,0.5
