1869;3301,1.0
3724;1209,0.05
3724;1083,0.075
3724;2189,0.875
4024;1561,0.5
4024;2019,0.5
3725;4623,0.52380952381
3725;1084,0.142857142857
3725;933,0.333333333333
4029;2201,0.757575757576
4029;1566,0.242424242424
344;3325,0.809523809524
344;149,0.190476190476
345;3326,0.0714285714286
345;3327,0.928571428571
346;3327,1.0
341;3323,1.0
342;3324,0.25
342;1925,0.75
343;149,1.0
3996;4001,1.0
3995;1517,0.25
3995;2570,0.75
348;3327,0.75
348;347,0.25
349;352,0.272727272727
349;3331,0.727272727273
4930;581,1.0
966;582,0.15625
966;3640,0.625
966;3641,0.1875
966;957,0.03125
4685;2612,0.5
4685;2608,0.5
4935;3122,0.657142857143
4935;5038,0.342857142857
4732;2668,0.125
4732;2663,0.375
4732;2867,0.5
4733;2864,0.0608695652174
4733;2530,0.5
4733;2669,0.439130434783
4730;2868,0.727272727273
4730;2665,0.272727272727
4731;2666,0.432989690722
4731;2665,0.0515463917526
4731;2868,0.515463917526
4737;351,1.0
2318;1922,1.0
4735;2671,0.545454545455
4735;2865,0.454545454545
4739;2682,1.0
2312;2564,0.166666666667
2312;1057,0.833333333333
2313;4917,0.285714285714
2313;2944,0.142857142857
2313;4489,0.571428571429
2310;4535,1.0
2184;4389,0.150877192982
2184;4390,0.743859649123
2184;4391,0.105263157895
299;298,1.0
296;1372,0.695652173913
296;1744,0.304347826087
297;294,0.368421052632
297;296,0.526315789474
297;3302,0.105263157895
295;296,0.3
295;294,0.5
295;3302,0.2
292;291,1.0
290;2676,1.0
3771;1176,1.0
3770;543,0.375
3770;3769,0.5
3770;1166,0.125
3776;1188,1.0
3775;1134,0.503546099291
3775;1185,0.39243498818
3775;472,0.10401891253
3774;1184,0.330578512397
3774;1158,0.669421487603
4523;2367,0.48275862069
4523;2452,0.51724137931
3686;3807,0.0714285714286
3686;3808,0.0714285714286
3686;1039,0.857142857143
270;3290,1.0
271;3290,0.722222222222
271;3291,0.277777777778
272;2783,0.818181818182
272;1181,0.181818181818
273;272,0.211382113821
273;3290,0.650406504065
273;3291,0.138211382114
274;1334,0.533333333333
274;5001,0.466666666667
275;274,0.384057971014
275;3293,0.615942028986
277;274,0.225806451613
277;3292,0.0129032258065
277;3293,0.761290322581
278;3294,1.0
279;3296,0.32
279;3294,0.66
279;3295,0.02
3684;1051,0.512820512821
3684;1034,0.0384615384615
3684;1049,0.448717948718
4658;2577,0.333333333333
4658;1256,0.666666666667
2268;1162,1.0
2269;1162,1.0
2262;4451,1.0
2263;4773,0.363636363636
2263;4452,0.636363636364
2267;1390,0.477611940299
2267;4455,0.522388059701
2440;1846,0.0877192982456
2440;3019,0.912280701754
2441;48,1.0
2446;4576,0.294117647059
2446;2445,0.705882352941
2447;4577,1.0
2444;443,0.780952380952
2444;4575,0.219047619048
2445;682,1.0
109;110,0.103448275862
109;3213,0.896551724138
102;1374,1.0
103;102,1.0
101;102,1.0
106;104,0.0569105691057
106;3211,0.90243902439
106;3210,0.0406504065041
107;104,0.271604938272
107;3210,0.123456790123
107;3211,0.604938271605
104;126,1.0
105;3210,0.116417910448
105;3211,0.370149253731
105;104,0.513432835821
2047;554,1.0
4811;2796,1.0
2045;2037,1.0
2043;4307,1.0
2041;2040,0.666666666667
2041;4305,0.333333333333
2048;2523,0.391304347826
2048;2528,0.608695652174
2049;3099,1.0
2839;4842,0.027397260274
2839;2714,0.739726027397
2839;2703,0.232876712329
4843;1839,0.909090909091
4843;2841,0.0909090909091
2835;4841,1.0
3516;3514,1.0
3515;4216,0.3
3515;706,0.7
3514;2860,1.0
2684;4033,0.769230769231
2684;4741,0.0769230769231
2684;2681,0.153846153846
2686;4743,1.0
2682;2883,1.0
1436;1435,1.0
1437;3947,0.1875
1437;1401,0.25
1437;1411,0.5625
99;365,0.5
99;590,0.5
98;588,0.6
98;206,0.4
91;3202,0.222222222222
91;3203,0.555555555556
91;3201,0.222222222222
90;3203,0.766666666667
90;3202,0.233333333333
93;3202,0.746478873239
93;3203,0.253521126761
92;3203,0.583333333333
92;3202,0.416666666667
94;3204,0.105590062112
94;4027,0.894409937888
1623;1624,1.0
1990;4270,1.0
1621;1624,1.0
3204;95,0.922580645161
3204;94,0.0774193548387
1995;4764,0.8
1995;4272,0.2
3202;92,0.4
3202;1726,0.4
3202;1407,0.2
1625;1626,0.666666666667
1625;4065,0.333333333333
3200;90,0.2
3200;3335,0.8
1999;4276,0.451612903226
1999;4275,0.225806451613
1999;1992,0.322580645161
1998;4275,0.219178082192
1998;4276,0.41095890411
1998;1992,0.369863013699
1628;1629,0.798941798942
1628;460,0.201058201058
3208;98,1.0
1293;3858,0.777777777778
1293;3859,0.222222222222
2860;4857,1.0
2861;2497,0.122448979592
2861;4858,0.0816326530612
2861;2501,0.795918367347
2862;4859,1.0
559;3439,1.0
558;71,0.0322580645161
558;3438,0.290322580645
558;3439,0.290322580645
558;3440,0.387096774194
2866;2865,0.25
2866;2671,0.75
2867;2866,1.0
2868;2867,0.344827586207
2868;2663,0.51724137931
2868;2668,0.137931034483
2869;2665,0.185185185185
2869;2666,0.259259259259
2869;2868,0.555555555556
557;3439,0.25
557;3438,0.25
557;3440,0.5
556;732,1.0
553;1619,1.0
1199;3784,0.241379310345
1199;3783,0.689655172414
1199;3782,0.0689655172414
1198;3782,0.0833333333333
1198;3783,0.472222222222
1198;3784,0.444444444444
3348;2274,1.0
3343;371,0.555555555556
3343;2116,0.444444444444
3340;201,0.111111111111
3340;366,0.222222222222
3340;481,0.666666666667
3341;368,1.0
3346;379,1.0
3347;381,1.0
3344;372,1.0
4259;1973,1.0
4258;1960,1.0
1175;1174,1.0
1174;2913,1.0
1173;1174,1.0
1171;2270,1.0
1170;2271,0.333333333333
1170;2269,0.666666666667
4251;1941,0.25
4251;445,0.75
4253;2274,0.0886075949367
4253;1946,0.911392405063
4255;1951,1.0
4256;1953,0.647058823529
4256;1951,0.294117647059
4256;1952,0.0588235294118
1006;3665,0.333333333333
1006;156,0.666666666667
1285;3851,0.230769230769
1285;3850,0.0769230769231
1285;3849,0.692307692308
1287;3852,1.0
1286;3849,0.6
1286;3851,0.4
1281;1671,0.691176470588
1281;1672,0.308823529412
1280;1279,0.304182509506
1280;1281,0.695817490494
1282;3848,0.0757894736842
1282;666,0.924210526316
1003;1004,1.0
1289;3856,0.5
1289;3854,0.125
1289;3855,0.25
1289;3853,0.125
1578;4036,1.0
877;876,0.5
877;878,0.5
1572;1275,1.0
687;686,0.65
687;689,0.35
1570;2365,0.622302158273
1570;2440,0.377697841727
681;680,1.0
680;2985,0.525
680;4934,0.475
1575;2681,0.2
1575;4033,0.4
1575;4741,0.4
682;680,0.948717948718
682;3509,0.0512820512821
1227;3808,0.452380952381
1227;1039,0.547619047619
4188;1837,0.00943396226415
4188;2880,0.990566037736
1225;1047,0.675925925926
1225;3806,0.287037037037
1225;779,0.037037037037
1223;3804,1.0
1222;1221,0.923076923077
1222;3804,0.0769230769231
4389;2182,0.634146341463
4389;5025,0.365853658537
4388;4337,0.181818181818
4388;1085,0.818181818182
1221;1243,0.428571428571
1221;1453,0.571428571429
4382;2603,1.0
4381;2174,0.666666666667
4381;4724,0.333333333333
4380;2173,0.666666666667
4380;4381,0.333333333333
4387;522,1.0
4386;2179,0.583333333333
4386;1913,0.416666666667
406;142,0.5
406;358,0.5
1373;1580,0.0666666666667
1373;1461,0.433333333333
1373;3904,0.5
404;405,1.0
1375;3905,1.0
1374;21,1.0
1377;3907,0.294117647059
1377;3864,0.705882352941
1376;3906,0.125
1376;3905,0.625
1376;37,0.25
2032;4300,0.5
2032;4299,0.5
3835;1262,1.0
1343;3886,1.0
3830;2699,0.133333333333
3830;811,0.4
3830;1257,0.466666666667
2030;988,1.0
4033;1576,1.0
4032;1574,1.0
4035;1577,1.0
4034;1575,0.5
4034;1574,0.25
4034;1576,0.25
4036;2759,1.0
4039;429,0.944444444444
4039;1582,0.0555555555556
4038;3904,0.428571428571
4038;1580,0.571428571429
1228;3809,1.0
3796;1213,0.727272727273
3796;1132,0.272727272727
4734;2670,1.0
2319;4488,1.0
379;380,1.0
378;3345,1.0
2039;2040,1.0
371;367,0.2
371;3343,0.4
371;3344,0.4
370;369,1.0
372;3343,0.3
372;3344,0.2
372;367,0.5
375;1478,0.0154639175258
375;1474,0.984536082474
374;375,0.5
374;359,0.5
377;3345,1.0
376;1439,1.0
392;390,1.0
391;390,1.0
390;1551,1.0
395;3356,0.25
395;3354,0.227272727273
395;3355,0.522727272727
394;181,0.666666666667
394;3352,0.333333333333
399;204,0.5
399;224,0.5
398;3354,0.5
398;3356,0.5
2309;2308,0.75
2309;4490,0.25
2308;4917,0.168421052632
2308;4489,0.831578947368
4729;2663,0.12
4729;2668,0.68
4729;2867,0.2
4728;1460,0.944444444444
4728;2662,0.0555555555556
4725;2659,1.0
2300;1913,1.0
2303;4484,0.420454545455
2303;2302,0.579545454545
4726;2660,0.166666666667
4726;2659,0.555555555556
4726;2658,0.277777777778
2305;4485,0.247191011236
2305;4486,0.0561797752809
2305;2303,0.696629213483
4720;2654,1.0
2307;4488,0.986013986014
2307;4495,0.013986013986
2306;2304,0.258064516129
2306;2307,0.68064516129
2306;4487,0.0612903225806
3748;1079,0.666666666667
3748;656,0.166666666667
3748;1126,0.166666666667
3749;4549,1.0
3746;1159,0.0746268656716
3746;1117,0.925373134328
3745;1156,0.8125
3745;1114,0.1875
3742;3794,0.75
3742;3793,0.25
3743;395,1.0
3740;3758,0.0384615384615
3740;1105,0.961538461538
3741;1102,0.807486631016
3741;1108,0.192513368984
4620;2510,1.0
244;245,1.0
246;245,1.0
4624;2514,0.31
4624;1882,0.04
4624;1198,0.16
4624;1200,0.49
4625;2516,1.0
4626;2518,1.0
242;241,0.384615384615
242;3278,0.538461538462
242;3277,0.0769230769231
4629;2530,0.75
4629;2864,0.25
249;3280,1.0
248;3281,0.5
248;3279,0.5
2270;1032,1.0
2273;4458,0.184615384615
2273;4457,0.815384615385
2279;4463,1.0
2278;4461,0.6
2278;4185,0.4
2459;5004,1.0
2458;4584,1.0
2456;749,0.428571428571
2456;2857,0.571428571429
2451;2572,1.0
2453;4582,0.142857142857
2453;4581,0.571428571429
2453;2372,0.285714285714
179;3245,0.333333333333
179;180,0.666666666667
178;3245,0.861111111111
178;180,0.138888888889
173;3242,0.888888888889
173;3241,0.111111111111
172;3241,0.166666666667
172;3242,0.833333333333
171;3242,1.0
170;803,0.363636363636
170;119,0.636363636364
2053;4310,1.0
4538;4636,0.0290909090909
4538;2383,0.847272727273
4538;2539,0.123636363636
2054;1536,0.5
2054;1857,0.5
4828;2814,1.0
2056;2051,0.470588235294
2056;4313,0.529411764706
3690;1045,1.0
3691;1046,0.55
3691;1826,0.35
3691;1226,0.1
4536;2310,0.887323943662
4536;4538,0.112676056338
4537;2382,1.0
3694;1049,1.0
3695;2452,0.0731707317073
3695;2367,0.414634146341
3695;1050,0.512195121951
4532;2376,0.961538461538
4532;1729,0.0384615384615
2156;4362,1.0
3596;231,0.75
3596;890,0.25
653;3495,0.333333333333
653;657,0.666666666667
3526;765,0.0344827586207
3526;1430,0.965517241379
3527;767,0.0116279069767
3527;377,0.988372093023
3524;496,0.147058823529
3524;1107,0.852941176471
3529;771,1.0
4655;2572,1.0
4654;2373,0.810810810811
4654;2571,0.189189189189
4657;1938,1.0
3225;88,0.912087912088
3225;141,0.0879120879121
4656;1666,1.0
2699;1923,1.0
2698;1305,0.601809954751
2698;2293,0.398190045249
1226;3807,0.153846153846
1226;1039,0.346153846154
1226;3808,0.5
2405;2399,0.19689119171
2405;1192,0.0621761658031
2405;4554,0.134715025907
2405;4555,0.60621761658
3226;358,0.333333333333
3226;142,0.666666666667
4983;2950,0.333333333333
4983;3044,0.333333333333
4983;4473,0.333333333333
4652;2569,1.0
4556;2406,0.5
4556;1048,0.5
1971;1959,0.888888888889
1971;1976,0.111111111111
4557;1048,0.636363636364
4557;2406,0.0909090909091
4557;2407,0.272727272727
4554;1128,0.173913043478
4554;2404,0.782608695652
4554;4556,0.0434782608696
4555;2405,0.394871794872
4555;4557,0.471794871795
4555;1118,0.133333333333
3236;353,0.5
3236;163,0.38961038961
3236;3349,0.11038961039
3237;164,0.5
3237;287,0.5
1618;1601,1.0
1616;1389,0.857142857143
1616;628,0.142857142857
4552;4640,1.0
3238;165,0.477366255144
3238;2639,0.308641975309
3238;1242,0.213991769547
3239;3374,0.1
3239;114,0.673333333333
3239;169,0.226666666667
1961;1163,0.711111111111
1961;1089,0.133333333333
1961;4456,0.155555555556
1962;1961,1.0
4553;2427,0.394736842105
4553;2400,0.368421052632
4553;2403,0.236842105263
4550;2427,0.318181818182
4550;2400,0.454545454545
4550;2403,0.227272727273
2871;2966,0.571428571429
2871;2964,0.428571428571
2877;492,1.0
2876;4912,1.0
2875;2475,1.0
2874;1891,0.2
2874;1914,0.8
3354;1176,1.0
3357;399,0.75
3357;417,0.25
3356;398,1.0
3351;338,0.214285714286
3351;387,0.785714285714
3353;395,1.0
3352;394,0.846994535519
3352;2439,0.153005464481
3359;401,0.763157894737
3359;900,0.0263157894737
3359;1210,0.210526315789
3358;729,0.583333333333
3358;400,0.416666666667
1768;1769,0.512820512821
1768;4138,0.0512820512821
1768;4137,0.435897435897
1142;2266,1.0
1140;1168,1.0
1146;1147,0.987179487179
1146;324,0.0128205128205
1144;2339,1.0
1149;3760,0.6
1149;1150,0.4
696;508,0.988165680473
696;1877,0.0118343195266
697;699,1.0
694;3511,1.0
695;505,1.0
1548;3130,0.5
1548;1321,0.5
1549;256,1.0
542;544,1.0
543;544,1.0
540;3433,0.549019607843
540;3432,0.392156862745
540;3431,0.0588235294118
541;3432,1.0
546;3435,1.0
547;548,0.486486486486
547;549,0.432432432432
547;3436,0.0810810810811
331;329,0.702127659574
331;3316,0.297872340426
1781;4139,0.285714285714
1781;4158,0.714285714286
548;1169,1.0
765;3526,0.30303030303
765;378,0.151515151515
765;766,0.545454545455
416;3364,1.0
417;835,0.5
417;728,0.5
410;2675,0.129032258065
410;2604,0.516129032258
410;2392,0.354838709677
1389;884,0.031746031746
1389;3917,0.52380952381
1389;3919,0.174603174603
1389;3918,0.269841269841
412;459,1.0
413;257,0.288461538462
413;339,0.0576923076923
413;3361,0.653846153846
1384;3915,0.107142857143
1384;1324,0.892857142857
1385;1324,1.0
1386;3914,0.25
1386;3915,0.25
1386;1324,0.5
1387;3916,1.0
418;399,0.4
418;417,0.6
419;1146,1.0
1382;3911,0.75138121547
1382;3912,0.138121546961
1382;3913,0.110497237569
1383;3913,0.111111111111
1383;3912,0.444444444444
1383;3911,0.444444444444
3827;1253,0.2
3827;2116,0.2
3827;371,0.6
3826;610,0.533333333333
3826;3827,0.4
3826;1252,0.0666666666667
3825;1218,1.0
3821;1223,0.368421052632
3821;1244,0.631578947368
3828;1218,1.0
4280;2430,0.727272727273
4280;1724,0.272727272727
3042;4981,0.5
3042;4982,0.5
4286;2013,1.0
4287;2014,0.5
4287;4746,0.5
368;3341,0.6
368;3342,0.2
368;369,0.2
369;2787,1.0
366;3340,0.636363636364
366;3339,0.272727272727
366;364,0.0909090909091
367;369,1.0
364;3338,0.666666666667
364;3337,0.333333333333
365;364,0.5
365;3340,0.5
362;3336,0.0046511627907
362;3337,0.776744186047
362;3338,0.218604651163
360;1281,0.941176470588
360;1279,0.0588235294118
361;1620,0.297176820208
361;1342,0.702823179792
380;1058,0.470588235294
380;310,0.529411764706
381;382,0.833333333333
381;3347,0.166666666667
382;3929,0.28
382;74,0.64
382;244,0.08
383;3347,0.25
383;382,0.5
383;213,0.25
384;3348,1.0
387;388,0.3125
387;3350,0.6875
388;339,0.236486486486
388;3361,0.304054054054
388;257,0.459459459459
389;3631,0.978723404255
389;951,0.0212765957447
4750;2394,0.0909090909091
4750;2700,0.909090909091
4756;1246,1.0
4757;2602,0.875
4757;2707,0.125
2792;4808,1.0
3759;1148,1.0
3758;3775,1.0
3750;2404,0.681818181818
3750;1128,0.227272727273
3750;4556,0.0909090909091
3753;1132,0.30487804878
3753;1213,0.69512195122
3755;1237,0.5
3755;1136,0.5
3754;472,0.714285714286
3754;1134,0.285714285714
3757;3761,1.0
3756;1137,0.363636363636
3756;4881,0.272727272727
3756;1052,0.363636363636
2190;280,1.0
2191;2053,0.125
2191;280,0.625
2191;4394,0.25
258;3037,0.5
258;1436,0.5
259;258,1.0
4636;349,0.133333333333
4636;2540,0.866666666667
4635;2967,0.538461538462
4635;2537,0.461538461538
4634;4633,0.0909090909091
4634;4635,0.727272727273
4634;2536,0.181818181818
252;105,0.7
252;3284,0.3
251;3283,0.142857142857
251;3282,0.785714285714
251;248,0.0714285714286
256;3287,0.454545454545
256;255,0.545454545455
254;3286,0.0506329113924
254;3287,0.911392405063
254;255,0.0379746835443
255;2852,1.0
2200;64,1.0
2204;1568,0.333333333333
2204;4408,0.666666666667
2205;4409,0.352941176471
2205;2084,0.470588235294
2205;2204,0.176470588235
2206;2205,1.0
2207;4411,1.0
2208;597,1.0
2428;1193,0.666666666667
2428;2429,0.333333333333
903;3599,0.375
903;3600,0.1875
903;3602,0.4375
2421;2420,0.142857142857
2421;2417,0.857142857143
2423;2424,0.263157894737
2423;2422,0.736842105263
2427;2397,0.102040816327
2427;1012,0.0612244897959
2427;2431,0.836734693878
901;3599,0.388888888889
901;3602,0.351851851852
901;3601,0.148148148148
901;3600,0.111111111111
168;167,0.69219858156
168;166,0.30780141844
169;170,0.992753623188
169;3239,0.00724637681159
164;3238,0.571428571429
164;3237,0.214285714286
164;3236,0.214285714286
165;3236,0.0650406504065
165;3237,0.479674796748
165;3238,0.455284552846
166;1455,0.830434782609
166;697,0.169565217391
167;331,0.303571428571
167;162,0.696428571429
161;105,0.32967032967
161;3285,0.010989010989
161;3284,0.659340659341
162;3234,0.530864197531
162;3235,0.222222222222
162;161,0.246913580247
163;3236,0.681451612903
163;3237,0.225806451613
163;3238,0.0927419354839
3689;1042,0.928
3689;624,0.048
3689;2975,0.024
3683;484,0.431137724551
3683;1031,0.562874251497
3683;3754,0.0059880239521
4526;4532,0.32
4526;2370,0.68
3681;937,0.266666666667
3681;1029,0.466666666667
3681;4182,0.266666666667
4524;4523,0.75
4524;446,0.25
3687;1040,0.972222222222
3687;663,0.0277777777778
4522;2366,0.326086956522
4522;3093,0.586956521739
4522;3018,0.0869565217391
4521;2440,1.0
4836;3086,0.333333333333
4836;2822,0.666666666667
1843;1841,0.142857142857
1843;4190,0.857142857143
2514;2515,0.0561797752809
2514;4624,0.943820224719
2515;2126,1.0
2517;2292,1.0
2510;2508,0.5
2510;4620,0.25
2510;4619,0.25
2511;2510,1.0
2512;2510,1.0
2513;4623,1.0
2736;4784,0.465517241379
2736;4785,0.0172413793103
2736;1072,0.51724137931
2737;4785,1.0
2730;4778,0.962962962963
2730;2728,0.037037037037
2738;2733,1.0
3531;775,1.0
3533;778,1.0
3532;1893,0.2
3532;776,0.6
3532;2243,0.2
3535;2525,0.0869565217391
3535;780,0.913043478261
3534;3806,0.25
3534;1047,0.75
3539;2153,0.217391304348
3539;787,0.782608695652
678;3507,0.166666666667
678;3506,0.833333333333
1844;4191,1.0
1091;3730,0.92673992674
1091;3732,0.0732600732601
1816;1868,1.0
1817;1605,0.181818181818
1817;877,0.818181818182
1810;4169,0.117073170732
1810;1809,0.00487804878049
1810;4170,0.878048780488
1811;4169,0.187311178248
1811;4170,0.812688821752
1812;4173,0.736842105263
1812;4172,0.210526315789
1812;4171,0.0526315789474
1813;4173,1.0
1093;3732,0.4
1093;3731,0.6
1818;4175,1.0
1819;421,0.0675675675676
1819;4176,0.932432432432
4334;2092,0.827586206897
4334;4652,0.172413793103
677;3507,0.911111111111
677;3508,0.0888888888889
1098;3735,0.235294117647
1098;1096,0.764705882353
1099;1087,0.1
1099;3736,0.9
2165;4372,1.0
2164;4371,1.0
4950;3002,0.536723163842
4950;3001,0.0564971751412
4950;1685,0.406779661017
2166;4373,1.0
1979;4262,1.0
1978;4261,1.0
1977;4260,0.130434782609
1977;2578,0.173913043478
1977;2770,0.652173913043
1977;2792,0.0434782608696
1976;1948,1.0
1603;4048,0.05
1603;200,0.95
1974;1649,0.928571428571
1974;870,0.0714285714286
1605;1388,0.543209876543
1605;4050,0.456790123457
3220;439,0.9375
3220;131,0.0625
3223;136,0.3
3223;1435,0.7
1606;4051,1.0
809;3554,0.35
809;3555,0.45
809;810,0.2
803;3549,0.55
803;179,0.45
908;3605,0.608695652174
908;542,0.391304347826
801;3547,0.166666666667
801;3546,0.666666666667
801;3545,0.166666666667
804;179,0.428571428571
804;3548,0.047619047619
804;3549,0.52380952381
2849;1778,1.0
2846;2845,0.702325581395
2846;4846,0.297674418605
2847;1405,0.90243902439
2847;4847,0.0975609756098
2845;717,1.0
2840;1248,1.0
2841;4843,0.0833333333333
2841;976,0.916666666667
3320;338,0.0708661417323
3320;93,0.929133858268
3321;3361,0.272727272727
3321;257,0.363636363636
3321;339,0.363636363636
3322;342,1.0
3323;342,1.0
3324;342,1.0
3326;345,1.0
3327;287,0.4
3327;164,0.6
2612;2215,0.0238095238095
2612;4685,0.97619047619
3971;540,0.625
3971;3970,0.3125
3971;1480,0.0625
1771;464,0.0454545454545
1771;1216,0.0454545454545
1771;4142,0.909090909091
3970;2032,1.0
1779;1777,0.5
1779;4148,0.5
1778;4148,1.0
3957;4194,0.333333333333
3957;1450,0.666666666667
1100;931,0.5
1100;1099,0.5
2999;4948,0.333333333333
2999;4947,0.666666666667
301;302,1.0
1154;3762,1.0
1157;3765,1.0
3976;1492,1.0
1151;3744,1.0
1150;643,0.333333333333
1150;4793,0.666666666667
1153;1138,0.166666666667
1153;3761,0.166666666667
1153;397,0.666666666667
1152;1680,1.0
2998;4947,1.0
1550;4017,0.1
1550;1026,0.9
1553;4019,1.0
3038;2502,0.866666666667
3038;4978,0.12
3038;2830,0.0133333333333
1559;4022,1.0
2993;4941,0.0866666666667
2993;4942,0.0133333333333
2993;2631,0.9
2994;4942,0.8
2994;2631,0.2
2995;4943,1.0
2996;4943,0.333333333333
2996;4944,0.0277777777778
2996;2621,0.638888888889
2997;1503,0.555555555556
2997;4945,0.333333333333
2997;2996,0.111111111111
537;536,0.237209302326
537;3429,0.762790697674
536;3428,0.925
536;905,0.075
535;262,0.729166666667
535;534,0.270833333333
531;3859,0.524390243902
531;3858,0.368902439024
531;3426,0.106707317073
530;3962,1.0
539;3433,0.266666666667
539;3432,0.6
539;3431,0.133333333333
51;3174,1.0
3033;2236,1.0
428;2132,0.27027027027
428;1358,0.72972972973
421;424,1.0
1396;688,0.0144927536232
1396;1292,0.985507246377
1395;3923,0.178571428571
1395;3924,0.821428571429
422;3365,0.152542372881
422;3366,0.618644067797
422;3367,0.110169491525
422;424,0.118644067797
1393;3920,1.0
424;337,1.0
1391;3920,1.0
1390;884,0.1
1390;3917,0.75
1390;3918,0.15
3812;1235,1.0
3813;1509,0.8
3813;1236,0.2
3810;1231,0.222222222222
3810;308,0.333333333333
3810;3811,0.444444444444
3811;5031,0.166666666667
3811;227,0.0555555555556
3811;1232,0.777777777778
3814;1136,1.0
3818;4174,1.0
850;1647,1.0
4299;2031,0.631578947368
4299;4672,0.368421052632
4298;2410,0.53125
4298;2028,0.46875
4294;2024,1.0
4923;2537,0.879069767442
4923;2967,0.116279069767
4923;2688,0.0046511627907
1840;3072,0.2
1840;2585,0.8
4749;2699,1.0
4743;2722,1.0
4741;2684,1.0
3474;628,1.0
4747;4746,1.0
2183;4391,0.25
2183;4390,0.696428571429
2183;4389,0.0535714285714
2182;4390,1.0
2181;4388,1.0
2180;519,0.125
2180;4387,0.25
2180;4386,0.625
2185;4392,1.0
228;3271,0.333333333333
228;229,0.666666666667
4606;2777,0.578947368421
4606;2491,0.421052631579
226;3267,1.0
2189;4393,0.0384615384615
2189;2187,0.961538461538
2188;2187,1.0
4602;4607,0.375
4602;4608,0.5
4602;2487,0.125
4603;2776,0.0227272727273
4603;2488,0.977272727273
4712;2645,1.0
2219;4626,1.0
150;3230,1.0
155;392,0.5
155;234,0.5
157;3368,0.764705882353
157;425,0.235294117647
2433;1737,0.0238095238095
2433;4566,0.404761904762
2433;4564,0.166666666667
2433;4565,0.404761904762
158;170,0.972222222222
158;3239,0.0277777777778
2431;2430,0.333333333333
2431;2003,0.666666666667
2430;1013,0.660377358491
2430;2428,0.339622641509
2435;4567,1.0
2434;4565,0.863636363636
2434;4566,0.0909090909091
2434;4564,0.0454545454545
4519;2377,1.0
4512;2349,1.0
4510;4511,0.666666666667
4510;2347,0.333333333333
4511;2348,0.5
4511;2352,0.45
4511;4516,0.05
4517;2354,1.0
4515;2348,0.4
4515;2225,0.2
4515;2352,0.4
2509;2508,1.0
2508;4617,0.0833333333333
2508;4618,0.75
2508;2484,0.166666666667
2505;3058,0.136363636364
2505;3054,0.272727272727
2505;4994,0.136363636364
2505;769,0.454545454545
2504;2505,1.0
2502;2493,0.05
2502;4616,0.95
2501;2499,0.0103092783505
2501;4613,0.515463917526
2501;4614,0.474226804124
2500;4614,0.525
2500;4613,0.425
2500;2499,0.05
2726;2708,0.0769230769231
2726;2715,0.923076923077
2722;4771,0.0227272727273
2722;565,0.977272727273
280;3296,1.0
5044;3130,0.6875
5044;1321,0.3125
5043;3129,1.0
5042;3128,1.0
5041;3127,1.0
3783;1198,0.66
3783;1200,0.34
1805;4166,1.0
3781;1193,1.0
3786;2592,0.111111111111
3786;1202,0.666666666667
3786;2518,0.222222222222
3784;1199,0.888888888889
3784;1234,0.111111111111
3785;1200,0.111111111111
3785;1198,0.888888888889
3788;1205,1.0
3789;1206,1.0
4996;17,0.882352941176
4996;3062,0.117647058824
4997;1469,0.588235294118
4997;3063,0.411764705882
4991;1173,0.916666666667
4991;3055,0.0833333333333
4998;3064,1.0
4999;3065,1.0
3258;481,0.607142857143
3258;201,0.285714285714
3258;366,0.107142857143
3259;3517,0.457142857143
3259;418,0.2
3259;202,0.342857142857
1948;1949,1.0
1943;552,1.0
3252;208,1.0
1941;4251,0.636363636364
1941;1025,0.363636363636
3254;444,0.154929577465
3254;195,0.845070422535
3255;3375,0.15873015873
3255;196,0.47619047619
3255;133,0.365079365079
3256;199,0.366666666667
3256;355,0.633333333333
818;3561,1.0
810;2832,1.0
811;810,0.409090909091
811;3555,0.409090909091
811;3554,0.181818181818
812;810,0.5
812;3555,0.5
2858;2595,0.136363636364
2858;2282,0.863636363636
1250;1249,1.0
2851;1547,0.615384615385
2851;2809,0.384615384615
2853;2038,0.016393442623
2853;4851,0.262295081967
2853;2851,0.72131147541
2852;2853,0.5
2852;1057,0.25
2852;2564,0.25
2855;1248,0.955882352941
2855;4853,0.0441176470588
2854;2163,0.666666666667
2854;4852,0.333333333333
2857;2856,0.333333333333
2857;4855,0.233333333333
2857;2432,0.433333333333
1490;3127,0.183486238532
1490;1670,0.816513761468
1491;1490,0.484848484848
1491;3975,0.106060606061
1491;1311,0.280303030303
1491;1412,0.128787878788
1492;791,0.636363636364
1492;4378,0.363636363636
1620;374,1.0
3335;142,0.0666666666667
3335;358,0.866666666667
3335;159,0.0666666666667
1497;605,0.202898550725
1497;3981,0.797101449275
1498;3981,0.529411764706
1498;3980,0.25
1498;605,0.220588235294
3203;387,0.284090909091
3203;93,0.272727272727
3203;338,0.443181818182
3339;365,1.0
3338;3340,1.0
423;424,0.6
423;3367,0.0666666666667
423;3366,0.0666666666667
423;3365,0.266666666667
1626;698,0.657142857143
1626;1475,0.342857142857
1702;4109,1.0
1703;4145,1.0
1704;4108,0.2
1704;4109,0.8
3201;249,1.0
4641;2550,0.111111111111
4641;2995,0.333333333333
4641;2994,0.555555555556
1707;4112,0.5
1707;4111,0.5
1708;4111,0.666666666667
1708;4113,0.333333333333
425;1106,1.0
1168;1167,1.0
1996;1995,0.857142857143
1996;4273,0.114285714286
1996;4274,0.0285714285714
4572;45,1.0
1392;3920,0.444444444444
1392;3921,0.555555555556
427;425,1.0
426;425,0.75
426;3368,0.25
4575;441,0.885416666667
4575;2444,0.114583333333
1128;778,0.285714285714
1128;3750,0.714285714286
1129;778,0.888888888889
1129;3750,0.111111111111
4576;1345,1.0
1121;1120,1.0
1122;1135,1.0
2092;1667,0.161764705882
2092;1337,0.691176470588
2092;4334,0.147058823529
1127;1080,0.666666666667
1127;649,0.333333333333
2989;1682,1.0
2988;4936,0.269230769231
2988;362,0.480769230769
2988;586,0.25
3028;3025,0.848484848485
3028;2249,0.151515151515
2982;1428,1.0
2981;1630,0.957446808511
2981;4931,0.0425531914894
2980;4930,1.0
3023;1078,1.0
2986;1178,1.0
2985;802,1.0
2984;4934,0.4
2984;2985,0.6
3953;1446,1.0
1018;3674,1.0
521;3416,0.4
521;3417,0.6
522;3416,1.0
523;3420,1.0
1014;3671,0.4
1014;3670,0.0666666666667
1014;3669,0.533333333333
1015;135,0.8
1015;3672,0.2
1016;3673,0.380952380952
1016;3672,0.47619047619
1016;135,0.142857142857
1017;3672,0.3
1017;3673,0.4
1017;135,0.3
528;527,1.0
1011;3667,1.0
1012;3671,0.25
1012;3670,0.0833333333333
1012;3669,0.666666666667
1013;3669,0.428571428571
1013;3670,0.142857142857
1013;3671,0.428571428571
1234;1233,0.75
1234;3812,0.25
1235;1233,1.0
1236;1136,1.0
1237;3134,0.285714285714
1237;3814,0.428571428571
1237;3770,0.285714285714
1232;1231,0.470588235294
1232;308,0.352941176471
1232;3811,0.176470588235
4199;1729,1.0
4197;1850,0.5
4197;2234,0.5
4194;1847,1.0
4195;4202,1.0
1238;79,1.0
4193;1838,0.666666666667
4193;1846,0.333333333333
4190;1916,0.909090909091
4190;1842,0.0909090909091
3956;1449,0.724137931034
3956;1350,0.275862068966
4358;2142,0.733333333333
4358;2141,0.266666666667
4359;2226,1.0
4357;2142,0.8
4357;2141,0.2
4350;4633,0.176470588235
4350;2121,0.823529411765
4351;2122,0.2
4351;1658,0.8
4352;2124,1.0
4678;2605,1.0
1965;2157,1.0
439;3373,0.166666666667
439;379,0.833333333333
436;3628,0.323529411765
436;3629,0.411764705882
436;944,0.264705882353
437;436,0.4
437;3372,0.6
432;1146,0.287272727273
432;2911,0.712727272727
4674;2601,1.0
3808;1225,0.0759493670886
3808;1227,0.164556962025
3808;559,0.759493670886
3805;1426,1.0
3804;3949,0.625
3804;1224,0.375
3807;1226,0.785714285714
3807;1046,0.214285714286
3806;1227,0.125
3806;1225,0.0625
3806;559,0.8125
3800;1218,0.25
3800;1255,0.75
2481;2426,0.166666666667
2481;2863,0.833333333333
1967;1965,1.0
555;563,0.777777777778
555;560,0.222222222222
4774;2726,1.0
4772;4776,1.0
4778;273,0.0294117647059
4778;4857,0.485294117647
4778;2730,0.411764705882
4778;2500,0.0588235294118
4778;264,0.0147058823529
4175;2489,1.0
4176;1819,0.196721311475
4176;1730,0.540983606557
4176;2419,0.262295081967
4170;1811,0.543535620053
4170;1357,0.0105540897098
4170;1886,0.445910290237
4171;1812,1.0
4172;4892,1.0
3065;5000,0.666666666667
3065;4999,0.252525252525
3065;4911,0.0808080808081
2948;4912,0.5
2948;4478,0.5
4618;4620,0.25
4618;2508,0.0833333333333
4618;4619,0.666666666667
4611;2860,0.71186440678
4611;2498,0.271186440678
4611;705,0.0169491525424
4610;2497,1.0
4613;4857,0.0294117647059
4613;2500,0.882352941176
4613;273,0.0882352941176
237;3276,1.0
4615;2502,1.0
231;229,0.666666666667
231;3272,0.333333333333
232;233,0.0555555555556
232;118,0.944444444444
2944;4907,0.307692307692
2944;4908,0.615384615385
2944;18,0.0769230769231
993;3659,0.170068027211
993;3661,0.0136054421769
993;3660,0.816326530612
2229;2518,0.8
2229;1202,0.2
2226;4359,1.0
2225;4425,1.0
2223;739,1.0
2220;2229,0.765306122449
2220;2228,0.234693877551
146;3228,1.0
144;1499,0.5
144;3071,0.5
140;2112,0.8
140;2111,0.2
148;147,0.909090909091
148;3229,0.0909090909091
149;147,1.0
4505;683,0.148936170213
4505;1343,0.127659574468
4505;4580,0.063829787234
4505;2342,0.659574468085
4507;2351,0.8125
4507;2344,0.1875
4506;2272,0.161290322581
4506;2343,0.483870967742
4506;2183,0.354838709677
4501;2338,0.25
4501;2337,0.25
4501;2336,0.5
4509;2351,0.8
4509;2346,0.2
3400;1318,0.333333333333
3400;482,0.666666666667
2538;2004,1.0
2532;4630,1.0
2533;4631,0.333333333333
2533;4630,0.666666666667
2530;4628,0.5
2530;2531,0.5
2531;2119,0.444444444444
2531;4735,0.555555555556
2536;4634,1.0
1193;3781,0.25
1193;3780,0.25
1193;1130,0.5
2714;4272,0.342857142857
2714;4764,0.657142857143
2715;4765,0.263157894737
2715;4766,0.736842105263
1830;2880,1.0
1836;1840,0.9375
1836;4189,0.0625
1837;4188,0.833333333333
1837;1836,0.166666666667
1834;1833,0.562277580071
1834;4187,0.437722419929
1835;1556,0.801801801802
1835;221,0.198198198198
3795;2453,1.0
3794;4094,0.5
3794;4095,0.0454545454545
3794;1211,0.454545454545
1839;1840,1.0
3790;4712,0.125
3790;1207,0.875
3792;1083,1.0
4981;3034,0.25
4981;3042,0.5
4981;12,0.25
2155;4364,0.357142857143
2155;4362,0.642857142857
2404;2399,0.736842105263
2404;1192,0.0526315789474
2404;4554,0.210526315789
4982;2943,0.2
4982;3043,0.2
4982;4983,0.6
2150;1761,1.0
2403;4553,1.0
2400;1014,0.2
2400;4550,0.65
2400;4549,0.15
4986;3048,1.0
4989;3051,0.125
4989;1368,0.875
932;3617,0.666666666667
932;3615,0.333333333333
931;3617,1.0
2159;4367,0.854166666667
2159;4366,0.145833333333
2408;1110,0.113924050633
2408;4558,0.291139240506
2408;645,0.594936708861
934;3618,1.0
1954;1955,1.0
1957;713,0.333333333333
1957;1692,0.666666666667
1956;1930,1.0
1953;4257,1.0
1952;4256,1.0
1829;4185,0.5
1829;4461,0.5
1959;1957,1.0
1828;4184,1.0
3249;3370,0.5
3249;432,0.5
3248;183,1.0
3242;1768,0.113636363636
3242;173,0.431818181818
3242;4671,0.454545454545
3241;172,1.0
3240;171,1.0
3247;3352,0.4
3247;181,0.6
3246;179,1.0
3245;154,0.775510204082
3245;178,0.224489795918
828;3570,1.0
3097;3095,0.435643564356
3097;5016,0.564356435644
1536;4012,0.434782608696
1536;469,0.565217391304
1176;3771,1.0
4312;2055,1.0
1480;3516,0.25
1480;3971,0.75
1485;2986,1.0
3309;312,1.0
3304;428,0.454545454545
3304;305,0.545454545455
3305;306,1.0
3302;297,0.833333333333
3302;529,0.0555555555556
3302;530,0.111111111111
3300;164,0.2
3300;287,0.8
3301;296,1.0
797;2750,1.0
1712;4115,1.0
795;797,1.0
1710;4116,0.142857142857
1710;4115,0.857142857143
1717;4118,0.769230769231
1717;4117,0.230769230769
792;3541,1.0
1715;406,1.0
2410;3516,1.0
1719;383,0.529411764706
1719;1715,0.470588235294
1718;4118,1.0
799;3547,0.6
799;3546,0.4
798;797,1.0
4318;4317,0.0714285714286
4318;2064,0.928571428571
1139;1119,1.0
1138;3757,1.0
1133;3771,0.428571428571
1133;722,0.571428571429
1132;3753,0.333333333333
1132;1133,0.666666666667
1131;3753,0.260869565217
1131;1133,0.739130434783
1137;1054,0.285714285714
1137;3756,0.238095238095
1137;3757,0.47619047619
1135;1121,0.5
1135;483,0.5
1134;484,1.0
2419;4563,0.148148148148
2419;4562,0.740740740741
2419;1386,0.111111111111
2418;4563,1.0
1117;1116,0.188405797101
1117;240,0.502415458937
1117;3746,0.309178743961
3018;4963,1.0
3019;4963,0.833333333333
3019;1732,0.166666666667
1994;4994,0.634146341463
1994;769,0.146341463415
1994;3058,0.0975609756098
1994;3054,0.121951219512
2796;1643,1.0
3016;4962,0.333333333333
3016;4961,0.666666666667
3014;2839,0.272727272727
3014;4959,0.363636363636
3014;4958,0.363636363636
519;520,1.0
518;3415,1.0
510;1966,1.0
1005;3665,1.0
1004;4871,1.0
515;516,0.944444444444
515;3371,0.0555555555556
517;3415,0.483870967742
517;3414,0.225806451613
517;520,0.290322580645
623;2873,0.120567375887
623;1909,0.879432624113
622;621,1.0
621;619,1.0
1224;1221,0.5
1224;3804,0.5
627;542,1.0
626;3475,0.454545454545
626;3473,0.545454545455
625;623,1.0
624;623,1.0
4183;1827,1.0
628;3473,0.5
628;3474,0.5
4185;4184,0.307692307692
4185;1829,0.692307692308
4186;2712,0.106382978723
4186;4767,0.893617021277
4349;2118,0.666666666667
4349;840,0.333333333333
4347;371,0.666666666667
4347;2116,0.333333333333
4346;2114,1.0
4342;4360,1.0
4341;2102,0.425531914894
4341;3064,0.574468085106
4340;2101,1.0
2882;4863,0.25
2882;4862,0.5
2882;4861,0.25
2883;4862,0.142857142857
2883;4863,0.857142857143
2880;2879,0.714285714286
2880;2148,0.285714285714
2881;2757,1.0
2886;2889,1.0
2884;4863,0.714285714286
2884;4862,0.285714285714
2885;4864,1.0
2;3132,0.166666666667
2;249,0.166666666667
2;91,0.666666666667
3879;450,0.307692307692
3879;1328,0.692307692308
3870;1285,0.25
3870;2698,0.75
3871;1309,1.0
3872;1310,0.389380530973
3872;386,0.230088495575
3872;2360,0.380530973451
3873;1490,0.128205128205
3873;1311,0.57264957265
3873;3975,0.136752136752
3873;1412,0.162393162393
3874;1409,0.25
3874;1312,0.75
3875;3968,0.185185185185
3875;3969,0.222222222222
3875;1313,0.592592592593
3876;3932,0.333333333333
3876;1319,0.666666666667
3877;959,0.314814814815
3877;1322,0.685185185185
1714;406,0.2
1714;1713,0.8
15;3142,1.0
14;3142,0.428571428571
14;3143,0.142857142857
14;3141,0.428571428571
19;3145,1.0
18;3145,1.0
1922;4238,0.575757575758
1922;809,0.393939393939
1922;4237,0.030303030303
1923;4239,1.0
3904;1371,0.0909090909091
3904;1373,0.909090909091
3905;2104,0.5
3905;1375,0.5
3906;2114,0.222222222222
3906;1376,0.777777777778
3901;4247,0.111111111111
3901;4248,0.296296296296
3901;1367,0.592592592593
3902;1193,0.571428571429
3902;1369,0.428571428571
3271;230,0.285714285714
3271;1807,0.714285714286
3909;4128,1.0
4765;2715,0.967741935484
4765;2719,0.0322580645161
4764;2703,0.263157894737
4764;2714,0.394736842105
4764;4842,0.342105263158
3193;1938,0.277777777778
3193;75,0.644444444444
3193;2576,0.0777777777778
4160;1797,1.0
4169;4175,0.392857142857
4169;1810,0.607142857143
201;3258,0.95
201;123,0.05
200;123,1.0
203;3262,0.125
203;3260,0.875
202;3261,0.04
202;3259,0.96
205;3259,0.3125
205;3262,0.125
205;3260,0.25
205;3261,0.3125
204;3259,0.142857142857
204;3260,0.857142857143
209;211,1.0
684;3510,1.0
1571;1569,0.185185185185
1571;1570,0.814814814815
2238;612,1.0
686;1973,1.0
2230;39,0.210526315789
2230;4427,0.684210526316
2230;4428,0.105263157895
2233;4430,0.5
2233;38,0.5
2232;4428,0.5
2232;4429,0.5
2234;2233,0.5
2234;4431,0.5
2237;4434,0.692307692308
2237;4433,0.307692307692
2236;4433,0.166666666667
2236;2230,0.833333333333
683;685,0.432432432432
683;3510,0.567567567568
229;954,1.0
3496;660,1.0
4609;2495,1.0
3492;2408,0.428571428571
3492;2185,0.0714285714286
3492;654,0.5
3491;652,1.0
2097;1175,0.375
2097;2096,0.625
3658;995,1.0
3659;993,0.650519031142
3659;2461,0.0553633217993
3659;5007,0.294117647059
2093;4335,0.444444444444
2093;2094,0.555555555556
4577;2447,0.25
4577;45,0.75
3655;983,0.964285714286
3655;1631,0.0357142857143
3656;990,1.0
3657;3960,1.0
2099;4338,1.0
225;3267,1.0
3652;4751,0.52
3652;2533,0.48
2527;2526,1.0
2526;2686,1.0
2521;4627,1.0
2520;2489,0.769230769231
2520;2519,0.230769230769
2523;2522,1.0
2529;4628,1.0
2528;2526,1.0
4494;2315,0.333333333333
4494;2744,0.666666666667
2662;4728,1.0
2663;2664,0.346153846154
2663;4729,0.653846153846
4880;2276,1.0
2707;4757,0.8
2707;4756,0.2
2706;4756,0.666666666667
2706;4757,0.333333333333
2700;1922,0.826086956522
2700;4750,0.173913043478
4408;2084,0.666666666667
4408;4409,0.333333333333
4409;1567,0.2
4409;2205,0.8
1827;4183,0.263157894737
1827;1829,0.736842105263
4701;2632,1.0
4401;2197,1.0
4403;2797,1.0
2411;398,1.0
2146;4168,1.0
2144;1159,0.235294117647
2144;2143,0.607843137255
2144;1117,0.156862745098
2143;1183,1.0
2142;2610,0.664705882353
2142;2644,0.188235294118
2142;4358,0.147058823529
2141;4966,0.409090909091
2141;4357,0.325757575758
2141;2643,0.265151515152
4974;3033,1.0
4975;3034,1.0
922;3880,0.5
922;3881,0.166666666667
922;3612,0.333333333333
4977;15,1.0
924;3614,1.0
4971;3030,0.238596491228
4971;2990,0.00701754385965
4971;2789,0.754385964912
2149;295,1.0
2148;295,1.0
1920;4238,0.746031746032
1920;809,0.010582010582
1920;4237,0.243386243386
1921;809,0.75
1921;4238,0.25
3274;3298,0.666666666667
3274;236,0.333333333333
3275;238,1.0
1924;4241,0.125
1924;4240,0.75
1924;4239,0.125
3273;318,0.75
3273;235,0.25
1926;1915,0.5
1926;4242,0.5
1927;4243,1.0
1928;4244,1.0
1929;1300,1.0
3279;309,1.0
832;830,1.0
831;830,1.0
3470;615,0.615384615385
3470;614,0.384615384615
3471;614,0.552631578947
3471;615,0.447368421053
3472;622,0.333333333333
3472;1898,0.555555555556
3472;1197,0.111111111111
3473;626,0.5
3473;889,0.5
838;3578,0.0350877192982
838;3576,0.526315789474
838;3577,0.438596491228
839;3577,0.4
839;3576,0.2
839;3578,0.4
4248;2576,0.047619047619
4248;75,0.428571428571
4248;1938,0.52380952381
3319;2418,0.0434782608696
3319;335,0.95652173913
923;921,0.351351351351
923;922,0.648648648649
4249;1939,0.272727272727
4249;4336,0.727272727273
3310;3004,0.00682593856655
3310;314,0.993174061433
3313;322,0.157894736842
3313;4075,0.842105263158
3314;327,1.0
3317;1559,0.946428571429
3317;333,0.0357142857143
3317;2065,0.0178571428571
785;777,0.445945945946
785;3538,0.0675675675676
785;3539,0.486486486486
786;777,0.424
786;3539,0.576
780;3535,0.25
780;3533,0.75
782;3536,0.0377358490566
782;783,0.962264150943
1729;4126,0.181818181818
1729;4125,0.818181818182
1726;356,0.5
1726;381,0.5
1727;4125,0.462962962963
1727;4124,0.277777777778
1727;4126,0.259259259259
1724;1719,0.75
1724;4123,0.25
1725;214,1.0
1722;344,0.0121951219512
1722;4120,0.182926829268
1722;4121,0.609756097561
1722;107,0.19512195122
789;4450,0.230769230769
789;1588,0.769230769231
1720;383,1.0
1721;107,0.136363636364
1721;344,0.0454545454545
1721;4121,0.363636363636
1721;4120,0.454545454545
468;3391,0.146341463415
468;466,0.585365853659
468;449,0.268292682927
3005;4953,0.666666666667
3005;4952,0.333333333333
3004;4952,1.0
3000;4947,1.0
3003;4106,0.666666666667
3003;4951,0.333333333333
3002;4950,0.488372093023
3002;286,0.447674418605
3002;4201,0.0639534883721
3009;2065,0.0666666666667
3009;1559,0.866666666667
3009;333,0.0666666666667
3008;4850,1.0
1588;1584,0.6
1588;1587,0.4
1589;1549,0.571428571429
1589;4041,0.142857142857
1589;1437,0.285714285714
1370;3899,1.0
1582;4039,0.0909090909091
1582;1583,0.909090909091
1583;1907,1.0
1580;4036,0.8
1580;4038,0.2
1581;2757,1.0
1586;1743,0.625
1586;1817,0.375
1587;691,1.0
1584;1586,1.0
1585;1586,1.0
159;113,0.333333333333
159;158,0.666666666667
1038;1036,1.0
1372;1371,0.934782608696
1372;1373,0.0652173913043
508;506,1.0
509;511,0.5625
509;510,0.4375
1032;1033,1.0
1030;3682,1.0
505;503,1.0
1036;1173,1.0
1034;3684,1.0
1035;562,0.171428571429
1035;3685,0.0857142857143
1035;3684,0.742857142857
1212;3795,0.833333333333
1212;3796,0.166666666667
1213;3796,1.0
1210;1109,1.0
1211;1109,0.588235294118
1211;3794,0.117647058824
1211;3793,0.294117647059
1216;59,0.0151515151515
1216;1215,0.318181818182
1216;3798,0.666666666667
401;3359,0.228571428571
401;109,0.685714285714
401;402,0.0857142857143
636;4186,1.0
1215;1214,0.363636363636
1215;3797,0.636363636364
639;3482,1.0
1218;3802,0.75
1218;3800,0.25
400;3358,0.0769230769231
400;224,0.384615384615
400;204,0.538461538462
4378;793,1.0
4372;3424,1.0
4373;3904,1.0
4370;2163,0.551724137931
4370;4852,0.448275862069
4371;4373,1.0
4377;2170,0.0232558139535
4377;1970,0.976744186047
4374;4376,1.0
465;3797,1.0
2898;4871,0.9
2898;571,0.1
2897;2898,0.227272727273
2897;4870,0.742424242424
2897;2725,0.030303030303
783;3093,0.833333333333
783;2366,0.166666666667
2893;2892,0.0714285714286
2893;2875,0.928571428571
2892;2960,0.031746031746
2892;1317,0.968253968254
1106;1107,0.688311688312
1106;496,0.311688311688
1107;1016,1.0
1104;1124,1.0
1450;3956,0.666666666667
1450;3957,0.25
1450;3958,0.0833333333333
1451;3996,1.0
1452;3956,0.692307692308
1452;3957,0.241758241758
1452;3958,0.0659340659341
1101;285,0.933333333333
1101;3738,0.0666666666667
1459;3960,0.64
1459;3961,0.16
1459;991,0.16
1459;451,0.04
1108;259,0.4
1108;3741,0.6
1109;259,0.111111111111
1109;3742,0.20987654321
1109;3741,0.679012345679
3868;3870,0.5
3868;3871,0.5
4084;1151,0.00558659217877
4084;1656,0.994413407821
4086;1658,0.661157024793
4086;2122,0.181818181818
4086;2866,0.157024793388
4087;2573,0.0363636363636
4087;1666,0.963636363636
3867;2293,1.0
1723;1716,0.454545454545
1723;4122,0.151515151515
1723;1721,0.363636363636
1723;252,0.030303030303
1894;1425,1.0
3736;1099,0.488372093023
3736;931,0.511627906977
1577;929,1.0
1890;1377,0.037037037037
1890;4223,0.962962962963
3732;1093,1.0
1576;4034,0.866666666667
1576;2456,0.133333333333
3917;4050,0.371428571429
3917;1388,0.628571428571
4691;2622,1.0
3915;4563,0.25
3915;1386,0.75
3913;1383,0.206896551724
3913;1491,0.551724137931
3913;1577,0.241379310345
3912;1382,0.56
3912;3935,0.08
3912;3934,0.28
3912;3933,0.08
3911;1381,0.0314465408805
3911;3927,0.572327044025
3911;3928,0.396226415094
4922;2957,1.0
4921;1076,0.666666666667
4921;2956,0.333333333333
3918;628,0.8125
3918;1389,0.1875
2135;1638,1.0
4798;2578,0.0526315789474
4798;2770,0.947368421053
4799;1875,0.8
4799;4800,0.2
2132;2133,0.5
2132;2129,0.5
4791;1835,0.25
4791;2743,0.75
4792;2744,0.96
4792;2315,0.04
4793;2294,1.0
4150;1781,1.0
4156;1077,1.0
4157;1788,1.0
4338;1872,0.4375
4338;2098,0.3125
4338;1100,0.25
4929;2979,0.357142857143
4929;581,0.642857142857
216;2775,0.75
216;2486,0.25
217;216,1.0
214;76,0.488888888889
214;3266,0.422222222222
214;3265,0.0888888888889
215;218,0.740740740741
215;216,0.259259259259
212;76,1.0
213;3266,0.552631578947
213;3265,0.157894736842
213;76,0.289473684211
506;3513,1.0
211;1935,0.5
211;2496,0.5
218;3586,0.153846153846
218;867,0.846153846154
219;1472,1.0
2139;1931,1.0
462;3387,0.666666666667
462;3386,0.333333333333
4;1122,0.417777777778
4;1123,0.582222222222
324;132,0.5
324;323,0.5
3482;4962,0.333333333333
3482;639,0.666666666667
3485;642,1.0
3486;643,1.0
4563;2419,1.0
938;3622,1.0
4560;2411,1.0
4567;2435,0.166666666667
4567;2442,0.833333333333
4566;2859,0.037037037037
4566;2434,0.962962962963
4565;2433,0.829268292683
4565;1418,0.170731707317
3644;584,0.56862745098
3644;970,0.43137254902
3643;2334,0.181818181818
3643;969,0.818181818182
3642;2953,0.681818181818
3642;968,0.257575757576
3642;1849,0.0606060606061
3641;2209,0.0204081632653
3641;966,0.979591836735
3640;1422,0.702702702703
3640;965,0.297297297297
2550;4641,0.4
2550;4640,0.6
60;3180,1.0
61;3182,1.0
2559;4851,0.5
2559;2851,0.5
2396;4547,0.967741935484
2396;422,0.0322580645161
2397;4548,0.375
2397;2396,0.5
2397;2398,0.125
2394;4544,0.5
2394;4545,0.5
2395;4546,1.0
2391;2005,0.1
2391;423,0.9
2399;4549,0.176470588235
2399;4550,0.294117647059
2399;1014,0.529411764706
2778;2779,1.0
5011;3089,1.0
5014;5013,0.181818181818
5014;3092,0.636363636364
5014;2191,0.181818181818
5015;2492,0.777777777778
5015;3032,0.222222222222
5016;3038,0.647058823529
5016;3097,0.352941176471
5018;2007,0.625766871166
5018;3101,0.374233128834
2771;2772,1.0
2775;2769,0.379310344828
2775;2582,0.620689655172
2776;2582,1.0
2777;2775,0.4375
2777;2486,0.5625
1858;4205,0.9375
1858;1748,0.0625
1859;1748,1.0
1850;4197,0.75
1850;4195,0.25
1852;782,1.0
1853;4200,0.153846153846
1853;1854,0.230769230769
1853;1603,0.615384615385
1854;4950,0.25
1854;286,0.25
1854;4201,0.5
1855;1848,1.0
4411;4808,0.913043478261
4411;2532,0.0869565217391
4410;2206,0.75
4410;2701,0.25
2172;793,1.0
2171;791,1.0
2174;4381,0.75
2174;2173,0.25
2175;4382,0.3
2175;4381,0.2
2175;2173,0.5
4967;3025,0.919254658385
4967;2249,0.0807453416149
914;470,0.976744186047
914;2333,0.0232558139535
4965;3023,0.75
4965;2882,0.25
4964;1787,0.133333333333
4964;3061,0.866666666667
4963;3093,0.75
4963;3018,0.25
913;3608,0.285714285714
913;3609,0.428571428571
913;3607,0.285714285714
912;3609,0.75
912;3607,0.25
2604;2418,1.0
2605;1871,1.0
2607;2214,1.0
2601;4674,1.0
2602;1393,0.4
2602;4675,0.6
1420;1428,1.0
1933;4246,1.0
1932;923,0.565217391304
1932;2097,0.434782608696
1931;932,0.5
1931;1932,0.5
3262;3978,0.037037037037
3262;205,0.814814814815
3262;475,0.148148148148
1937;1367,1.0
3267;224,0.290909090909
3267;3357,0.709090909091
1934;4246,0.90243902439
1934;4245,0.0975609756098
3269;226,1.0
3268;225,1.0
1939;4249,0.851851851852
1939;131,0.037037037037
1939;439,0.111111111111
1938;4248,0.344827586207
1938;4247,0.172413793103
1938;1367,0.48275862069
1348;3889,0.333333333333
1348;3887,0.333333333333
1348;3888,0.333333333333
3369;429,0.53
3369;1484,0.22
3369;1582,0.25
847;532,1.0
3466;600,0.848484848485
3466;2074,0.151515151515
843;1851,1.0
842;841,0.333333333333
842;843,0.666666666667
840;3577,0.6875
840;3576,0.125
840;3578,0.1875
1426;1421,0.25
1426;1427,0.403846153846
1426;3944,0.346153846154
849;1958,1.0
848;532,1.0
241;3070,0.4
241;721,0.6
2406;4556,0.1
2406;2404,0.8
2406;1128,0.1
459;374,1.0
2407;2405,0.473684210526
2407;1118,0.157894736842
2407;4557,0.368421052632
1738;231,0.4
1738;1740,0.4
1738;890,0.2
1730;784,1.0
1732;1731,0.0625
1732;784,0.875
1732;4127,0.0625
1737;4128,1.0
753;748,0.827586206897
753;754,0.172413793103
752;3520,1.0
751;3520,1.0
750;3519,0.25
750;3520,0.75
757;3521,0.142857142857
757;738,0.857142857143
756;2445,0.111111111111
756;4576,0.888888888889
3070;203,1.0
3071;1486,1.0
3073;1351,1.0
2958;2650,0.0750605326877
2958;2134,0.924939467312
3075;5006,0.5
3075;996,0.5
2954;4919,0.5
2954;4918,0.5
3079;3085,0.75
3079;68,0.25
2956;4920,0.857142857143
2956;4921,0.142857142857
2957;2605,1.0
2950;4915,1.0
1598;4294,0.0714285714286
1598;1612,0.0714285714286
1598;4046,0.857142857143
2952;4917,0.416666666667
2952;2944,0.583333333333
1025;232,1.0
1024;355,1.0
1027;3680,0.64
1027;3681,0.36
1026;232,0.142857142857
1026;391,0.857142857143
1021;3677,0.285714285714
1021;3678,0.428571428571
1021;1024,0.285714285714
1020;3674,0.333333333333
1020;3675,0.666666666667
1023;1024,1.0
1029;3681,0.529411764706
1029;3680,0.470588235294
1028;3681,1.0
605;606,0.6
605;3469,0.4
4364;2309,0.4375
4364;2156,0.5625
607;606,1.0
1209;3790,0.5
1209;3792,0.5
4360;1616,1.0
603;604,1.0
4362;2154,0.5
4362;2363,0.5
1205;3328,1.0
1204;3328,1.0
1207;3792,0.833333333333
1207;3790,0.166666666667
1206;3328,1.0
609;608,0.205128205128
609;373,0.794871794872
1200;3785,0.95652173913
1200;3786,0.0434782608696
4277;4754,0.310344827586
4277;4753,0.0344827586207
4277;2000,0.655172413793
1217;3799,1.0
3105;5022,0.882352941176
3105;3103,0.117647058824
3101;5018,1.0
3103;5020,1.0
1110;1111,0.306451612903
1110;735,0.693548387097
1113;1152,0.833333333333
1113;3744,0.166666666667
1444;3951,0.666666666667
1444;1442,0.333333333333
1115;240,0.331325301205
1115;3746,0.668674698795
1114;3743,0.707317073171
1114;3745,0.121951219512
1114;1061,0.170731707317
1441;762,0.125
1441;2584,0.875
464;465,0.0666666666667
464;3388,0.933333333333
1119;1120,1.0
1118;3747,1.0
4278;668,0.0588235294118
4278;855,0.941176470588
467;3390,0.547619047619
467;3389,0.452380952381
1449;3958,0.0625
1449;3957,0.458333333333
1449;3956,0.479166666667
4093;935,1.0
4092;4884,0.578947368421
4092;903,0.350877192982
4092;1683,0.0701754385965
4091;2988,1.0
466;3390,0.365853658537
466;3389,0.634146341463
4097;1688,1.0
4095;1686,0.517647058824
4095;1853,0.152941176471
4095;2992,0.329411764706
4094;3002,1.0
2401;1350,0.240740740741
2401;1449,0.203703703704
2401;4551,0.555555555556
4099;1693,1.0
4098;1692,0.153846153846
4098;713,0.846153846154
450;3378,0.129032258065
450;3381,0.774193548387
450;3380,0.0967741935484
460;459,1.0
489;228,1.0
4856;1984,0.142857142857
4856;2859,0.5
4856;2434,0.357142857143
485;426,1.0
484;473,0.666666666667
484;3401,0.166666666667
484;3400,0.166666666667
482;3400,1.0
481;480,0.4
481;3398,0.4
481;3399,0.2
480;592,0.666666666667
480;1546,0.333333333333
4581;2452,1.0
451;3381,0.260869565217
451;3378,0.565217391304
451;3380,0.173913043478
3923;2605,0.712121212121
3923;1394,0.287878787879
3920;4300,0.8
3920;4299,0.2
2302;2893,1.0
3927;3947,0.137931034483
3927;1401,0.344827586207
3927;1411,0.51724137931
3924;521,0.259259259259
3924;1395,0.185185185185
3924;1873,0.555555555556
3928;929,0.757894736842
3928;1402,0.147368421053
3928;4035,0.0947368421053
3929;1407,0.857142857143
3929;1726,0.142857142857
2304;4486,0.166666666667
2304;4485,0.5
2304;2303,0.333333333333
4786;2738,1.0
4784;2784,0.0172413793103
4784;1370,0.0172413793103
4784;2736,0.965517241379
4149;2932,1.0
4142;1890,0.0344827586207
4142;4222,0.413793103448
4142;4224,0.275862068966
4142;1772,0.275862068966
3857;1292,0.809523809524
3857;688,0.190476190476
3854;1673,0.333333333333
3854;1289,0.666666666667
3855;1290,1.0
3853;1288,1.0
3850;1308,0.75
3850;1285,0.25
3851;1286,0.75
3851;4477,0.125
3851;4476,0.125
198;3022,0.212765957447
198;1023,0.787234042553
195;22,0.909836065574
195;3254,0.0901639344262
197;3256,0.395348837209
197;3255,0.46511627907
197;198,0.139534883721
196;3255,0.565656565657
196;3256,0.414141414141
196;198,0.020202020202
191;795,1.0
190;191,0.666666666667
190;3250,0.333333333333
193;192,1.0
192;485,0.75
192;3207,0.25
4558;1346,0.181818181818
4558;2409,0.74025974026
4558;737,0.0779220779221
4559;2410,1.0
3672;1015,0.846153846154
3672;3695,0.153846153846
3673;479,0.297872340426
3673;1017,0.702127659574
3670;1013,1.0
3671;4549,0.2
3671;1014,0.6
3671;4550,0.2
3676;1020,1.0
3677;1021,1.0
3674;1482,1.0
4551;1363,0.780821917808
4551;2401,0.219178082192
2543;620,0.894736842105
2543;269,0.105263157895
2540;2539,0.473684210526
2540;2383,0.526315789474
2381;4535,0.454212454212
2381;4534,0.10989010989
2381;4536,0.435897435897
2383;4538,0.383050847458
2383;2310,0.616949152542
2382;4537,1.0
2384;1924,1.0
2387;4541,1.0
2386;4541,1.0
1102;285,0.142857142857
1102;3738,0.714285714286
1102;3739,0.142857142857
1103;897,1.0
3580;4873,0.666666666667
3580;2899,0.333333333333
5001;3068,0.145454545455
5001;2184,0.527272727273
5001;2904,0.327272727273
5000;2954,0.666666666667
5000;3066,0.333333333333
3584;859,0.888888888889
3584;2117,0.111111111111
5006;1460,0.5
5006;3075,0.5
3586;2491,1.0
3587;1764,1.0
2763;4795,1.0
3669;2397,0.666666666667
3669;2431,0.333333333333
5008;3077,1.0
2767;2723,1.0
3668;2378,0.5
3668;1011,0.5
902;3602,0.0534351145038
902;3600,0.24427480916
902;3601,0.152671755725
902;3599,0.549618320611
245;3346,0.1875
245;380,0.8125
900;3601,0.4
900;3599,0.6
4429;2945,0.5
4429;2232,0.5
904;313,1.0
905;3603,1.0
4422;962,1.0
1842;1841,0.412863070539
1842;4190,0.587136929461
1841;1103,0.0357142857143
1841;4482,0.964285714286
909;3606,1.0
1847;1450,0.4
1847;4194,0.6
1846;4193,1.0
1845;4191,1.0
4425;2352,1.0
4959;2234,0.166666666667
4959;1850,0.333333333333
4959;3014,0.5
2168;4256,1.0
4952;314,1.0
4953;3005,0.9
4953;2972,0.1
2167;4256,1.0
4951;3003,0.125
4951;447,0.875
2617;4688,1.0
2616;2101,1.0
243;241,0.2
243;3278,0.8
1946;4253,0.0333333333333
1946;4254,0.966666666667
3298;3738,0.846153846154
3298;285,0.153846153846
1944;1943,1.0
1908;4230,1.0
3295;4394,1.0
3296;281,1.0
3297;282,1.0
3292;1517,1.0
1901;1899,1.0
3450;580,0.25
3450;3942,0.75
857;3583,0.388888888889
857;860,0.333333333333
857;3584,0.277777777778
3456;362,0.37037037037
3456;586,0.62962962963
3457;206,1.0
3459;2261,1.0
858;3584,1.0
859;3584,0.571428571429
859;3583,0.428571428571
3293;328,0.470930232558
3293;277,0.529069767442
6;1581,1.0
1184;3774,1.0
740;734,0.257142857143
740;743,0.742857142857
741;1572,1.0
742;743,0.5
742;734,0.5
743;561,1.0
746;997,0.473684210526
746;3663,0.526315789474
749;747,1.0
3063;4997,1.0
3062;4996,0.0769230769231
3062;2364,0.923076923077
3061;4990,1.0
3067;2285,1.0
3066;4911,0.8
3066;5000,0.2
2949;1056,1.0
3064;1235,0.875
3064;2520,0.05
3064;4998,0.075
2947;4911,0.150943396226
2947;5000,0.849056603774
2946;2947,0.571428571429
2946;4910,0.321428571429
2946;2242,0.107142857143
2945;892,0.8
2945;4909,0.2
3068;5001,0.666666666667
3068;1334,0.333333333333
2943;4907,0.307692307692
2943;18,0.153846153846
2943;4908,0.538461538462
2941;334,0.318181818182
2941;2538,0.181818181818
2941;1725,0.5
2940;2494,0.278846153846
2940;2058,0.0865384615385
2940;1590,0.634615384615
1050;3694,0.219512195122
1050;3695,0.439024390244
1050;1015,0.341463414634
1051;3696,0.933333333333
1051;3697,0.0666666666667
1052;3696,1.0
1056;3700,0.294117647059
1056;3702,0.294117647059
1056;3701,0.117647058824
1056;3699,0.294117647059
1057;3701,1.0
1058;3702,0.5
1058;3701,0.5
1059;3703,1.0
2917;4884,0.254901960784
2917;903,0.313725490196
2917;1683,0.43137254902
1697;4103,1.0
1694;4098,0.361111111111
1694;4099,0.444444444444
1694;4100,0.194444444444
1695;4101,0.333333333333
1695;4103,0.666666666667
1693;4099,0.0588235294118
1693;4098,0.235294117647
1693;4100,0.705882352941
1691;2359,1.0
4310;280,0.5
4310;2053,0.5
4311;2054,1.0
618;3826,1.0
4313;2056,0.676470588235
4313;2244,0.323529411765
4314;2322,0.75
4314;2057,0.25
4317;2063,0.672413793103
4317;2301,0.293103448276
4317;2291,0.0344827586207
1270;3840,1.0
4319;2451,1.0
610;373,0.8
610;608,0.2
611;613,1.0
616;3471,0.449275362319
616;1897,0.550724637681
617;616,0.1
617;615,0.9
3333;1714,0.878787878788
3333;356,0.030303030303
3333;381,0.0909090909091
3119;5034,0.4
3119;225,0.2
3119;3115,0.4
3117;5032,1.0
3116;5031,0.5
3116;227,0.5
3115;1495,0.5
3115;5030,0.5
3112;3113,1.0
3111;5028,0.181818181818
3111;2997,0.454545454545
3111;1828,0.363636363636
3330;403,0.333333333333
3330;350,0.666666666667
1474;393,0.8
1474;414,0.2
1478;441,1.0
1479;3970,0.0714285714286
1479;540,0.678571428571
1479;1480,0.25
3593;3597,0.12962962963
3593;3598,0.037037037037
3593;883,0.833333333333
1306;3869,1.0
1307;3869,0.25
1307;3868,0.25
1307;3867,0.5
1496;3979,1.0
3334;804,0.222222222222
3334;357,0.611111111111
3334;1466,0.166666666667
1309;3871,0.75
1309;1306,0.25
3590;880,0.6
3590;3593,0.4
4224;1914,0.190476190476
4224;1891,0.809523809524
496;3524,0.642857142857
496;3525,0.357142857143
4227;2081,1.0
4221;1357,1.0
4222;1797,1.0
4223;1772,0.588235294118
4223;1890,0.352941176471
4223;4222,0.0588235294118
24;3150,0.297709923664
24;3149,0.549618320611
24;23,0.152671755725
25;23,0.222222222222
25;3150,0.166666666667
25;3149,0.611111111111
26;19,0.0151515151515
26;3153,0.984848484848
27;3190,1.0
20;3147,1.0
21;1396,1.0
22;1025,1.0
23;3148,0.228571428571
23;3147,0.771428571429
3594;3917,1.0
29;3155,0.0344827586207
29;3156,0.64367816092
29;3154,0.183908045977
29;3157,0.137931034483
3599;401,1.0
3938;2527,1.0
3935;1413,0.272727272727
3935;1408,0.727272727273
3934;1490,0.131147540984
3934;3975,0.245901639344
3934;1311,0.286885245902
3934;1412,0.33606557377
3931;1409,0.277027027027
3931;1312,0.722972972973
3930;1408,1.0
3933;3947,0.361111111111
3933;1411,0.638888888889
3932;1589,0.5
3932;1410,0.5
1705;2416,0.666666666667
1705;2255,0.333333333333
4139;1769,0.377777777778
4139;4137,0.1
4139;4138,0.522222222222
1877;2080,1.0
4131;1742,1.0
4132;1743,0.857142857143
4132;1817,0.142857142857
4133;2811,0.5
4133;1747,0.5
4134;4205,1.0
4135;1781,1.0
3849;1284,0.277777777778
3849;2223,0.166666666667
3849;1149,0.555555555556
1873;4213,0.0847457627119
1873;4212,0.491525423729
1873;4211,0.423728813559
2136;1634,1.0
1870;1869,0.416666666667
1870;1745,0.583333333333
4046;1598,0.153846153846
4046;4045,0.846153846154
4040;1584,1.0
4041;1410,0.333333333333
4041;1589,0.666666666667
4042;4043,1.0
4048;1854,0.263157894737
4048;1603,0.736842105263
3266;213,0.333333333333
3266;382,0.666666666667
7;1601,1.0
3664;1975,0.847826086957
3664;1000,0.152173913043
3667;1727,0.571428571429
3667;4519,0.314285714286
3667;1010,0.114285714286
3666;725,1.0
3661;995,1.0
3660;994,0.75
3660;3662,0.25
3663;998,1.0
3662;996,0.556390977444
3662;5006,0.157894736842
3662;5005,0.285714285714
2280;4463,0.375
2280;4464,0.625
2281;1550,1.0
2284;4468,1.0
2285;1797,1.0
2286;1767,1.0
4548;2397,0.375
4548;2431,0.3125
4548;1012,0.3125
446;133,0.588235294118
446;196,0.392156862745
446;3375,0.0196078431373
4541;2653,0.333333333333
4541;2386,0.166666666667
4541;4848,0.5
2055;4312,0.5
2055;1851,0.5
4545;2394,1.0
4547;2396,0.75
4547;4548,0.25
2057;4314,1.0
2576;299,0.0206896551724
2576;212,0.00344827586207
2576;4657,0.975862068966
2577;4658,0.5
2577;1925,0.25
2577;4659,0.25
4942;2994,0.333333333333
4942;2995,0.666666666667
2572;2373,1.0
2573;1918,1.0
2571;4654,1.0
4826;2812,1.0
2378;2358,1.0
2375;2370,0.903225806452
2375;4532,0.0967741935484
4824;2596,1.0
2594;4668,0.613861386139
2594;1074,0.386138613861
3592;2290,0.333333333333
3592;882,0.666666666667
3591;881,0.75
3591;4483,0.25
4825;2811,1.0
2590;4665,1.0
2591;4666,1.0
3595;626,1.0
2593;2189,0.885714285714
2593;1083,0.114285714286
5036;3124,1.0
5037;2987,1.0
5034;3119,1.0
3598;892,1.0
5032;5033,0.444444444444
5032;1494,0.333333333333
5032;2474,0.111111111111
5032;3117,0.111111111111
5030;3115,1.0
4531;2375,1.0
1876;3470,0.875
1876;4215,0.125
4434;892,1.0
1874;4212,0.269230769231
1874;4213,0.346153846154
1874;4211,0.384615384615
4436;2364,0.571428571429
4436;2241,0.428571428571
4431;2234,1.0
3696;1034,0.5
3696;1051,0.166666666667
3696;1049,0.333333333333
4433;2948,0.166666666667
4433;2236,0.833333333333
1871;4212,0.111111111111
1871;4211,0.888888888889
1607;4052,1.0
4438;2243,0.6
4438;1893,0.4
1082;3725,0.901408450704
1082;3723,0.0985915492958
4945;2997,1.0
4944;1503,0.791666666667
4944;2996,0.0416666666667
4944;4945,0.166666666667
4947;1078,0.666666666667
4947;4965,0.333333333333
4946;2998,1.0
4941;2993,0.0844155844156
4941;3111,0.0194805194805
4941;1827,0.896103896104
970;3644,0.326086956522
970;3646,0.673913043478
4948;3000,1.0
978;3651,0.25
978;3652,0.0555555555556
978;3654,0.694444444444
182;3248,0.0680628272251
182;3249,0.837696335079
182;3247,0.0942408376963
183;3248,0.00684931506849
183;3249,0.842465753425
183;3247,0.150684931507
180;3350,0.6875
180;388,0.1875
180;3351,0.125
181;3249,0.428571428571
181;3247,0.571428571429
186;361,1.0
187;188,0.352112676056
187;186,0.647887323944
184;3249,0.6
184;3247,0.2
184;3248,0.2
2111;1720,1.0
188;1478,0.1
188;1474,0.9
2113;4346,1.0
2114;2115,0.962962962963
2114;4346,0.037037037037
2115;620,1.0
2116;4349,0.369047619048
2116;4348,0.0714285714286
2116;4347,0.559523809524
2117;4349,0.692307692308
2117;4348,0.307692307692
2622;4693,0.962962962963
2622;4691,0.037037037037
1919;4236,0.427480916031
1919;4234,0.572519083969
1918;4234,0.7
1918;4236,0.3
3289;619,1.0
3287;256,0.777777777778
3287;1548,0.222222222222
3286;254,1.0
1913;1331,0.878048780488
1913;4231,0.121951219512
3284;252,0.8
3284;1716,0.2
3283;251,1.0
2112;2676,1.0
3281;91,1.0
3280;3282,1.0
869;871,1.0
1728;4125,0.6
1728;4126,0.4
3449;579,0.487179487179
3449;3453,0.512820512821
3448;3798,1.0
861;3585,0.3
861;862,0.7
3444;146,0.666666666667
3444;1485,0.333333333333
3447;1771,1.0
3446;322,1.0
3441;675,0.466666666667
3441;566,0.133333333333
3441;2721,0.4
864;672,1.0
867;1182,0.285714285714
867;2781,0.714285714286
866;867,0.333333333333
866;3586,0.666666666667
2754;2756,1.0
2027;4297,0.434782608696
2027;4298,0.478260869565
2027;1392,0.0869565217391
2753;2823,0.0697674418605
2753;1434,0.93023255814
2750;2751,0.25
2750;2752,0.75
2751;21,1.0
2028;1392,0.0666666666667
2028;4297,0.266666666667
2028;4298,0.666666666667
2759;4794,1.0
883;880,0.5
883;3593,0.5
882;880,0.428571428571
882;3593,0.387755102041
882;3592,0.183673469388
881;3590,0.666666666667
881;3591,0.333333333333
880;3590,1.0
884;3594,1.0
889;888,0.541666666667
889;3595,0.0416666666667
889;3596,0.416666666667
888;554,1.0
3148;23,0.0833333333333
3148;3149,0.75
3148;3150,0.166666666667
1503;3984,1.0
2147;2106,0.148026315789
2147;4360,0.851973684211
775;3532,0.416666666667
775;3531,0.583333333333
774;3529,0.681818181818
774;773,0.318181818182
777;772,0.1625
777;3532,0.1625
777;3531,0.675
776;772,0.25
776;3531,0.666666666667
776;3532,0.0833333333333
771;773,1.0
770;129,1.0
773;2584,1.0
772;773,0.666666666667
772;3529,0.242424242424
772;3530,0.0909090909091
779;3534,0.333333333333
779;3535,0.233333333333
779;3533,0.433333333333
778;3535,0.296296296296
778;3534,0.148148148148
778;3533,0.555555555556
77;2091,0.756097560976
77;440,0.243902439024
76;3193,0.483870967742
76;3192,0.0967741935484
76;77,0.41935483871
75;3192,0.109489051095
75;77,0.613138686131
75;3193,0.277372262774
2979;4929,1.0
70;3190,1.0
2972;2974,0.142857142857
2972;1663,0.857142857143
3054;879,0.6
3054;3053,0.4
2971;4926,0.444444444444
2971;1662,0.555555555556
3053;1055,0.4
3053;4651,0.6
3050;3049,1.0
3051;4989,1.0
1043;1407,1.0
1042;558,0.177777777778
1042;3689,0.333333333333
1042;3688,0.488888888889
1040;557,0.730769230769
1040;3686,0.153846153846
1040;3687,0.115384615385
1047;3692,1.0
1046;3692,0.390243902439
1046;3693,0.414634146341
1046;3691,0.0487804878049
1046;3690,0.146341463415
1044;1043,1.0
1048;3693,1.0
1681;535,1.0
1680;1912,0.666666666667
1680;1911,0.333333333333
1683;4092,0.232323232323
1683;4091,0.0909090909091
1683;902,0.676767676768
1682;902,1.0
1685;4095,0.666666666667
1685;1211,0.333333333333
1684;4093,1.0
1687;4096,1.0
1686;1211,0.131578947368
1686;4095,0.381578947368
1686;4094,0.486842105263
1689;1691,0.0487804878049
1689;1690,0.951219512195
1688;4097,0.5
1688;3428,0.5
3025;2998,0.455252918288
3025;4967,0.544747081712
1269;1268,1.0
4300;2032,1.0
4307;2043,1.0
669;671,1.0
4304;2851,0.367346938776
4304;4851,0.448979591837
4304;2038,0.183673469388
667;3501,0.142857142857
667;3503,0.857142857143
4308;2051,1.0
661;644,1.0
3021;2379,1.0
3020;4964,1.0
3128;1468,0.697674418605
3128;5042,0.302325581395
1912;2253,0.909090909091
1912;2238,0.0909090909091
3122;5037,0.5
3122;1501,0.5
3123;5038,1.0
3121;5037,1.0
3126;2132,1.0
3124;5039,0.5
3124;634,0.5
1917;4234,0.875
1917;4236,0.0201612903226
1917;4235,0.104838709677
1465;838,0.457142857143
1465;3966,0.114285714286
1465;1464,0.428571428571
520;3416,1.0
1467;1313,0.766666666667
1467;3969,0.0666666666667
1467;3968,0.166666666667
1916;3136,0.364754098361
1916;4233,0.590163934426
1916;4232,0.0450819672131
1461;3963,0.333333333333
1461;3962,0.666666666667
1460;3960,0.428571428571
1460;3961,0.5
1460;991,0.0714285714286
1314;1315,0.0491803278689
1314;1316,0.950819672131
1313;3873,0.259615384615
1313;3874,0.201923076923
1313;3872,0.538461538462
1312;3874,0.151785714286
1312;3872,0.491071428571
1312;3873,0.1875
1312;3875,0.169642857143
1311;3873,0.285714285714
1311;3874,0.271428571429
1311;3875,0.15
1311;3872,0.292857142857
1310;3872,1.0
5028;3111,0.7
5028;1827,0.3
4608;2493,0.785714285714
4608;4616,0.1
4608;4615,0.114285714286
4239;1923,0.846153846154
4239;1921,0.0769230769231
4239;4749,0.0769230769231
4238;4749,1.0
4237;4605,0.00578034682081
4237;1920,0.485549132948
4237;2479,0.508670520231
4236;1919,0.53591160221
4236;276,0.0220994475138
4236;2570,0.0662983425414
4236;1517,0.375690607735
4234;1917,0.393700787402
4234;1516,0.606299212598
4233;1842,0.535714285714
4233;1916,0.464285714286
4232;1915,1.0
2460;429,0.5
2460;1582,0.5
1010;3668,0.363636363636
1010;3666,0.0454545454545
1010;3667,0.590909090909
3445;1111,1.0
863;3585,0.666666666667
863;862,0.333333333333
3948;4143,0.961538461538
3948;1438,0.0384615384615
319;1147,0.25
319;324,0.75
862;1140,0.285714285714
862;1139,0.714285714286
313;3309,0.16975308642
313;3308,0.83024691358
3941;1579,0.25
3941;6,0.75
311;3308,1.0
3944;1425,0.5
3944;4226,0.5
3945;765,0.142857142857
3945;1430,0.857142857143
3946;1785,0.47619047619
3946;1432,0.52380952381
3440;559,0.675675675676
3440;1227,0.283783783784
3440;1225,0.0405405405405
448;3380,0.1
448;3381,0.9
1338;929,1.0
4129;887,0.571428571429
4129;1739,0.428571428571
4123;1725,0.117647058824
4123;334,0.882352941176
4122;1723,0.790697674419
4122;4571,0.093023255814
4122;160,0.116279069767
4121;127,0.32
4121;1722,0.68
1233;2113,0.0952380952381
1233;3084,0.904761904762
4126;4533,0.04
4126;1729,0.84
4126;2376,0.04
4126;1852,0.08
4607;2492,1.0
4124;4519,1.0
443;343,0.8
443;442,0.2
442;1722,1.0
420;419,1.0
4218;1881,0.142857142857
4218;1880,0.714285714286
4218;1064,0.142857142857
1333;3880,0.857142857143
1333;3881,0.100529100529
1333;3612,0.042328042328
4052;4968,0.5
4052;1607,0.5
4051;1606,0.438596491228
4051;1389,0.526315789474
4051;628,0.0350877192982
4050;1605,0.866666666667
4050;877,0.133333333333
4058;1613,0.75
4058;1462,0.25
3270;1232,1.0
3610;969,1.0
2299;1103,0.9
2299;4482,0.1
2298;4480,0.7
2298;4479,0.1
2298;4481,0.2
3616;1932,0.333333333333
3616;932,0.666666666667
3617;933,0.6
3617;4623,0.35
3617;1084,0.05
3618;934,0.345454545455
3618;26,0.654545454545
2292;2258,1.0
2291;4475,0.602564102564
2291;4474,0.320512820513
2291;2289,0.0769230769231
2290;4474,0.285714285714
2290;2289,0.571428571429
2290;4475,0.142857142857
2296;4479,0.888888888889
2296;4480,0.111111111111
2295;4478,0.2
2295;4912,0.8
2294;1286,0.5
2294;4477,0.5
2569;2092,1.0
2568;2779,1.0
2560;4648,1.0
632;3478,1.0
2567;4651,1.0
2566;2188,1.0
2369;4527,0.671428571429
2369;4525,0.128571428571
2369;4526,0.2
2367;4523,0.735294117647
2367;2368,0.0294117647059
2367;446,0.235294117647
2366;4522,0.75
2366;1834,0.25
2365;1834,0.347222222222
2365;4522,0.652777777778
2364;26,1.0
2363;2559,0.666666666667
2363;2558,0.333333333333
2362;2363,0.25
2362;2154,0.75
2360;1467,1.0
2587;4662,0.40625
2587;2586,0.28125
2587;1615,0.3125
2586;4661,0.36
2586;2149,0.64
2585;4661,0.714285714286
2585;2149,0.285714285714
2584;1426,1.0
2583;2495,1.0
2582;215,1.0
5020;5022,0.583333333333
5020;3103,0.416666666667
5022;3105,0.428571428571
5022;3108,0.571428571429
402;2455,1.0
2589;4663,1.0
2588;4663,0.777777777778
2588;4664,0.0740740740741
2588;2590,0.148148148148
1863;1859,1.0
1862;60,1.0
3728;1087,0.875
3728;3736,0.125
3729;1090,0.454545454545
3729;4504,0.545454545455
1867;1384,1.0
1866;2369,0.6
1866;781,0.4
4448;2254,0.842105263158
4448;2256,0.157894736842
1868;1384,0.32
1868;1866,0.52
1868;4209,0.16
3726;4337,1.0
3727;1164,0.0454545454545
3727;3768,0.0909090909091
3727;1086,0.863636363636
3720;1079,0.5
3720;1126,0.5
3722;476,1.0
3723;1082,1.0
964;2334,0.25
964;969,0.75
4931;2981,1.0
4932;581,1.0
967;750,0.0495867768595
967;2942,0.95041322314
4934;2984,0.96
4934;2190,0.04
961;3637,1.0
4936;2988,1.0
963;964,0.166666666667
963;3639,0.833333333333
4938;2789,0.925925925926
4938;2990,0.0740740740741
1613;4058,1.0
969;3643,0.310344827586
969;3642,0.689655172414
2103;2124,0.917562724014
2103;2125,0.0824372759857
2102;4341,0.0747663551402
2102;2103,0.92523364486
2101;2103,0.820512820513
2101;4340,0.153846153846
2101;4341,0.025641025641
2100;4339,1.0
2104;2543,0.307692307692
2104;2542,0.692307692308
30;3157,0.666666666667
30;3156,0.333333333333
2639;4707,0.0185185185185
2639;4708,0.959259259259
2639;2632,0.0222222222222
2633;1094,1.0
2632;1094,0.666666666667
2632;4701,0.333333333333
3438;557,0.555555555556
3438;3686,0.111111111111
3438;3687,0.333333333333
1537;4013,1.0
878;886,0.133333333333
878;3594,0.866666666667
879;3590,1.0
3431;539,1.0
874;875,1.0
3433;541,1.0
3436;547,1.0
871;4723,0.363636363636
871;1843,0.636363636364
2037;4304,0.986301369863
2037;2030,0.013698630137
2036;2033,0.666666666667
2036;2024,0.333333333333
2743;2742,0.666666666667
2743;4791,0.333333333333
2034;4301,0.285714285714
2034;2035,0.714285714286
2744;4878,0.875
2744;4792,0.125
2031;4299,0.428571428571
2031;4300,0.571428571429
2746;2745,1.0
9;2908,0.8125
9;2083,0.1875
3096;5015,0.709677419355
3096;1041,0.290322580645
4847;2847,1.0
4841;3003,0.416666666667
4841;2834,0.416666666667
4841;447,0.166666666667
4842;4958,1.0
2038;4304,1.0
891;3597,0.866666666667
891;883,0.133333333333
892;3597,0.592592592593
892;883,0.222222222222
892;3598,0.185185185185
893;895,1.0
894;895,1.0
895;2940,1.0
897;899,1.0
899;4110,0.2
899;1705,0.8
1249;1734,0.875
1249;1733,0.125
1247;3824,0.625
1247;3823,0.375
3546;800,1.0
3234;4571,1.0
3543;793,1.0
3548;803,0.5
3548;119,0.5
3549;357,0.277777777778
3549;1466,0.333333333333
3549;804,0.388888888889
1964;949,1.0
1617;1955,1.0
1966;1965,1.0
1788;4158,1.0
2967;4923,0.225225225225
2967;4924,0.621621621622
2967;1664,0.153153153153
2966;4923,0.655172413793
2966;4924,0.344827586207
2960;3079,1.0
762;763,0.365853658537
762;761,0.634146341463
763;378,1.0
760;1327,1.0
761;1439,1.0
766;3527,0.5625
766;3528,0.4375
2968;1664,0.137254901961
2968;4923,0.392156862745
2968;4924,0.470588235294
764;763,0.0322580645161
764;761,0.967741935484
1787;4155,1.0
3048;863,0.666666666667
3048;4986,0.111111111111
3048;4985,0.222222222222
3043;4981,0.142857142857
3043;4984,0.142857142857
3043;4982,0.714285714286
1963;1956,1.0
3045;4982,0.916666666667
3045;4984,0.0833333333333
3044;3043,0.444444444444
3044;2943,0.333333333333
3044;4983,0.222222222222
1079;3720,1.0
1076;3717,1.0
1077;3718,1.0
1074;1073,1.0
1073;4757,1.0
1071;3714,0.030303030303
1071;209,0.969696969697
1679;1680,1.0
3030;4971,1.0
1674;4089,1.0
1676;535,1.0
1670;1671,0.777777777778
1670;1672,0.222222222222
1671;1468,0.974683544304
1671;5042,0.0253164556962
1672;4997,0.663551401869
1672;187,0.336448598131
1673;684,1.0
1094;3733,0.5
1094;1021,0.5
1090;3729,1.0
679;3506,0.272727272727
679;3507,0.727272727273
1092;3731,1.0
4339;2312,1.0
675;3504,0.123076923077
675;3505,0.8
675;667,0.0769230769231
676;667,0.0975609756098
676;3505,0.560975609756
676;3504,0.341463414634
4335;4336,0.8
4335;1939,0.2
670;671,1.0
671;839,1.0
672;673,1.0
673;1668,1.0
3134;3982,0.105494505495
3134;1019,0.894505494505
3137;2788,1.0
3136;1924,1.0
3131;0,1.0
3130;1589,0.136363636364
3130;5044,0.136363636364
3130;1410,0.727272727273
933;3617,0.777777777778
933;3615,0.0740740740741
933;3616,0.148148148148
1915;4232,0.166666666667
1915;4233,0.833333333333
1419;3941,1.0
1410;3930,0.239520958084
1410;1319,0.365269461078
1410;3931,0.233532934132
1410;3932,0.161676646707
1411;3935,1.0
1412;1382,0.0434782608696
1412;3934,0.630434782609
1412;3935,0.217391304348
1412;3933,0.108695652174
1413;1382,0.209302325581
1413;3935,0.0813953488372
1413;3934,0.290697674419
1413;3933,0.418604651163
1414;514,1.0
1417;4088,1.0
1322;3877,1.0
1323;3877,0.762711864407
1323;960,0.237288135593
1321;3876,0.409090909091
1321;1320,0.5
1321;413,0.0909090909091
1326;1583,0.666666666667
1326;4039,0.333333333333
1325;409,1.0
1329;4160,0.944444444444
1329;4159,0.0555555555556
2494;785,1.0
4208;990,1.0
4209;1867,1.0
4203;1856,0.875
4203;3013,0.125
4200;1853,0.806451612903
4200;1686,0.193548387097
4201;4200,0.444444444444
4201;1603,0.333333333333
4201;1854,0.222222222222
4204;1857,1.0
4205;3301,0.941176470588
4205;1858,0.0588235294118
1256;3830,1.0
1254;610,0.363636363636
1254;1252,0.0909090909091
1254;3827,0.545454545455
1255;3828,1.0
1252;2123,1.0
1253;1252,0.271604938272
1253;3827,0.246913580247
1253;610,0.481481481481
1522;1512,0.166666666667
1522;4001,0.833333333333
1523;1518,0.2
1523;4001,0.8
1258;3832,0.230769230769
1258;3831,0.576923076923
1258;3830,0.153846153846
1258;3829,0.0384615384615
3959;4140,1.0
3958;1452,0.5
3958;1454,0.5
300;298,0.5
300;3303,0.5
1627;1626,0.459677419355
1627;4065,0.540322580645
3951;421,1.0
3950;1265,0.289473684211
3950;1443,0.710526315789
304;303,1.0
305;3306,0.941176470588
305;3307,0.0588235294118
306;3306,0.333333333333
306;3307,0.666666666667
4116;1712,1.0
4117;1721,1.0
4115;2654,0.666666666667
4115;1711,0.333333333333
4112;1708,1.0
4113;5004,1.0
4110;4448,1.0
4118;2439,1.0
4119;1718,1.0
2978;729,1.0
5010;3080,1.0
2779;271,0.974358974359
2779;2785,0.025641025641
2970;1042,0.148148148148
2970;2975,0.851851851852
4449;2541,0.0357142857143
4449;2259,0.964285714286
4062;1622,0.666666666667
4062;4690,0.333333333333
4063;1623,1.0
4060;1615,0.5
4060;4662,0.5
4061;1616,1.0
4066;4931,0.342105263158
4066;1630,0.657894736842
4065;1627,0.5
4065;2981,0.5
2977;4927,0.5
2977;2245,0.5
78;3194,1.0
3603;3428,1.0
3602;903,0.324561403509
3602;1683,0.228070175439
3602;4884,0.447368421053
3601;4092,0.275362318841
3601;902,0.724637681159
3600;2917,0.25
3600;4940,0.75
3606;909,0.0294117647059
3606;4939,0.970588235294
3604;3926,0.16
3604;3925,0.84
3609;723,0.666666666667
3609;913,0.333333333333
2990;4938,0.231884057971
2990;4939,0.768115942029
5039;1340,0.5
5039;3124,0.5
2353;2348,0.5
2353;2352,0.25
2353;2225,0.25
2351;2349,0.363636363636
2351;4513,0.636363636364
2356;4518,0.346153846154
2356;4517,0.653846153846
4452;2263,1.0
4451;1390,1.0
4457;2273,0.242105263158
4457;2793,0.757894736842
4456;2272,0.4
4456;2343,0.6
3739;4949,0.166666666667
3739;1102,0.833333333333
3738;136,0.375
3738;1435,0.625
3737;1100,1.0
1895;4227,0.863636363636
1895;4228,0.136363636364
3733;4701,1.0
1891;4222,0.363636363636
1891;4224,0.363636363636
1891;1772,0.272727272727
3731;4719,0.2
3731;1092,0.8
3730;1076,0.669421487603
3730;1091,0.330578512397
959;958,0.5
959;956,0.5
958;965,0.764705882353
958;1422,0.235294117647
2134;2129,1.0
4920;4964,1.0
4927;3023,0.93023255814
4927;2882,0.0697674418605
4926;2512,0.12
4926;2689,0.04
4926;3031,0.44
4926;2971,0.4
4924;2965,0.0625
4924;2968,0.9375
951;443,1.0
950;3631,1.0
953;3633,0.5
953;438,0.5
4928;2978,1.0
955;3636,1.0
954;3633,0.470588235294
954;438,0.529411764706
957;3636,1.0
956;3636,0.31914893617
956;3634,0.255319148936
956;3635,0.425531914894
2649;4715,1.0
4801;1182,0.178571428571
4801;2781,0.821428571429
2640;771,0.0125786163522
2640;3027,0.987421383648
2644;4711,1.0
2645;1207,1.0
2780;2491,0.5
2780;866,0.5
3428;536,0.141304347826
3428;3429,0.858695652174
3426;488,0.75
3426;531,0.25
2002;998,0.166666666667
2002;4279,0.833333333333
2000;1998,0.560975609756
2000;1996,0.0243902439024
2000;4277,0.414634146341
4859;2251,1.0
4858;2781,0.0625
4858;2861,0.520833333333
4858;1182,0.416666666667
4857;705,0.666666666667
4857;2860,0.333333333333
4584;2458,1.0
4855;749,0.04
4855;2857,0.96
4853;2855,0.25
4853;2601,0.75
4852;2162,1.0
4851;2853,0.945945945946
4851;1057,0.0540540540541
4582;1212,0.428571428571
4582;2453,0.571428571429
2118;4348,0.363636363636
2118;4349,0.636363636364
4301;2024,1.0
1856;1848,0.25
1856;4204,0.25
1856;4202,0.5
1857;4202,0.478260869565
1857;4203,0.173913043478
1857;1848,0.130434782609
1857;4204,0.217391304348
3555;4601,0.318181818182
3555;2482,0.5
3555;812,0.181818181818
4305;4342,0.888888888889
4305;2041,0.111111111111
3550;822,1.0
2491;4608,0.2
2491;2487,0.8
668;3503,1.0
1263;3836,1.0
2911;139,0.166666666667
2911;182,0.833333333333
2914;2271,0.75
2914;2269,0.25
719;1677,0.5
719;1676,0.5
718;719,1.0
1793;2300,0.470588235294
1793;4338,0.529411764706
1791;1790,1.0
714;1942,0.75
714;1652,0.25
713;714,0.5
713;715,0.5
1796;3067,0.272727272727
1796;301,0.727272727273
1795;1796,1.0
3024;4966,1.0
4966;2593,1.0
1061;3703,1.0
1062;3706,0.75
1062;3708,0.25
4961;3016,0.5
4961;4967,0.5
1669;1668,1.0
1666;4087,0.447368421053
1666;4088,0.552631578947
1665;4926,0.72
1665;1662,0.28
1663;1665,0.780487804878
1663;1660,0.219512195122
1662;1661,0.384615384615
1662;1659,0.615384615385
4435;2046,1.0
1087;3727,0.65671641791
1087;3726,0.164179104478
1087;3728,0.179104477612
1086;3726,0.205882352941
1086;3727,0.132352941176
1086;3728,0.661764705882
1085;3728,0.583333333333
1085;3727,0.333333333333
1085;3726,0.0833333333333
592;100,0.942857142857
592;591,0.0571428571429
1083;3724,0.30303030303
1083;3725,0.69696969697
594;3461,0.354838709677
594;3460,0.322580645161
594;3462,0.322580645161
1081;3722,0.25
1081;243,0.75
1080;3720,1.0
1089;3729,0.0375
1089;1088,0.9625
1088;1145,0.351351351351
1088;1144,0.648648648649
3141;14,0.333333333333
3141;3162,0.666666666667
3142;15,1.0
2828;2476,0.571428571429
2828;2694,0.428571428571
3145;18,0.5
3145;4907,0.5
3146;3153,1.0
3147;4836,0.717391304348
3147;20,0.282608695652
2824;2739,1.0
3149;24,1.0
2821;4834,1.0
2822;20,0.166666666667
2822;4836,0.833333333333
3386;60,1.0
3387;462,0.5
3387;3448,0.5
3380;450,0.888888888889
3380;1862,0.111111111111
3381;3961,0.0555555555556
3381;3960,0.111111111111
3381;451,0.722222222222
3381;991,0.111111111111
3388;1216,0.136363636364
3388;4142,0.295454545455
3388;464,0.568181818182
3389;449,0.266666666667
3389;3391,0.666666666667
3389;466,0.0666666666667
1409;3931,0.222222222222
1409;3932,0.222222222222
1409;1319,0.555555555556
1408;1319,1.0
1403;2540,0.0338983050847
1403;4229,0.966101694915
1402;1381,0.102564102564
1402;3928,0.538461538462
1402;3927,0.358974358974
4437;2947,0.615384615385
4437;4910,0.230769230769
4437;2242,0.153846153846
1406;1403,0.333333333333
1406;1404,0.666666666667
1405;1403,1.0
1404;3021,1.0
4215;1876,1.0
449;3378,0.2
449;3379,0.6
449;3381,0.2
4216;1878,1.0
4210;1871,1.0
4213;1874,0.965517241379
4213;2645,0.0344827586207
4212;1873,0.875
4212;1395,0.0535714285714
4212;521,0.0714285714286
1335;3882,0.923076923077
1335;1336,0.0769230769231
1334;3882,1.0
441;343,1.0
440;379,0.807692307692
440;3373,0.192307692308
447;133,1.0
1330;1793,1.0
445;114,0.0909090909091
445;169,0.863636363636
445;3374,0.0454545454545
444;3374,0.137931034483
444;169,0.655172413793
444;114,0.206896551724
1520;3999,1.0
4623;2513,0.333333333333
4623;4626,0.666666666667
1542;742,1.0
39;14,0.4
39;3161,0.2
39;3162,0.4
38;3162,1.0
3260;477,0.571428571429
3260;203,0.428571428571
32;3154,0.0294117647059
32;3156,0.676470588235
32;3157,0.294117647059
31;3157,0.0952380952381
31;3154,0.333333333333
31;3156,0.380952380952
31;3155,0.190476190476
1541;1540,0.5
1541;1538,0.5
37;3160,0.166666666667
37;33,0.833333333333
36;32,1.0
34;36,0.75
34;3159,0.25
3092;5014,0.75
3092;189,0.25
3093;1846,0.888888888889
3093;3019,0.111111111111
643;629,1.0
1242;3819,0.666666666667
1242;385,0.333333333333
1245;3820,0.391304347826
1245;3821,0.608695652174
644;3488,1.0
3094;5016,0.375
3094;3095,0.625
646;3492,0.285714285714
646;653,0.714285714286
649;3489,1.0
1539;842,1.0
1538;842,1.0
339;282,0.248
339;3321,0.68
339;3320,0.072
1935;4246,1.0
335;336,0.075
335;3318,0.9
335;3319,0.025
337;3318,0.111111111111
337;336,0.333333333333
337;3319,0.555555555556
336;2673,0.980952380952
336;292,0.0190476190476
5003;3071,0.744525547445
5003;1499,0.255474452555
330;3316,0.172413793103
330;329,0.827586206897
332;3317,0.881355932203
332;293,0.118644067797
4101;1695,1.0
4100;1694,1.0
4103;1697,0.108108108108
4103;1693,0.891891891892
2061;430,0.285714285714
2061;3810,0.714285714286
4108;2700,1.0
3377;2834,0.25
3377;447,0.75
3892;1352,0.0238095238095
3892;1165,0.619047619048
3892;4935,0.357142857143
3891;1449,1.0
3897;1361,1.0
1468;3969,0.204545454545
1468;1313,0.568181818182
1468;3968,0.227272727273
2063;4317,0.6
2063;2064,0.4
1464;3965,0.269230769231
1464;1892,0.730769230769
2119;4350,0.304347826087
2119;4351,0.695652173913
1466;3967,0.363636363636
1466;338,0.163636363636
1466;387,0.472727272727
4079;4811,0.666666666667
4079;1643,0.333333333333
4077;2796,1.0
3967;357,0.027027027027
3967;1466,0.945945945946
3967;804,0.027027027027
3964;1463,1.0
3962;3904,1.0
3963;1462,0.75
3963;1613,0.25
3961;3075,0.0416666666667
3961;1460,0.958333333333
3968;178,0.770491803279
3968;154,0.229508196721
3969;1469,0.355555555556
3969;415,0.2
3969;3063,0.444444444444
3638;966,0.5
3638;961,0.5
3637;3877,0.892857142857
3637;960,0.107142857143
3634;3638,1.0
3635;956,0.787234042553
3635;958,0.212765957447
3632;515,1.0
3633;2742,1.0
3630;4223,1.0
236;3274,0.166666666667
236;125,0.833333333333
2345;1290,1.0
2347;2345,0.2
2347;4509,0.15
2347;4510,0.65
4612;4613,0.52380952381
4612;4614,0.238095238095
4612;2499,0.238095238095
2341;4503,0.835748792271
2341;4504,0.164251207729
2340;4504,0.238805970149
2340;4503,0.761194029851
2343;4505,0.421052631579
2343;4506,0.166666666667
2343;2341,0.412280701754
2342;4505,0.485714285714
2342;2341,0.342857142857
2342;4506,0.171428571429
230;3272,0.321428571429
230;3271,0.0357142857143
230;229,0.642857142857
2348;4511,0.5
2348;2347,0.5
4614;2501,0.656565656566
4614;4858,0.262626262626
4614;2497,0.0808080808081
4617;2490,1.0
5005;3076,1.0
2346;4509,0.5
2346;2345,0.5
4468;2284,1.0
4469;2285,1.0
3702;1058,0.666666666667
3702;310,0.333333333333
3703;1059,0.5
3703;395,0.5
3700;1056,0.95
3700;4483,0.05
1884;1883,0.777777777778
1884;4220,0.222222222222
1883;1887,0.666666666667
1883;4221,0.333333333333
1880;4218,1.0
2121;2120,0.578947368421
2121;4351,0.421052631579
2120;4729,0.5
2120;2664,0.5
2123;2417,1.0
2122;4350,0.5
2122;4351,0.5
2125;4352,1.0
2124;3088,0.990291262136
2124;3087,0.00970873786408
2127;2139,1.0
4664;2589,1.0
4917;2949,0.0714285714286
4917;2952,0.642857142857
4917;4318,0.285714285714
4914;4318,0.5
4914;2949,0.5
1084;3725,1.0
4912;2876,0.471698113208
4912;2231,0.0377358490566
4912;2951,0.490566037736
4662;2587,0.5
4662;2588,0.45
4662;1707,0.05
4663;2588,0.416666666667
4663;2587,0.541666666667
4663;1707,0.0416666666667
2659;1916,0.384615384615
2659;4725,0.384615384615
2659;1842,0.230769230769
642;629,0.666666666667
642;3485,0.333333333333
2653;4719,0.5
2653;1092,0.5
2652;4718,1.0
2651;31,0.5
2651;4716,0.5
2650;31,0.046511627907
2650;2649,0.093023255814
2650;4717,0.674418604651
2650;4716,0.186046511628
2655;4721,1.0
2654;4719,0.8
2654;4720,0.2
133;134,0.833333333333
133;3221,0.166666666667
3414;518,1.0
130;2049,0.666666666667
130;2050,0.333333333333
136;3223,1.0
3410;511,0.482558139535
3410;510,0.517441860465
134;197,0.347826086957
134;420,0.652173913043
139;3223,0.129032258065
139;138,0.709677419355
139;3224,0.161290322581
138;168,1.0
3418;904,0.4375
3418;523,0.5625
3419;1639,0.5
3419;1006,0.5
2015;4288,1.0
4863;190,0.5
4863;2884,0.5
2016;2018,0.75
2016;4289,0.25
2010;4283,0.125
2010;4284,0.5
2010;4285,0.375
4864;2883,1.0
2012;2011,1.0
2129;2128,1.0
3034;4977,0.6
3034;3035,0.4
4484;2303,1.0
4485;2304,1.0
4487;2306,0.751798561151
4487;2305,0.248201438849
4481;3060,0.133333333333
4481;2298,0.866666666667
4482;2299,1.0
4483;2301,0.995444191344
4483;2291,0.00455580865604
4488;2304,0.240343347639
4488;2307,0.0600858369099
4488;4487,0.699570815451
4489;28,0.0142857142857
4489;2308,0.985714285714
2903;4876,0.8
2903;1002,0.2
2902;2901,0.204545454545
2902;4875,0.659090909091
2902;678,0.136363636364
2901;4906,0.655172413793
2901;4874,0.344827586207
2907;2594,1.0
2904;277,0.673202614379
2904;328,0.326797385621
705;3515,0.136363636364
705;3514,0.863636363636
706;3514,0.964285714286
706;3515,0.0357142857143
2908;4878,0.75
2908;4792,0.25
88;89,0.333333333333
88;3199,0.666666666667
89;22,0.777777777778
89;3254,0.222222222222
2486;2485,0.153846153846
2486;4603,0.307692307692
2486;4602,0.538461538462
87;89,0.75
87;3199,0.25
84;85,1.0
85;1011,0.333333333333
85;2378,0.666666666667
1658;4084,0.5
1658;4083,0.25
1658;4086,0.178571428571
1658;4085,0.0714285714286
1659;2973,0.947368421053
1659;70,0.0526315789474
1652;1651,1.0
1656;4083,0.136563876652
1656;4084,0.277533039648
1656;4086,0.568281938326
1656;4085,0.0176211453744
1654;1651,1.0
580;3450,0.184210526316
580;3449,0.171052631579
580;3451,0.105263157895
580;3452,0.539473684211
581;3452,0.222222222222
581;3450,0.666666666667
581;3449,0.111111111111
588;587,1.0
3152;27,1.0
3151;26,1.0
3157;69,0.85
3157;32,0.15
3156;4717,0.521739130435
3156;31,0.478260869565
3155;30,1.0
3154;29,0.3
3154;2059,0.7
3159;3083,0.25
3159;35,0.75
2834;4841,0.4375
2834;1269,0.5625
2833;4840,1.0
2831;2832,1.0
3391;4728,0.4375
3391;468,0.5625
3390;467,0.555555555556
3390;3879,0.444444444444
3393;3400,0.5
3393;473,0.5
1435;318,1.0
1432;1433,0.5
1432;3946,0.5
3394;3397,0.428571428571
3394;3396,0.571428571429
1430;3805,0.875
1430;3945,0.125
1431;2522,1.0
3399;201,0.142857142857
3399;481,0.857142857143
1438;3948,1.0
4260;1977,1.0
4261;1977,0.48
4261;1979,0.48
4261;1978,0.04
4262;1978,0.166666666667
4262;1979,0.166666666667
4262;1977,0.666666666667
4263;1982,1.0
1889;4222,0.9
1889;1890,0.1
4267;2734,0.8
4267;1987,0.2
4268;1990,1.0
1341;1280,1.0
1888;1870,1.0
1344;2904,0.6
1344;3068,0.4
1345;1335,1.0
1347;3888,1.0
1887;1199,0.75
1887;1234,0.1875
1887;4604,0.0625
318;124,0.0232558139535
318;319,0.976744186047
1886;1887,1.0
4464;2281,1.0
3706;814,1.0
656;3494,0.444444444444
656;658,0.222222222222
656;3493,0.333333333333
3940;2433,1.0
1500;2061,1.0
1501;3982,1.0
3088;3084,1.0
1504;3985,1.0
312;3308,0.937354988399
312;3309,0.0626450116009
3087;4998,0.666666666667
3087;1235,0.333333333333
1509;799,0.588235294118
1509;1865,0.411764705882
3081;3082,1.0
3080;497,1.0
314;3311,0.00761421319797
314;3310,0.0126903553299
314;3312,0.840101522843
314;315,0.139593908629
1992;4270,1.0
3884;1482,1.0
3887;1346,1.0
3886;1343,0.142857142857
3886;683,0.428571428571
3886;4580,0.428571428571
3881;1333,1.0
3880;1097,0.737804878049
3880;1332,0.262195121951
3883;1337,1.0
3888;1347,1.0
4916;2951,1.0
947;4660,0.265060240964
947;2580,0.734939759036
4666;976,0.5
4666;2591,0.5
4915;3044,0.5
4915;4473,0.5
942;3626,1.0
940;942,0.275
940;3627,0.075
940;3624,0.625
940;833,0.025
4911;2947,0.461538461538
4911;4910,0.5
4911;2242,0.0384615384615
4001;1522,0.833333333333
4001;4995,0.166666666667
322;194,1.0
323;1017,0.2
323;479,0.8
320;3312,1.0
3972;1482,1.0
3977;5033,1.0
325;3314,1.0
3365;4176,0.75
3365;421,0.25
3624;3625,0.714285714286
3624;940,0.0952380952381
3624;3623,0.190476190476
1340;3884,0.25
1340;3885,0.25
1340;455,0.5
3626;3624,0.777777777778
3626;833,0.037037037037
3626;3627,0.148148148148
3626;942,0.037037037037
2331;2329,1.0
4716;2134,0.685714285714
4716;2650,0.314285714286
4717;2060,0.222222222222
4717;4804,0.555555555556
4717;2651,0.222222222222
2334;1541,1.0
2336;3049,1.0
4718;2652,0.145833333333
4718;4719,0.854166666667
4719;4848,0.5
4719;2653,0.5
2537;2121,0.25
2537;2536,0.0416666666667
2537;4635,0.625
2537;4633,0.0833333333333
2959;1577,1.0
3715;1074,0.166666666667
3715;4668,0.833333333333
4120;1721,1.0
946;944,0.421686746988
946;3629,0.301204819277
946;3628,0.277108433735
3718;3061,1.0
4479;4502,0.966666666667
4479;2296,0.0333333333333
4478;882,0.875
4478;2295,0.125
4125;1728,0.863636363636
4125;2358,0.136363636364
2955;4920,1.0
4475;2063,0.0483870967742
4475;2301,0.241935483871
4475;2291,0.709677419355
4474;2290,1.0
4477;2748,1.0
4909;2945,0.51724137931
4909;2232,0.48275862069
4908;2944,0.636363636364
4908;4917,0.363636363636
2488;4603,0.0975609756098
2488;4602,0.682926829268
2488;2485,0.219512195122
2489;1234,1.0
4901;2934,0.711538461538
4901;4903,0.288461538462
2487;4602,1.0
2484;812,1.0
2485;3038,1.0
2483;812,0.142857142857
2483;2482,0.714285714286
2483;4601,0.142857142857
2480;4628,0.5
2480;4629,0.5
2951;4915,1.0
52;1703,0.5
52;3175,0.5
2241;4436,0.333333333333
2241;4437,0.666666666667
2242;4437,0.25
2242;4436,0.75
2243;4438,0.1
2243;4437,0.7
2243;4436,0.2
995;3660,0.298701298701
995;3661,0.233766233766
995;3659,0.467532467532
994;3661,0.354838709677
994;3660,0.161290322581
994;3659,0.483870967742
997;4906,0.631578947368
997;4874,0.368421052632
996;994,0.558823529412
996;3662,0.441176470588
991;3630,0.6
991;3656,0.4
2462;990,0.5
2462;4586,0.5
992;3658,1.0
999;981,1.0
998;997,0.684210526316
998;3663,0.315789473684
3401;484,0.111111111111
3401;1031,0.888888888889
121;153,1.0
123;3216,0.333333333333
123;3219,0.666666666667
124;3216,1.0
125;3219,0.2
125;3216,0.8
126;375,0.529411764706
126;359,0.470588235294
127;126,0.988847583643
127;128,0.0111524163569
128;459,0.777777777778
128;3385,0.222222222222
129;3220,0.987654320988
129;130,0.0123456790123
945;3629,1.0
4875;2903,0.0285714285714
4875;2900,0.428571428571
4875;2902,0.542857142857
3416;1395,0.5
3416;1873,0.25
3416;521,0.25
4877;2737,1.0
4876;2897,0.9
4876;2902,0.04
4876;2900,0.06
4871;2725,0.0243902439024
4871;4870,0.975609756098
4872;2716,0.375
4872;4873,0.625
2069;4319,1.0
2060;2059,1.0
2793;1516,1.0
2790;1741,0.714285714286
2790;4806,0.285714285714
2791;4807,1.0
2064;2952,0.461538461538
2064;2949,0.192307692308
2064;4318,0.346153846154
2065;2067,0.666666666667
2065;2066,0.333333333333
135;3221,0.5
135;134,0.5
1182;1180,0.857142857143
1182;266,0.142857142857
3579;843,1.0
3578;2118,1.0
3574;832,1.0
3577;839,0.911764705882
3577;2415,0.0882352941176
3571;829,1.0
3570;832,1.0
3573;831,1.0
2666;4731,0.827956989247
2666;2667,0.172043010753
2667;2966,0.769230769231
2667;2964,0.230769230769
2664;2667,0.373333333333
2664;4731,0.626666666667
2665;4730,1.0
4493;2313,1.0
4492;2312,0.772727272727
4492;2313,0.227272727273
2660;4726,1.0
4490;2156,0.136752136752
4490;2309,0.863247863248
1748;4134,0.8
1748;4133,0.2
2668;1657,0.714285714286
2668;4732,0.142857142857
2668;2661,0.142857142857
2669;4733,0.344827586207
2669;857,0.218390804598
2669;1655,0.436781609195
1397;3926,0.363636363636
1397;3925,0.636363636364
2933;1261,1.0
941;3625,1.0
3799;267,1.0
3798;464,0.169811320755
3798;1216,0.830188679245
1641;4076,1.0
1640;4076,1.0
1643;1523,0.5
1643;1640,0.5
1648;853,0.375
1648;1647,0.625
1742;4130,0.333333333333
1742;281,0.555555555556
1742;4131,0.111111111111
4365;1966,1.0
579;3449,0.171428571429
579;3450,0.714285714286
579;3451,0.114285714286
578;770,1.0
604;1508,1.0
573;3446,1.0
572;3446,1.0
571;570,1.0
577;3054,0.333333333333
577;3058,0.666666666667
576;578,1.0
574;3448,1.0
601;3468,1.0
3162;39,0.8
3162;4428,0.2
3161;38,0.5
3161;4430,0.5
1848;4196,0.666666666667
1848;4195,0.333333333333
2154;4362,0.526315789474
2154;4364,0.473684210526
1423;1066,1.0
3368;1035,1.0
4363;4370,1.0
4980;12,1.0
3364;416,0.166666666667
3364;2012,0.833333333333
1428;3945,0.852941176471
1428;3805,0.147058823529
3366;1847,0.0612244897959
3366;4547,0.163265306122
3366;422,0.775510204082
3367;423,1.0
3360;106,0.742857142857
3360;411,0.257142857143
3361;1320,0.925373134328
3361;413,0.0746268656716
3363;3063,0.666666666667
3363;1469,0.333333333333
2157;690,1.0
735;3445,1.0
2402;4552,1.0
4984;15,0.166666666667
4984;3045,0.666666666667
4984;3036,0.166666666667
1359;2359,1.0
1358;3896,1.0
469;471,1.0
4276;891,0.132352941176
4276;1999,0.632352941176
4276;3059,0.235294117647
4274;4755,0.15
4274;1997,0.85
1353;152,1.0
1352;3892,1.0
1351;917,1.0
2153;894,1.0
1356;1790,1.0
608;2543,0.5
608;2542,0.5
4862;2883,1.0
4988;2297,1.0
4861;2882,0.75
4861;3023,0.25
4885;2626,0.175438596491
4885;2918,0.824561403509
1519;3996,1.0
2013;2011,1.0
1515;3994,1.0
1517;304,0.705882352941
1517;3995,0.294117647059
4865;2887,1.0
1513;3991,1.0
3439;558,0.625
3439;3688,0.375
3129;1410,0.619047619048
3129;5043,0.190476190476
3129;1589,0.190476190476
3180;1215,1.0
3181;60,1.0
3397;477,0.363636363636
3397;203,0.636363636364
4019;1553,0.0697674418605
4019;4642,0.93023255814
4013;1537,0.3
4013;1977,0.7
4017;1551,1.0
3396;1081,0.107142857143
3396;476,0.892857142857
357;3333,0.05
357;3334,0.2
357;3335,0.75
356;3333,0.945945945946
356;90,0.0540540540541
355;354,0.884615384615
355;3332,0.115384615385
354;289,0.491228070175
354;419,0.508771929825
353;354,0.45652173913
353;3332,0.54347826087
351;3331,0.553571428571
351;352,0.446428571429
3986;4140,1.0
3980;1497,1.0
3981;1498,0.484848484848
3981;941,0.515151515152
3982;5036,1.0
358;3333,0.0579710144928
358;3334,0.405797101449
358;90,0.217391304348
358;3335,0.31884057971
2008;4284,1.0
2325;515,0.333333333333
2325;952,0.666666666667
2324;2325,1.0
4709;1526,1.0
4708;2639,0.138755980861
4708;1242,0.277511961722
4708;165,0.583732057416
289;288,0.979057591623
289;3300,0.020942408377
288;433,0.829268292683
288;4465,0.030487804878
288;1550,0.140243902439
281;3294,0.555555555556
281;3296,0.444444444444
1443;1224,0.240740740741
1443;3950,0.0555555555556
1443;3949,0.703703703704
283;523,0.564102564103
283;904,0.435897435897
282;254,1.0
285;236,0.526054590571
285;3298,0.444168734491
285;3299,0.029776674938
284;283,1.0
287;288,0.666666666667
287;3300,0.333333333333
286;3298,0.75
286;236,0.25
3760;1149,0.533333333333
3760;2223,0.133333333333
3760;1284,0.333333333333
3761;3796,1.0
3765;2695,0.428571428571
3765;1309,0.285714285714
3765;1157,0.285714285714
3768;1089,1.0
3769;1165,1.0
1116;1183,1.0
261;1178,1.0
260;258,0.603896103896
260;3288,0.396103896104
267;3289,1.0
266;263,0.5
266;265,0.5
1561;4024,1.0
1031;3683,0.888888888889
1031;3682,0.111111111111
268;1898,1.0
2499;4611,0.347826086957
2499;4612,0.391304347826
2499;2009,0.260869565217
2498;4611,0.435483870968
2498;4612,0.0161290322581
2498;2009,0.548387096774
1893;4226,1.0
4642;2551,0.141592920354
4642;2562,0.858407079646
2490;2479,1.0
2493;4608,0.142857142857
2493;4607,0.114285714286
2493;4606,0.0142857142857
2493;2487,0.728571428571
2492;4607,0.5
2492;4608,0.333333333333
2492;2487,0.166666666667
2495;4609,0.0588235294118
2495;4610,0.941176470588
4647;1554,1.0
2497;217,0.136363636364
2497;4609,0.5
2497;4610,0.363636363636
2496;4609,0.333333333333
2496;217,0.333333333333
2496;4610,0.333333333333
4424;4359,0.8
4424;2224,0.2
1294;3426,1.0
2257;4494,0.16
2257;2314,0.84
2256;4243,1.0
2255;2254,0.479166666667
2255;2256,0.520833333333
2253;2239,0.178571428571
2253;2252,0.821428571429
3682;1030,0.5
3682;177,0.5
3224;181,0.5
3224;137,0.5
2196;4401,0.207373271889
2196;4400,0.529953917051
2196;4399,0.26267281106
980;3654,1.0
981;982,0.928571428571
981;3655,0.0714285714286
984;985,1.0
115;3226,1.0
2198;4402,1.0
117;157,0.0478468899522
117;3233,0.952153110048
111;110,0.51012145749
111;3213,0.48987854251
110;3253,0.151898734177
110;192,0.215189873418
110;3252,0.632911392405
113;115,0.75
113;3214,0.25
112;115,0.903225806452
112;3214,0.0967741935484
118;120,0.041394335512
118;121,0.958605664488
3432;3970,0.5
3432;1480,0.1
3432;540,0.4
2784;2601,1.0
2781;2780,1.0
4805;2990,1.0
4806;2790,0.65
4806;2795,0.3
4806;2192,0.05
4807;2686,0.727272727273
4807;2791,0.272727272727
4808;2770,0.384615384615
4808;2792,0.615384615385
4809;1418,1.0
952;3632,0.0645161290323
952;438,0.935483870968
1590;1008,1.0
3509;681,1.0
3501;666,0.266666666667
3501;3848,0.733333333333
3502;3504,0.16
3502;667,0.08
3502;3505,0.76
3504;675,0.7
3504;2721,0.05
3504;566,0.25
3505;676,0.225806451613
3505;4278,0.0645161290323
3505;2002,0.709677419355
3506;677,1.0
3507;2901,1.0
2671;2119,0.5
2671;4734,0.166666666667
2671;4735,0.333333333333
2670;2119,0.84375
2670;4734,0.1171875
2670;4735,0.0390625
2673;2672,1.0
2672;2941,0.833333333333
2672;1720,0.166666666667
2675;2673,1.0
2565;2566,1.0
488;849,0.94495412844
488;850,0.0550458715596
3685;427,0.0384615384615
3685;1035,0.961538461538
3214;87,1.0
1987;1989,0.5
1987;4267,0.5
3210;411,0.75
3210;106,0.25
1980;852,0.0909090909091
1980;1648,0.909090909091
3213;109,0.538461538462
3213;402,0.461538461538
1638;1513,1.0
3218;319,0.8
3218;124,0.2
3219;125,0.75
3219;3274,0.25
1988;1989,1.0
2909;4792,0.272727272727
2909;4878,0.727272727273
2814;2812,1.0
2811;4827,0.0952380952381
2811;4825,0.904761904762
2812;4826,1.0
560;2527,0.975609756098
560;1416,0.0243902439024
561;563,1.0
562;3524,1.0
563;564,1.0
564;568,0.666666666667
564;487,0.333333333333
565;564,1.0
566;3441,1.0
567;745,1.0
3179;58,1.0
3170;3836,1.0
3175;52,1.0
3174;40,1.0
1188;1191,1.0
3378;448,1.0
1186;2401,0.942307692308
1186;1363,0.0576923076923
3376;736,0.157894736842
3376;1822,0.842105263158
3375;2368,0.0833333333333
3375;446,0.916666666667
1185;1141,0.318077803204
1185;3775,0.681922196796
3373;131,1.0
1183;3774,1.0
1181;1180,0.924242424242
1181;266,0.0757575757576
726;727,1.0
727;720,1.0
725;727,1.0
722;418,1.0
4391;3068,0.0545454545455
4391;2904,0.636363636364
4391;2184,0.309090909091
1744;2881,1.0
1745;1372,1.0
1747;1749,0.25
1747;4133,0.25
1747;4134,0.5
1740;4435,1.0
1741;4131,0.315789473684
1741;4130,0.131578947368
1741;281,0.552631578947
728;457,0.5
728;145,0.333333333333
728;3443,0.166666666667
1743;4132,0.192307692308
1743;596,0.115384615385
1743;3410,0.692307692308
1164;2424,0.75
1164;2422,0.25
1165;1166,0.214285714286
1165;543,0.785714285714
1166;3770,0.0555555555556
1166;3814,0.388888888889
1166;3134,0.555555555556
1167;1032,1.0
1161;1160,1.0
640;3483,1.0
1163;1086,0.545454545455
1163;3768,0.454545454545
4246;1935,0.857142857143
4246;2496,0.142857142857
4244;1973,0.371929824561
4244;1928,0.571929824561
4244;2749,0.0561403508772
4245;437,0.944444444444
4245;1934,0.0277777777778
4245;4790,0.0277777777778
4242;1926,1.0
4243;1927,0.0909090909091
4243;1915,0.545454545455
4243;4242,0.363636363636
4240;1924,0.0625
4240;8,0.9375
2035;2015,0.333333333333
2035;2034,0.666666666667
1488;3974,1.0
47;3172,1.0
40;3164,1.0
41;3164,1.0
1568;4029,1.0
1569;4187,1.0
476;242,0.0487804878049
476;3396,0.146341463415
476;3397,0.634146341463
476;474,0.170731707317
1290;3853,0.6
1290;3856,0.4
1291;3853,0.25
1291;3856,0.5
1291;3854,0.25
1566;4029,1.0
474;3393,0.142857142857
474;3394,0.857142857143
591;365,0.0769230769231
591;590,0.923076923077
1711;4116,1.0
2551;4642,1.0
1716;4117,1.0
4399;1571,0.147239263804
4399;2195,0.852760736196
4390;2183,0.580524344569
4390;2343,0.2734082397
4390;2272,0.14606741573
4849;2849,1.0
1201;2186,1.0
4393;2189,1.0
4394;2984,0.833333333333
4394;2190,0.166666666667
472;3394,0.432432432432
472;3395,0.189189189189
472;3393,0.378378378378
473;3393,1.0
3194;3196,0.875
3194;78,0.125
1362;655,0.266666666667
1362;1399,0.733333333333
477;242,0.0740740740741
477;474,0.111111111111
477;3397,0.37037037037
477;3396,0.444444444444
1446;3953,0.379746835443
1446;3954,0.620253164557
1865;1327,1.0
479;3399,0.428571428571
479;3398,0.142857142857
479;480,0.428571428571
1368;3902,0.5
1368;300,0.225
1368;3901,0.275
1369;3902,0.444444444444
1369;300,0.444444444444
1369;3901,0.111111111111
