452;4117,0.666666666667
452;4116,0.333333333333
4025;268,1.0
4788;4765,1.0
3259;5750,1.0
1940;5038,1.0
1527;4802,1.0
3852;6099,1.0
3853;3852,1.0
3851;3694,0.8
3851;319,0.2
812;811,1.0
235;4011,1.0
2914;1370,1.0
1399;4714,1.0
2918;5545,0.333333333333
2918;5562,0.666666666667
1791;1788,1.0
1621;4848,1.0
1794;4939,1.0
1490;4771,1.0
5460;5463,1.0
3330;2573,1.0
1494;4775,1.0
3336;1700,1.0
3335;134,1.0
3334;3333,1.0
6097;619,1.0
5308;5611,1.0
5261;2331,1.0
2316;5250,0.333333333333
2316;5249,0.666666666667
1996;5075,1.0
1064;949,1.0
292;293,1.0
1662;4873,1.0
2708;1724,1.0
1660;1659,1.0
3773;6035,1.0
3140;2453,1.0
4578;1326,0.5
4578;1173,0.5
4657;1316,1.0
4656;2097,1.0
4650;1299,1.0
3673;3099,0.5
3673;3672,0.5
3670;3440,0.111111111111
3670;2937,0.888888888889
3671;2941,1.0
3674;215,1.0
3386;862,1.0
3385;5829,0.5
3385;5828,0.5
3382;3379,1.0
5412;2651,1.0
3028;3026,1.0
3026;3027,1.0
2549;5360,1.0
3020;5595,1.0
1403;4717,1.0
2260;5220,1.0
2261;2260,1.0
1010;4454,1.0
1630;4855,1.0
449;4106,0.666666666667
449;4114,0.333333333333
2446;5027,1.0
2447;1076,1.0
3586;5949,1.0
2445;2446,1.0
2766;5032,1.0
445;444,0.666666666667
445;442,0.333333333333
108;3949,0.333333333333
108;3951,0.666666666667
4351;859,1.0
4810;1538,1.0
4817;4820,1.0
2043;5111,0.25
2043;5108,0.75
2040;2014,1.0
1458;5379,1.0
1847;6097,1.0
1844;4973,0.333333333333
1844;1842,0.666666666667
1240;4606,1.0
1242;4607,1.0
6073;6074,1.0
3097;2727,1.0
1247;4609,1.0
1530;4804,1.0
437;1170,0.25
437;2297,0.75
2496;2497,1.0
1539;4809,1.0
2617;5393,1.0
2614;5391,1.0
338;339,1.0
335;334,1.0
4082;366,1.0
2618;5396,1.0
4101;2733,0.333333333333
4101;397,0.666666666667
3378;5823,1.0
4843;1604,1.0
5139;2086,0.5
5139;5140,0.5
4106;4105,1.0
1906;5016,1.0
3295;3294,1.0
5135;1972,1.0
2087;5141,1.0
3292;5778,1.0
858;4350,1.0
3377;3376,1.0
3899;3646,0.6
3899;1983,0.2
3899;1984,0.2
6;780,1.0
3892;6123,1.0
3893;6124,1.0
2275;5232,1.0
96;1484,1.0
4174;517,1.0
6115;3877,0.5
6115;14,0.5
5180;5179,1.0
1620;848,1.0
5186;2197,1.0
1624;4851,1.0
1629;4854,1.0
5189;5191,1.0
5810;1719,1.0
2863;5516,1.0
2864;5517,1.0
2866;2864,1.0
6111;3783,1.0
3634;3901,1.0
550;549,1.0
3631;3632,1.0
2948;2945,1.0
4610;5349,0.5
4610;1940,0.5
2945;5561,0.5
2945;5545,0.5
4612;1250,1.0
230;228,1.0
4613;2268,1.0
2941;1380,0.5
2941;2940,0.5
2940;2936,1.0
2347;3075,1.0
3349;5809,0.2
3349;998,0.4
3349;3675,0.4
2340;5270,1.0
6109;3870,1.0
5350;1352,1.0
3342;5804,1.0
1190;4587,1.0
6101;3854,1.0
6100;230,0.5
6100;3853,0.5
1754;4923,0.1
1754;1741,0.9
1752;1746,1.0
4258;644,0.666666666667
4258;662,0.333333333333
144;3978,1.0
1174;1523,1.0
1173;4578,1.0
1170;4576,1.0
611;4231,1.0
4255;184,1.0
3348;36,0.333333333333
3348;3376,0.666666666667
998;4447,0.666666666667
998;4446,0.333333333333
5530;2961,1.0
4500;2294,1.0
4469;4682,0.333333333333
4469;1028,0.666666666667
3702;1461,1.0
4464;1023,1.0
4462;5421,1.0
3707;2768,0.333333333333
3707;3498,0.666666666667
1285;2027,1.0
2120;5158,1.0
1287;1285,1.0
4918;112,1.0
949;4408,1.0
4916;1759,0.5
4916;1739,0.5
4913;1736,1.0
4910;1733,1.0
4911;1734,1.0
1579;4830,1.0
2539;5030,1.0
685;4277,1.0
2531;5350,1.0
3351;1720,1.0
682;764,1.0
5175;2049,1.0
5178;2171,1.0
3416;5847,1.0
132;3971,0.666666666667
132;3974,0.333333333333
4229;1891,1.0
5747;3256,1.0
490;1507,1.0
5077;2001,1.0
24;25,1.0
26;37,1.0
3799;5026,1.0
3791;6051,1.0
407;4114,0.25
407;4106,0.75
4982;1857,1.0
2403;5300,1.0
2745;5452,1.0
4860;5539,1.0
2159;5175,1.0
408;4105,0.2
408;4107,0.4
408;407,0.4
3835;6082,1.0
3831;3835,1.0
3832;3833,1.0
1344;3236,1.0
4030;2121,1.0
5992;3676,1.0
3248;2709,1.0
3567;3566,0.5
3567;1643,0.5
3564;2646,1.0
4154;497,1.0
2112;5156,1.0
4392;1400,1.0
828;4341,1.0
1511;4790,1.0
5699;3180,1.0
377;4092,1.0
2902;5539,1.0
396;4101,0.5
396;4100,0.5
1484;3125,1.0
3305;1302,1.0
5491;2635,1.0
2309;2310,1.0
5250;2316,1.0
5258;5485,0.25
5258;2326,0.5
5258;2529,0.25
5310;2420,1.0
5840;2625,1.0
586;1017,1.0
1739;4836,1.0
3661;3197,1.0
2281;2677,1.0
975;4430,1.0
3741;6014,1.0
245;2207,1.0
4624;4625,0.333333333333
4624;4626,0.333333333333
4624;1265,0.333333333333
242;2212,1.0
3210;1791,1.0
1983;1982,1.0
1436;4735,1.0
3395;5833,1.0
3397;3305,1.0
2272;5229,1.0
3311;3310,1.0
3398;5835,1.0
2574;3874,1.0
5941;3576,1.0
2279;5234,1.0
2573;1345,1.0
1438;4740,0.5
1438;4739,0.5
1009;4452,1.0
517;5793,1.0
516;4171,0.5
516;4173,0.5
4260;1729,1.0
2595;5378,0.25
2595;73,0.75
2596;5379,1.0
627;4244,1.0
2591;5376,1.0
5039;1942,1.0
450;395,1.0
451;4115,1.0
629;624,1.0
2456;2782,1.0
5032;1927,0.5
5032;5031,0.5
1734;4912,1.0
4430;2716,1.0
176;175,1.0
173;3989,1.0
5548;2921,0.5
5548;2946,0.5
974;971,1.0
971;4425,1.0
3695;3853,1.0
4820;2942,1.0
2118;2622,1.0
6047;3786,1.0
6045;3734,1.0
3087;5635,1.0
2625;2624,1.0
3871;6110,1.0
2088;5140,1.0
3876;6115,1.0
3877;6115,1.0
5108;2042,1.0
5893;3506,1.0
5894;3503,1.0
5103;5105,1.0
6048;3811,1.0
5104;5105,1.0
5105;2497,1.0
14;5253,1.0
861;4351,1.0
5715;3215,1.0
1282;1284,0.5
1282;4637,0.5
5713;6013,1.0
3440;3299,1.0
5711;6050,1.0
5710;3204,1.0
2020;5094,1.0
2022;5098,1.0
1976;3912,0.5
1976;5060,0.5
882;4368,1.0
3906;1818,1.0
943;4402,0.5
943;4403,0.5
5212;5710,1.0
4557;1398,1.0
4769;5658,1.0
4768;4769,1.0
941;4380,1.0
5218;2239,1.0
1969;4380,1.0
1618;3444,1.0
1619;4848,1.0
1616;1243,1.0
1617;1243,1.0
1966;5951,0.5
1966;5952,0.5
1615;1612,1.0
5191;2202,1.0
2538;2389,0.666666666667
2538;2520,0.333333333333
5809;3348,1.0
321;4055,1.0
324;235,1.0
329;4060,0.5
329;3798,0.5
5804;5807,0.333333333333
5804;3342,0.666666666667
3474;5877,0.333333333333
3474;5908,0.666666666667
207;670,1.0
209;1773,1.0
208;207,1.0
3625;3624,0.5
3625;3623,0.5
75;3943,0.666666666667
75;74,0.333333333333
74;3409,0.333333333333
74;3590,0.666666666667
73;3943,0.333333333333
73;74,0.666666666667
3350;3348,0.857142857143
3350;3349,0.142857142857
71;458,1.0
3056;732,1.0
2547;5359,1.0
3055;2120,0.5
3055;585,0.5
4714;1398,1.0
2331;1652,1.0
5360;3089,0.5
5360;2548,0.5
1040;1038,1.0
3029;3026,1.0
1045;2807,1.0
2338;1218,1.0
2544;2546,1.0
4719;1405,1.0
1681;4885,1.0
1776;1966,1.0
4303;723,1.0
5093;1049,0.5
5093;2046,0.5
668;764,1.0
3496;3054,1.0
1267;4626,1.0
1265;1264,1.0
3491;5888,1.0
4479;4664,1.0
4478;1042,1.0
4572;1161,1.0
2096;2649,1.0
3654;3549,1.0
4470;1029,1.0
3389;3390,1.0
3651;3653,1.0
3652;3573,1.0
1544;4615,1.0
6001;3697,1.0
2485;5328,1.0
2482;2451,1.0
1468;3482,1.0
548;1661,1.0
2444;2446,1.0
994;841,1.0
997;4446,1.0
2461;2460,1.0
2707;2703,1.0
4883;1677,1.0
5143;5799,1.0
2702;1906,0.5
2702;1905,0.5
2262;5221,1.0
5751;470,1.0
3404;2129,1.0
4237;618,1.0
3408;5155,1.0
4232;610,1.0
5590;3011,1.0
1400;1402,1.0
1824;4959,1.0
1022;4464,0.8
1022;461,0.2
4400;941,1.0
4402;997,1.0
3445;3137,1.0
1388;2024,1.0
2414;5308,1.0
2417;5309,1.0
2416;2415,0.333333333333
2416;5307,0.666666666667
4974;617,1.0
1381;4704,1.0
3940;63,1.0
312;4048,1.0
1578;4829,1.0
1922;5026,0.5
1922;6058,0.5
1923;5027,1.0
1925;1379,1.0
1927;5030,0.5
1927;5355,0.25
1927;2540,0.25
1928;5031,1.0
3442;5863,1.0
3585;5948,1.0
5098;2023,0.5
5098;3314,0.5
5099;5863,1.0
4129;387,0.636363636364
4129;468,0.363636363636
3470;3469,1.0
3578;2549,1.0
3576;5595,1.0
5095;2021,1.0
4953;1814,1.0
2936;5559,1.0
2937;5557,1.0
6062;3797,1.0
4704;4952,0.5
4704;1379,0.5
388;4095,1.0
389;2374,1.0
5485;2013,1.0
3312;3437,1.0
3315;2042,1.0
3317;3318,1.0
4055;321,1.0
2278;5234,1.0
4052;318,1.0
782;4329,0.333333333333
782;4328,0.666666666667
4059;1760,1.0
5872;3462,1.0
5871;2357,1.0
5877;3474,1.0
1984;1799,1.0
5977;3633,1.0
150;149,1.0
3754;6019,1.0
1250;4548,1.0
5487;5491,1.0
258;3307,0.5
258;2653,0.5
3001;5589,1.0
3000;2227,1.0
66;3941,1.0
3002;2164,0.5
3002;2436,0.5
68;3996,1.0
2200;5189,1.0
2154;2478,1.0
2202;2200,1.0
3368;3367,1.0
2561;2322,1.0
1428;1420,1.0
2562;1945,1.0
1038;657,1.0
735;736,0.333333333333
735;737,0.666666666667
5328;2484,1.0
2368;2459,1.0
3409;1642,1.0
2362;3007,1.0
1212;673,1.0
2429;269,1.0
632;4250,1.0
4277;684,1.0
865;864,1.0
467;3639,0.2
467;3638,0.8
2589;5400,1.0
5026;1922,1.0
5554;2930,1.0
4444;5121,1.0
5553;224,1.0
4448;5534,0.833333333333
4448;2651,0.166666666667
1868;4994,0.5
1868;4992,0.5
4370;4371,1.0
5655;3120,1.0
5650;3185,1.0
4934;1768,1.0
4680;1446,1.0
4836;1585,1.0
2109;5154,1.0
2108;2110,1.0
1518;5500,1.0
4765;1479,1.0
934;4394,1.0
6051;1621,1.0
6050;3200,0.125
6050;2243,0.875
3869;3029,1.0
2731;2736,1.0
2732;2731,1.0
2733;163,1.0
3863;6106,1.0
37;3868,1.0
3867;995,1.0
5059;5060,1.0
1735;4912,1.0
5055;1967,1.0
1814;1775,1.0
1810;4947,1.0
6076;3811,1.0
1895;5011,1.0
3091;3078,0.5
3091;5637,0.5
4848;3796,0.5
4848;1619,0.5
2030;2031,1.0
645;4260,1.0
4846;2702,1.0
2038;5104,1.0
1248;4612,0.333333333333
1248;4610,0.666666666667
617;4237,1.0
1608;3746,1.0
3547;435,1.0
5830;1635,0.5
5830;3388,0.5
3543;5927,1.0
3224;1825,1.0
1975;1969,1.0
49;46,1.0
1973;826,0.166666666667
1973;1898,0.833333333333
1972;1973,1.0
1606;4844,1.0
355;4070,1.0
353;4069,1.0
215;218,1.0
3180;2621,1.0
2968;2787,1.0
6125;3894,1.0
6124;3893,0.5
6124;1948,0.5
6121;2959,1.0
3329;2571,1.0
41;40,1.0
3045;2406,1.0
1774;3367,1.0
2320;5251,1.0
2326;88,1.0
1079;1078,1.0
1072;5093,1.0
5370;2573,1.0
289;290,1.0
5905;3514,1.0
280;290,1.0
3763;1527,1.0
1159;1158,1.0
1092;4512,1.0
1550;1561,1.0
674;1939,1.0
676;4649,1.0
3135;3143,1.0
3134;5664,1.0
3137;3138,1.0
3136;3135,1.0
4567;1160,1.0
269;256,1.0
3640;1202,0.5
3640;3625,0.5
2550;5362,0.5
2550;5361,0.5
2551;5361,0.5
2551;5362,0.5
6015;3742,1.0
58;60,1.0
56;55,0.75
56;3937,0.25
3032;3024,1.0
4645;1281,1.0
2397;1032,1.0
1412;865,0.5
1412;4721,0.5
1413;4721,1.0
2477;2642,1.0
4093;377,1.0
2475;243,1.0
4107;408,1.0
5153;5174,1.0
2773;2214,1.0
985;1120,1.0
5605;3032,1.0
5601;3026,1.0
5603;3029,1.0
3033;769,1.0
2785;3701,1.0
4801;1526,1.0
4802;1529,1.0
5566;2949,1.0
1857;1858,1.0
1525;4800,1.0
2171;5178,1.0
1900;5309,1.0
2174;5861,1.0
1528;4801,0.333333333333
1528;4802,0.666666666667
3813;3808,1.0
3815;3813,1.0
3818;6040,1.0
3819;785,1.0
4969;1839,1.0
4116;451,1.0
4117;1731,0.166666666667
4117;452,0.833333333333
4115;4261,0.5
4115;450,0.5
1934;5036,1.0
845;846,0.5
845;844,0.5
844;4350,1.0
3462;5872,1.0
2560;3039,1.0
2678;2676,1.0
2928;5552,1.0
1069;1070,1.0
5835;2609,0.5
5835;3398,0.5
5333;2493,1.0
1986;5067,1.0
4060;57,1.0
1633;1630,1.0
1982;2636,1.0
6067;3812,0.5
6067;6071,0.5
3212;5713,1.0
1637;1638,1.0
5233;2276,1.0
4747;4751,0.5
4747;1445,0.5
5235;2280,1.0
1736;4914,0.666666666667
1736;4913,0.333333333333
2587;840,1.0
5867;6009,1.0
5788;3306,1.0
5362;5649,0.8
5362;2551,0.2
5363;2552,1.0
2818;5485,0.5
2818;2326,0.5
3070;1614,1.0
3178;2548,1.0
4607;1242,0.5
4607;1241,0.5
2189;2188,1.0
1027;4470,1.0
1020;4462,1.0
1023;461,0.5
1023;4463,0.5
1189;670,1.0
1186;232,1.0
1187;2711,1.0
2218;3866,1.0
1029;4469,1.0
1028;4468,0.333333333333
1028;4469,0.666666666667
1180;4582,0.333333333333
1180;4583,0.666666666667
1037;4640,1.0
5443;2712,1.0
1748;2967,1.0
723;4303,1.0
2353;5281,1.0
1741;4836,1.0
1486;4769,1.0
5029;3100,1.0
4367;4372,1.0
1160;1148,1.0
1206;1204,1.0
608;4232,1.0
4451;1008,1.0
3736;3761,1.0
4923;6107,1.0
4924;664,1.0
47;3931,0.5
47;3932,0.5
952;4412,0.5
952;4411,0.5
3100;5638,1.0
2034;5100,0.25
2034;244,0.75
2138;2139,1.0
956;4414,1.0
1568;4823,1.0
1110;4530,1.0
1113;1115,1.0
4471;1030,1.0
1294;4646,0.25
1294;4645,0.25
1294;1287,0.5
1295;4647,1.0
2648;2647,1.0
5163;2128,1.0
4096;390,1.0
5280;2353,1.0
5283;3201,1.0
2643;5410,1.0
2647;1245,1.0
1801;4944,1.0
1800;4943,0.5
1800;4942,0.5
3788;497,0.571428571429
3788;2523,0.285714285714
3788;6049,0.142857142857
3789;2248,1.0
4994;1870,1.0
4992;456,1.0
4587;4606,0.333333333333
4587;1190,0.666666666667
4853;2868,1.0
4850;3397,0.333333333333
4850;1623,0.666666666667
