2818;0.6075471698113207
2188;0.779510022271715
2417;0.7132275132275132
2416;0.8911463495209778
2560;0.6040650406504064
1303;0.7820787570318779
2429;0.6147893379191746
5835;0.4979508196721312
1624;0.8425851434700993
4165;0.3350923482849604
508;0.27568493150684936
1625;0.2356389214536928
1438;0.8818181818181818
4478;0.9130834674637848
3788;0.8374452199318292
467;0.8200981807681201
4129;0.7026194144838213
6050;0.3411927877947295
3640;0.8889937106918239
407;0.6769523252412986
408;0.9431619786614936
4106;0.640341178328858
3352;0.832607907145448
1721;0.7358145210494204
1543;0.592638036809816
4812;0.6959798994974875
1538;0.3846153846153846
4810;0.5416666666666667
1539;0.4861878453038674
1533;0.8905109489051095
4805;0.7614593077642657
3766;0.25806451612903225
1529;0.8510830324909747
4802;0.6699386503067485
1530;0.6409495548961424
1122;0.30508474576271183
1114;0.5853658536585367
4533;0.5677799607072691
2346;0.8151394422310757
1447;0.6522411128284389
4748;0.5475206611570248
1442;0.7546549835706462
1443;0.8139367816091954
4745;0.009689922480620172
3645;0.82140978432404
463;0.01810865191146882
4127;0.30609597924773024
1391;0.2149532710280374
4710;0.441025641025641
466;0.14400000000000002
1549;0.8827179646292275
154;0.5263157894736843
2612;0.021097046413502074
3009;0.8130671506352087
1011;0.8848821081830791
5966;0.4075471698113208
3612;0.3652173913043478
5967;0.8090909090909091
3081;0.6402439024390244
3082;0.6049382716049383
5635;0.6060606060606061
5218;0.36994219653179194
3083;0.8503253796095445
2074;0.6662106703146375
5905;0.894095238095238
5923;0.8163493840985443
598;0.5809859154929577
2988;0.6222961730449251
595;0.07234042553191489
4227;0.23423423423423428
599;0.7388272583201267
4229;0.7726901804334029
5346;0.4657534246575342
2525;0.4043173862310385
4111;0.7082601054481547
428;0.4446280991735537
429;0.8568047337278106
2915;0.7781402936378466
842;0.04323899371069184
841;0.310122878876536
2894;0.2139201637666326
2914;0.8190133943155832
1934;0.9027536231884058
4272;0.6107023411371237
670;0.8867279333190853
747;0.8271028037383178
289;0.8041286605856937
2729;0.4054054054054054
3634;0.871305047255178
3070;0.8654279279279279
2362;0.9468908460101414
3437;0.8144796380090498
3311;0.8215962441314554
2948;0.7975728155339805
2947;0.8164124145186744
2946;0.3967391304347826
5159;0.37765957446808507
2123;0.7105831533477323
5564;0.7850225952227243
2921;0.7973684210526316
4895;0.6657534246575343
331;0.7530120481927711
237;0.6420722135007849
4009;0.4394904458598726
2592;0.8984375
4058;0.7756653992395437
1760;0.7692307692307692
2317;0.7173913043478262
1436;0.9609375
1941;0.3106918238993711
1939;0.42202970297029707
5039;0.9285028790786948
1940;0.931340872374798
1859;0.8172043010752688
4986;0.12091503267973858
3490;0.7794486215538847
6127;0.8484997540580423
3247;0.9453197405004634
1370;0.8303030303030303
1367;0.9011627906976745
4689;0.9053254437869822
2551;0.8227848101265822
5343;0.9117647058823529
5652;0.8009950248756219
2891;0.9133858267716536
3048;0.7391304347826086
2768;0.5230414746543779
5460;0.4853658536585366
4636;0.9097839898348158
1282;0.8763700131521263
3753;0.7155172413793103
6019;0.8181818181818181
3480;0.8783649052841476
1854;0.9486788617886179
5377;0.9279957012358947
1959;0.9539641943734015
735;0.9626305184099652
2591;0.9043859649122807
1616;0.929171668667467
2486;0.5868673050615595
5329;0.7330939557151406
3839;0.8481561822125814
6088;0.6445959104186952
3342;0.7674772036474165
1009;0.6921052631578948
4451;0.33333333333333337
963;0.3707865168539326
964;0.7936643835616438
4420;0.8661327231121281
828;0.727891156462585
1247;0.8341463414634146
235;0.7004115226337448
1187;0.8530688158710478
3694;0.7408
230;0.5314685314685315
6100;0.9435044450817321
3851;0.9352535398765581
3695;0.7279735682819384
6001;0.7490462060194998
319;0.8249370277078085
1403;0.9662014230979749
322;0.9168356997971603
4055;0.8922033898305085
5567;0.8575498575498576
3543;0.6242774566473989
6102;0.9812353401094606
2613;0.9386834986474302
5390;0.9393326592517695
3854;0.8699059561128526
2949;0.8072992700729927
2696;0.7155963302752293
4057;0.6373626373626373
1171;0.9752998173298387
2092;0.8201438848920863
436;0.34080717488789236
435;0.9312026002166847
2372;0.8576636791736291
2340;0.7695374800637959
5271;0.7946026986506747
5930;0.3403141361256544
5984;0.7807486631016043
1823;0.48245614035087714
1018;0.4943820224719101
5172;0.7759336099585062
2149;0.936562860438293
3124;0.6340269277845777
3125;0.21732745961820854
3143;0.8297101449275363
5664;0.813349084465446
3136;0.2990196078431373
4096;0.8960261295590637
2017;0.6412213740458015
1970;0.5757396449704142
5057;0.7988980716253443
1976;0.8005626758361988
4400;0.7639699749791493
941;0.8081395348837209
4402;0.7399049881235155
943;0.7696709585121602
3279;0.7339285714285715
3280;0.8119810201660735
3278;0.47791164658634533
5768;0.5
5764;0.7
3274;0.5237410071942445
742;0.638
2773;0.6128266033254157
2475;0.6393348623853211
2477;0.5227447956823439
2482;0.7624683009298394
5328;0.89207258834766
1486;0.753441802252816
4769;0.7016991818753933
1484;0.824966078697422
2709;0.5741324921135647
5800;0.8321193201526188
3336;0.8498431196772748
5553;0.7003567181926278
5804;0.7623367198838897
771;0.7103594080338267
4324;0.3434343434343434
3730;0.9138627187079408
2932;0.7713004484304933
3874;0.6504854368932038
2221;0.7894736842105263
6114;0.9218458255534809
4706;0.8728592162554427
1383;0.8044959128065395
5554;0.772218073188947
6118;0.14
784;0.9313482216708023
4329;0.682279469164715
782;0.589171974522293
2681;0.8586572438162544
1206;0.9812399499732
715;0.7636363636363637
303;0.8655913978494624
4040;0.43333333333333335
4266;0.4661354581673307
2448;0.2329749103942652
3457;0.7749586321014892
5869;0.8799237611181703
2089;0.871900826446281
2087;0.7299721620785649
5139;0.8810802017244184
1932;0.47686832740213525
5036;0.24159663865546221
2456;0.737471952131638
2154;0.927606962746055
1589;0.8751814223512336
2479;0.7777777777777778
2130;0.6923543689320388
5164;0.8881607688947138
2129;0.8309563758389262
5163;0.696521095484826
3101;0.44318181818181823
5640;0.8232271325796505
1926;0.7781050564555719
5030;0.7119565217391304
4411;0.8571428571428572
5767;0.6086956521739131
3277;0.4137931034482759
906;0.5789473684210527
4933;0.8181818181818181
3244;0.815625
1570;0.837037037037037
4823;0.8983268983268984
3650;0.8734069668649108
3100;0.8160464502507258
1380;0.9032658123191402
4705;0.649367088607595
5558;0.8426900584795322
4704;0.5388854868340478
5559;0.6423220973782772
3670;0.7673597489211456
24;0.1409691629955947
3652;0.22782446311858073
3654;0.6003700277520814
3349;0.5574557455745575
3377;0.4806240563663815
343;0.12
3661;0.5866272626523827
3799;0.9311791207084046
5026;0.7779264214046823
1923;0.19081272084805656
5027;0.4489130434782609
2447;0.9020956123117223
2368;0.9322852542854437
1200;0.9237265295121733
4829;0.7987421383647799
1579;0.6696574225122349
1578;0.9483237241084774
6109;0.9556154116407074
3534;0.5330882352941176
3107;0.6553341148886284
1090;0.27467811158798283
479;0.37473233404710926
4139;0.46084656084656084
478;0.3717948717948718
4144;0.9261363636363636
2662;0.4320652173913043
5417;0.21052631578947367
2684;0.7401408450704225
5431;0.8719576719576719
5333;0.8840816326530612
5433;0.0
2695;0.6560509554140128
519;0.3341176470588235
5440;0.5424354243542435
513;0.38441558441558443
4176;0.5650793650793651
518;0.6651785714285714
4515;0.9289772727272727
4521;0.839563862928349
1069;0.9331010452961672
3895;0.7757009345794392
3473;0.6770670826833074
5877;0.6422018348623852
3442;0.6534435261707989
2353;0.6600706713780919
5280;0.7024461482292808
3351;0.6770870337477797
3350;0.5834890965732087
3676;0.8564689063616869
26;0.46596858638743455
336;0.6090801886792453
1662;0.242245199409158
548;0.482801751094434
2439;0.16255605381165916
3630;0.6315110881897885
3629;0.49506346967559944
3145;0.03448275862068961
5668;0.8263414634146342
2461;0.37573964497041423
3474;0.8070918822479929
687;0.9072558647026732
4282;0.927436440677966
5751;0.5429362880886426
3260;0.6296296296296297
3254;0.28787878787878785
5745;0.5396825396825398
3267;0.43292682926829273
3263;0.6426116838487972
4382;0.26530612244897955
5763;0.8044776119402985
3273;0.7953216374269005
2524;0.8411552346570397
2556;0.6477732793522267
5243;0.9139676113360324
5070;0.7298456260720412
5071;0.7782178217821782
1998;0.025000000000000022
1999;0.37735849056603776
685;0.8833883388338833
4281;0.17894736842105263
2418;0.8998634501593081
2419;0.7988454706927176
269;0.8810120240480962
3858;0.3993095512082854
6105;0.673170731707317
2088;0.9310530085959885
3140;0.8090563647878404
2454;0.4006462035541195
2936;0.8522776572668113
1028;0.8648457734871674
4471;0.3319362950544845
1029;0.5059435364041605
3224;0.6719298245614035
5037;0.015873015873015928
994;0.9339700996677741
4116;0.9127105666156202
637;0.9768835616438356
4254;0.856929955290611
4351;0.958099193745419
8;0.8805732484076433
2587;0.7092846270928463
437;0.93978590544157
2299;0.7939142461964039
4461;0.8978634705575821
3565;0.5084554678692221
1608;0.6807228915662651
208;0.6024464831804281
669;0.8846579588222272
2878;0.8046789989118607
4654;0.7967401725790988
1313;0.0
678;0.0267857142857143
4275;0.5140562248995983
668;0.8944658944658944
377;0.8654168061600268
4094;0.7219983883964545
176;0.11764705882352944
3989;0.7282229965156795
2978;0.6013590033975085
5581;0.5128593040847201
1550;0.53125
1547;0.7565290648694187
4818;0.5324189526184538
3819;0.2441860465116279
2453;0.026905829596412523
170;0.2567353407290016
145;0.08049535603715174
2;0.005319148936170248
136;0.0031055900621117516
137;0.0039525691699604515
271;0.01598579040852577
4027;0.6897214217098944
461;0.723834652594547
1023;0.05681818181818177
462;0.06045340050377834
4464;0.39409282700421944
1022;0.4107692307692308
353;0.47905282331511845
645;0.9129746835443038
3835;0.7769869513641756
1092;0.9495341614906833
4514;0.8660886319845857
1093;0.6570048309178744
3489;0.6515151515151515
5888;0.8
3339;0.8979919678714859
1072;0.8274647887323944
1098;0.883442265795207
1973;0.8228530362917714
3032;0.7440439828955406
2005;0.3552036199095022
884;0.06000000000000005
252;0.37359098228663445
4016;0.2900552486187845
5052;0.7695605573419078
1968;0.5861182519280206
896;0.937744140625
4380;0.41501103752759383
897;0.7787037037037037
1974;0.5507246376811594
3899;0.9274600504625736
5810;0.5117493472584856
3631;0.8621475363144403
37;0.529153605015674
335;0.6187165775401069
550;0.31678321678321675
600;0.0
3668;0.6592019543973942
814;0.8572224285183809
2445;0.6985590778097983
2444;0.21493624772313302
2446;0.5369522563767168
2647;0.811295078249036
2648;0.7496812579685508
132;0.9577579203899269
3972;0.8289020957147326
2096;0.8842123056118999
5143;0.753921568627451
1037;0.9284013916865043
812;0.5519713261648745
1189;0.8078758949880669
4844;0.6438848920863309
1606;0.7106652587117213
643;0.9143155694879833
1561;0.7830578512396694
2083;0.6241872561768531
1566;0.13526570048309183
1567;0.7950819672131147
1900;0.21645796064400713
2131;0.5685840707964602
1738;0.20657276995305163
2078;0.9340494629028229
3334;0.8498817966903074
1984;0.7503030303030302
1983;0.4510800508259212
3329;0.23425692695214106
3335;0.5283213182286303
2746;0.1077441077441077
2497;0.81583552055993
2040;0.5801177240026161
5105;0.8655381667198978
2039;0.4072216649949849
2038;0.7963818321785989
1070;0.24921135646687698
4503;0.2890995260663507
1045;0.8222222222222222
4482;0.8217967599410898
3333;0.4316546762589928
1936;0.21472392638036808
2616;0.7211155378486056
5395;0.5486577181208054
2617;0.18055555555555558
5393;0.7944162436548223
5658;0.8793650793650793
2257;0.8901960784313725
1839;0.9316089434458571
4968;0.8690549722050649
1838;0.8842001962708538
5492;0.9691176470588235
1841;0.9739491769218476
4251;0.9070464767616192
2628;0.6580086580086579
5400;0.8381924198250729
2996;0.5541561712846348
2995;0.8558972005507113
3330;0.8022165387894288
2572;0.08333333333333337
3035;0.7168674698795181
3034;0.24193548387096775
3485;0.07692307692307687
5886;0.8038067349926794
247;0.8714350384789498
2034;0.8788137401322808
2035;0.7661492238357537
2036;0.8656628284617656
5101;0.910952380952381
2369;0.6857142857142857
2460;0.4651162790697675
3663;0.21052631578947367
2926;0.875
2927;0.631578947368421
3470;0.5011737089201878
3831;0.7471602036819428
3445;0.5839960238568589
1323;0.9303350970017636
1785;0.8904230317273796
3461;0.9253148067737733
5872;0.7682291666666666
4030;0.8292867981790591
5250;0.9313612866168869
2652;0.8513561113067982
5413;0.839859437751004
2316;0.9652555910543131
6000;0.8040712468193384
6020;0.3580246913580247
3586;0.7846607669616519
5949;0.6878612716763006
3754;0.4747474747474747
3693;0.8553921568627451
1287;0.9387755102040817
1285;0.832579185520362
1776;0.6173913043478261
1964;0.5792349726775956
1966;0.799184505606524
5055;0.7150000000000001
325;0.5473186119873816
1381;0.5647905759162304
3673;0.8215885947046844
2941;0.46570972886762363
1925;0.7978606692265496
5029;0.6214689265536724
1571;0.9255162241887905
3672;0.18208092485549132
5639;0.5986622073578596
3651;0.5439613526570048
3906;0.75893536121673
449;0.781718963165075
4115;0.9713159191720059
398;0.6077519379844961
4101;0.9463441451346893
840;0.7395833333333333
1818;0.8049702863317125
4025;0.8333333333333334
5310;0.83008356545961
5136;0.6569200779727096
2079;0.6232876712328768
1178;0.6352941176470588
3761;0.25963488843813387
1217;0.524031007751938
79;0.9138424821002387
796;0.4363636363636364
795;0.3777197563098347
4334;0.45906656465187456
4333;0.38953488372093026
4335;0.6657142857142857
3671;0.8316597755463674
1078;0.28725701943844495
2711;0.8451400329489291
2279;0.19199999999999995
2731;0.9474852071005917
2569;0.8799255352156377
5032;0.7372141372141372
1928;0.6556199944766639
1927;0.3074027603513174
5356;0.7836222355050807
1736;0.8574775478328778
4911;0.9422140097429867
1895;0.6024096385542168
3386;0.8909792571152918
5829;0.7038895859473024
3210;0.9639181088112204
2250;0.668693009118541
5215;0.8967649857278782
1734;0.803743961352657
1534;0.3141441097979413
4806;0.6866819031788904
1535;0.9073170731707317
4;0.28521126760563376
1410;0.814468085106383
596;0.9456066945606695
2319;0.9380231522707034
3010;0.7164869029275809
3538;0.9138702460850112
3514;0.8719230769230769
2073;0.809640522875817
5132;0.6533700137551581
1013;0.2978436657681941
4457;0.646505376344086
4455;0.6230916030534351
3859;0.9312724261661607
3736;0.8111192036902161
5925;0.7437185929648241
997;0.933074463225217
4785;0.7990353697749196
3677;0.9258717386003413
5809;0.9185425852866094
3404;0.42439024390243907
3378;0.8634449568879086
2710;0.8541530412034009
66;0.7925356750823271
60;0.7840512223515717
61;0.5447761194029851
57;0.8462585034013606
1969;0.9060945273631841
4953;0.7638376383763837
56;0.918807994289793
3593;0.2766666666666666
3700;0.9501529602303401
3578;0.9175187457396047
3090;0.4568965517241379
5944;0.7278481012658228
4759;0.8267594740912606
1467;0.8415741675075681
3018;0.8473566641846613
5594;0.756838905775076
3049;0.46460176991150437
2687;0.44472361809045224
1005;0.3194444444444444
2174;0.9378131447096965
1267;0.7798924286305338
1265;0.6309278350515464
4625;0.6701030927835052
1400;0.8823373173970783
4713;0.839517625231911
1150;0.8486005089058524
287;0.2941176470588235
2601;0.02941176470588236
288;0.6691358024691358
286;0.7467948717948718
282;0.2827225130890052
2121;0.2962962962962963
291;0.4639175257731959
5158;0.09090909090909094
3496;0.6893564356435644
3055;0.5628930817610063
3056;0.6295754026354319
2945;0.8103448275862069
2973;0.5797665369649805
267;0.051948051948051965
4024;0.6733333333333333
1184;0.8163265306122449
3425;0.7264957264957265
2885;0.9028056112224448
332;0.7676812891674127
5611;0.5519779208831647
3017;0.85489443378119
4758;0.4747474747474747
1470;0.7520525451559934
2547;0.1216216216216216
5360;0.6427104722792607
2249;0.7554563492063492
3208;0.5729032258064516
1800;0.5481569560047562
5067;0.7724529641462549
1986;0.673443456162643
5066;0.8775845093534624
3647;0.6839826839826839
1795;0.3820224719101124
4941;0.48950276243093926
5712;0.9104607360185454
2627;0.8258317025440314
5398;0.8523076923076923
5614;0.76
2374;0.7931034482758621
342;0.8107344632768362
2258;0.587248322147651
2259;0.8430493273542601
2260;0.7858439201451906
5219;0.7154340836012862
2261;0.7741935483870968
5296;0.7942446043165468
2263;0.649546827794562
2262;0.19277108433734935
5222;0.5789473684210527
1878;0.5425531914893618
5001;0.6718146718146718
5000;0.8283261802575107
1862;0.29338842975206614
1857;0.9440832249674902
1874;0.8155487804878049
3910;0.8987261146496816
1840;0.890635838150289
4970;0.9330792037272342
4972;0.11956521739130432
4973;0.8734622144112478
1844;0.9051556420233463
4237;0.6149289099526066
617;0.6591230551626591
4974;0.7512038523274478
1847;0.7491712707182321
4082;0.8792808219178082
5402;0.904109589041096
2634;0.9135364989369241
1112;0.7424749163879598
1052;0.7764540995094604
4490;0.6820512820512821
4489;0.6258907363420427
1053;0.7565217391304347
1371;0.9317160826594789
4274;0.1685393258426966
2530;0.9284928492849285
4612;0.9344262295081968
1250;0.9241164241164241
4613;0.8814317673378076
5351;0.9114917915774446
1352;0.9164733178654292
5106;0.44207317073170727
2041;0.6767317939609236
2111;0.515527950310559
1630;0.7285714285714286
4853;0.23979591836734693
3178;0.9023982152816509
2871;0.6341463414634146
5425;0.8996865203761756
2683;0.87243947858473
5430;0.6931407942238268
5429;0.5960912052117264
2682;0.7707090788601723
2680;0.5305623471882641
783;0.8204379562043795
4330;0.9741392987466286
3879;0.9288601455133387
3236;0.7402159244264508
1943;0.6952141057934509
5077;0.15204678362573099
1992;0.7704590818363274
1991;0.6767411300919842
1064;0.8442460317460317
4500;0.5972568578553616
3272;0.5652173913043479
5762;0.5021276595744681
9;0.8597560975609756
3912;0.718475073313783
4381;0.7471698113207548
3217;0.09401709401709402
2606;0.32727272727272727
5896;0.4444444444444444
3504;0.6995305164319249
1678;0.8458980044345898
1680;0.6128404669260701
2151;0.6971677559912854
2152;0.7537746806039489
5715;0.9520637219406227
5961;0.7442719881744272
3215;0.9499740124740125
4607;0.8435277382645804
1241;0.7401315789473684
2703;0.6344647519582245
5887;0.7601510859301228
3488;0.72991452991453
1610;0.9088512241054614
1612;0.3127962085308057
5605;0.9667368421052631
4377;0.5732899022801303
894;0.48756218905472637
892;0.7077625570776256
1827;0.5359116022099448
3323;0.9488778054862843
4709;0.8123569794050343
6133;0.25
3904;0.5067567567567568
379;0.7018867924528303
378;0.8154506437768241
380;0.8998988877654196
4093;0.8110189573459716
5704;0.9211746522411128
5714;0.8491096532333646
131;0.569078947368421
3968;0.9515400410677618
1421;0.8780487804878049
4727;0.8760180995475113
5727;0.9149765990639626
2770;0.6411411411411412
415;0.8316708229426434
1428;0.39010989010989006
5135;0.9149026248941575
5527;0.924735397883183
2872;0.7536423841059603
5332;0.6863157894736842
4979;0.6577669902912622
2519;0.1270718232044199
934;0.18811881188118806
3427;0.8892834086507424
4714;0.8036565977742448
3609;0.883148237566393
1003;0.0071428571428571175
2786;0.9310218978102189
2785;0.20057306590257884
3180;0.8019599836668028
2784;0.8579545454545454
3087;0.9258659760440272
59;0.7516778523489933
3937;0.3342391304347826
3940;0.8331716779825412
5182;0.6
2677;0.3298969072164949
5424;0.8135135135135135
122;0.8043478260869565
4596;0.8045454545454546
3413;0.8956521739130435
5845;0.949064130101258
3414;0.9471337579617835
5313;0.5408618127786033
5347;0.9102803738317757
2153;0.22916666666666663
686;0.0
2205;0.9612303748798462
2001;0.20815450643776823
1191;0.523936170212766
245;0.6405484818805093
5100;0.9400237529691211
5099;0.7539089055064582
3315;0.742457689477557
2043;0.9602454642475987
2015;0.5207373271889402
1046;0.8571428571428572
5523;0.8547619047619047
4777;0.7951807228915663
1497;0.9016064257028112
3219;0.375
2217;0.12121212121212122
3289;0.3695652173913043
1813;0.8418650793650794
3091;0.9167446211412535
5637;0.8574338085539714
5630;0.8087912087912088
3077;0.7414772727272727
3016;0.5179856115107914
2161;0.6185567010309279
2437;0.4833333333333333
4651;0.9077946768060836
5180;0.8949308755760369
5948;0.9364754098360656
3012;0.6534234995773458
5591;0.6023993144815767
1869;0.7707212055974166
455;0.8544921875
4119;0.8285024154589372
454;0.8379022646007152
4120;0.8325396825396826
6084;0.8793814432989691
5873;0.7887378640776699
3828;0.3088235294117647
2124;0.5
2233;0.8560606060606061
5197;0.9828767123287672
2269;0.8901098901098901
458;0.8508108108108108
4123;0.8025387870239774
2798;0.2553763440860215
3833;0.15000000000000002
3832;0.45625000000000004
6082;0.7203065134099618
4151;0.7948164146868251
494;0.7079796264855688
3666;0.7597597597597597
4584;0.3026315789473685
268;0.6961130742049471
266;0.04729729729729726
3809;0.06024096385542166
3429;0.12643678160919536
1704;0.9122703023117961
2115;0.6543674698795181
3428;0.5850673194614443
3182;0.8305764411027569
5700;0.8853989813242784
1792;0.8672566371681416
1173;0.9246398226819357
1172;0.19867549668874174
517;0.364321608040201
1544;0.04761904761904767
4117;0.9052488070892979
2309;0.7114294240525216
3655;0.8743654822335025
3553;0.5901639344262295
3550;0.7914438502673797
657;0.9454912516823688
638;0.9335281227173119
4470;0.8617992177314211
1027;0.39883551673944684
1933;0.012077294685990392
1774;0.682716049382716
2538;0.8028375733855186
2302;0.6146116809713209
5245;0.4648401826484019
2520;0.21645021645021645
204;0.5655296229802513
3639;0.9378144495874421
4624;0.6136363636363636
5384;0.475
3054;0.7673913043478261
5566;0.916256157635468
2116;0.6216216216216216
4023;0.06000000000000005
2895;0.34090909090909094
1437;0.8888888888888888
867;0.8676470588235294
2567;0.7470588235294118
1775;0.5679389312977099
3368;0.6511627906976745
2595;0.8651535380507342
73;0.20940170940170943
1568;0.9015120555782591
2081;0.7131147540983607
1193;0.6994535519125683
4590;0.6599999999999999
2082;0.09836065573770492
2084;0.6734693877551021
640;0.41666666666666663
2197;0.7932692307692308
4980;0.8839957035445757
3742;0.7899497487437186
4303;0.9339545080844067
3318;0.9022835900159321
3317;0.5460992907801419
3319;0.9008810572687225
143;0.8787878787878788
3977;0.8378378378378378
961;0.35064935064935066
4571;0.9
1164;0.0
3580;0.10185185185185186
1472;0.648936170212766
2879;0.9579193454120397
1040;0.8260869565217391
3552;0.9020979020979021
2308;0.7256637168141593
5883;0.8802447552447552
5892;0.4019607843137255
3499;0.3577235772357723
4761;0.39322033898305087
3667;0.6710526315789473
3019;0.4792176039119804
4258;0.9240628778718258
3486;0.8490566037735849
5885;0.1686274509803921
608;0.9288166628519112
5589;0.29004329004329
2630;0.8446389496717724
18;0.6698113207547169
2629;0.8252427184466019
1850;0.8735408560311284
150;0.1428571428571429
1856;0.9402730375426621
1858;0.4285714285714286
4983;0.11363636363636365
5526;0.2685185185185185
5699;0.9038929440389294
4854;0.7327433628318585
2218;0.15953307392996108
5154;0.5772727272727273
2112;0.9528666357595426
5108;0.9515394173684937
3444;0.55
1169;0.8047231270358306
2544;0.7982062780269058
6099;0.880057803468208
3852;0.8206896551724138
3547;0.6685714285714286
4958;0.2666666666666667
2342;0.9606557377049181
5269;0.9889266718981603
2373;0.9181076672104405
438;0.5596919127086007
1170;0.8754398311048557
3139;0.2471910112359551
3188;0.3220338983050848
3135;0.698019801980198
5669;0.7080062794348508
5674;0.6262425447316103
3151;0.6666666666666667
3173;0.621676891615542
5696;0.66996699669967
3169;0.8426626323751891
3120;0.17518248175182483
3156;0.37614678899082565
1899;0.9033816425120773
258;0.8860486603018171
2136;0.9296977660972405
1244;0.0
432;0.8801498127340824
1240;0.7964601769911505
107;0.8252747252747252
3948;0.9394422310756972
3950;0.9239766081871346
1190;0.8926282051282052
4587;0.7542003733665215
396;0.9197200494030465
787;0.1329479768786127
96;0.4831804281345565
4768;0.8868229587712206
4770;0.6526315789473685
743;0.9233732876712328
744;0.24390243902439024
4313;0.8889722430607652
1768;0.914560770156438
1511;0.751131221719457
4786;0.639240506329114
4822;0.8588235294117648
4824;0.75
5771;0.8571428571428572
3283;0.855072463768116
1922;0.7714472822527833
6059;0.8630514705882353
5993;0.8615695520377231
4447;0.863890832750175
551;0.5833333333333333
5977;0.9013091641490433
135;0.5620915032679739
134;0.8263565891472868
4820;0.7232704402515724
4819;0.9246376811594202
464;0.0
1548;0.5828047921071177
2484;0.010638297872340385
274;0.13090909090909086
272;0.7340425531914894
3986;0.7752192982456141
4817;0.8082298136645962
3984;0.48897058823529416
167;0.1556291390728477
664;0.7362637362637363
175;0.6934404283801874
753;0.8828098615332658
677;0.5203252032520325
1314;0.7528455284552845
5533;0.7992776057791537
754;0.7717770034843205
158;0.007633587786259555
3981;0.06329113924050633
3564;0.7403708987161198
3570;0.033333333333333326
240;0.5098039215686274
4092;0.11428571428571432
675;0.0
944;0.5786516853932584
958;0.15384615384615385
940;0.6833333333333333
4416;0.29268292682926833
2305;0.9528907922912205
5867;0.8097826086956521
3129;0.26190476190476186
5662;0.7272727272727273
3130;0.722457627118644
942;0.9195893926432849
5091;0.42553191489361697
388;0.8028169014084507
3137;0.0798319327731093
3134;0.7154471544715447
1305;0.25
3146;0.7857142857142857
3147;0.8809523809523809
2646;0.688
470;0.9103869653767821
3894;0.6939010356731876
2023;0.838501291989664
2022;0.7375669472073451
5097;0.8310991957104558
2019;0.8879037365421153
5093;0.744343891402715
5103;0.9084641899655305
5104;0.4894117647058823
895;0.8067061143984221
4378;0.7576894223555889
4379;0.7357032457496135
1963;0.5
1821;0.7130124777183601
4956;0.7468152866242038
2876;0.8453201970443349
5531;0.843335931410756
5532;0.3805031446540881
2877;0.6441102756892231
140;0.9227091633466136
120;0.9077490774907749
3960;0.8661417322834646
4724;0.5074626865671642
3233;0.6736842105263158
749;0.9067796610169492
2049;0.9346691713629722
4982;0.9035651665692578
4987;0.5951742627345844
207;0.8796880802079465
452;0.9518038852913968
4102;0.6482084690553747
450;0.9116117850953206
4107;0.8593189964157706
3211;0.7188612099644128
2276;0.6445783132530121
5367;0.9091891891891892
4938;0.8301655426118946
4940;0.8994974874371859
1784;0.3547297297297297
4944;0.6148597422289613
3653;0.5593220338983051
3422;0.813215859030837
5713;0.8989966555183947
5308;0.6537162162162162
161;0.6654240447343895
3747;0.8274285714285714
2903;0.31645569620253167
2904;0.5058139534883721
394;0.9428238039673279
4099;0.7294117647058824
393;0.5121951219512195
4100;0.9178571428571428
5801;0.7790927021696252
3338;0.7970540098199672
4270;0.842512908777969
1747;0.5688311688311689
4920;0.5390070921985816
112;0.9549295774647887
193;0.7491289198606272
1039;0.8546423135464232
1439;0.6
4738;0.8249063670411985
4851;0.24855491329479773
4850;0.5319148936170213
5487;0.8701563562202583
5844;0.8918169209431346
672;0.35856573705179284
3867;0.7529411764705882
995;0.27368421052631575
2360;0.8852941176470588
1703;0.4448669201520913
236;0.24752475247524752
5053;0.7036199095022624
1967;0.3062015503875969
2146;0.9247517188693659
1300;0.5810055865921788
1295;0.3489361702127659
4646;0.4011299435028248
4645;0.9368029739776952
1280;0.02777777777777779
1804;0.7142857142857143
2958;0.39903846153846156
2168;0.7463976945244957
5574;0.19580419580419584
2893;0.2434017595307918
1000;0.8807838867719107
611;0.9290758366595027
4233;0.4774774774774775
609;0.7133333333333334
4232;0.8056930693069306
2887;0.6455026455026456
333;0.33271375464684017
4062;0.6360708534621577
334;0.5908221797323137
1004;0.5760626398210291
2892;0.5814497272018706
5534;0.8163657318478679
2170;0.021276595744680882
5178;0.7941495124593716
280;0.5277161862527716
5292;0.8
3306;0.6486486486486487
5350;0.8957264957264958
1212;0.8952095808383234
4273;0.1348314606741573
4695;0.8236514522821576
5543;0.8388746803069054
1837;0.27622377622377625
615;0.8314350797266514
4234;0.040000000000000036
628;0.9024822695035462
625;0.890652557319224
620;0.8719512195121951
4239;0.8672566371681416
2618;0.74
3707;0.6118935837245696
4069;0.5829015544041452
4125;0.7403598971722365
1445;0.017456359102244412
4743;0.8375219170075979
4792;0.6945754716981132
1440;0.5077519379844961
4742;0.7590361445783133
1448;0.5880597014925373
4747;0.6480218281036835
2795;0.34962406015037595
5275;0.8030075187969925
4804;0.6843891402714932
1528;0.7295454545454545
4801;0.8043399638336347
1536;0.0
3815;0.12802768166089962
3813;0.11737089201877937
3808;0.5670498084291188
3786;0.5661914460285132
4799;0.07017543859649122
3785;0.33933933933933935
1336;0.660828025477707
4579;0.7468354430379747
1043;0.8528045730618078
2806;0.5409556313993173
2808;0.059259259259259234
5483;0.1208791208791209
2810;0.4516129032258065
2809;0.13947990543735223
5484;0.20952380952380956
5955;0.26582278481012656
1826;0.7920410783055198
5094;0.6908212560386473
2047;0.7429274292742927
5096;0.4736842105263158
5098;0.9464328609176075
2046;0.9446415897799858
5792;0.27118644067796616
5138;0.6206896551724138
5924;0.5833333333333333
262;0.8827586206896552
265;0.6237623762376238
1706;0.40865384615384615
2113;0.5686046511627907
5157;0.6400523560209423
2117;0.6881889763779527
2114;0.6448598130841121
5548;0.7319884726224783
2119;0.5764192139737991
2624;0.5841584158415842
2623;0.6818181818181819
3314;0.4864864864864865
3409;0.8632246376811594
5155;0.9099770642201834
2024;0.9503139503139503
3462;0.8122235625251306
3577;0.7891373801916933
5590;0.9346353128736549
3001;0.632554945054945
2227;0.3076923076923077
1613;0.576158940397351
1614;0.8827074640704682
5283;0.9369326325848065
5871;0.7244094488188977
1619;0.036363636363636376
1433;0.4545454545454546
2931;0.6368876080691643
5556;0.6017699115044248
5772;0.85
3284;0.8740601503759399
5943;0.9544072948328267
5593;0.4551282051282052
1301;0.7939189189189189
2883;0.09395973154362414
3098;0.6502242152466368
1852;0.7268370607028753
4978;0.8110047846889952
2490;0.9195837275307474
2723;0.8687350835322196
32;0.9232851985559567
4658;0.7807606263982103
1318;0.8867924528301887
4656;0.892992938620315
1317;0.7365967365967365
1320;0.6923076923076923
3982;0.019230769230769273
159;0.09782608695652173
5882;0.22935779816513757
3477;0.4934497816593887
5880;0.5559440559440559
2404;0.6150442477876106
5302;0.5875299760191847
3478;0.596078431372549
1207;0.6395939086294415
5521;0.8760255241567912
1205;0.4017857142857143
5518;0.8390804597701149
5519;0.6893203883495146
5428;0.8128342245989305
1876;0.752808988764045
3053;0.8544542032622333
1796;0.8346153846153846
1794;0.7652329749103943
1618;0.40625
389;0.12903225806451613
5060;0.5154185022026432
1942;0.2954545454545454
5041;0.6023622047244095
5284;0.625
5084;0.860125260960334
5444;0.6177777777777778
2702;0.6430155210643016
4846;0.9223099293726631
5017;0.33333333333333337
5020;0.13793103448275867
1908;0.26086956521739135
5021;0.5507487520798668
5018;0.4391534391534392
1911;0.0766550522648084
4884;0.47878787878787876
4883;0.8523862375138734
5173;0.5647058823529412
5897;0.6853932584269663
3502;0.709375
2285;0.23584905660377353
2984;0.43956043956043955
3846;0.45360824742268047
6097;0.7868080094228505
3849;0.6475694444444444
2552;0.7009646302250804
1139;0.18681318681318682
4548;0.26315789473684215
2982;0.04347826086956519
2772;0.6923076923076923
5326;0.5514018691588785
241;0.8787878787878788
2280;0.76
94;0.8352685050798259
5141;0.8590717299578059
651;0.6409185803757829
5458;0.5933333333333333
2928;0.50390625
1324;0.8603773584905661
2301;0.5660919540229885
1328;0.6412825651302605
5244;0.7894736842105263
2300;0.8435054773082942
2708;0.820627802690583
1408;0.4693877551020408
1402;0.5850340136054422
4715;0.9053140096618357
1401;0.9011177987962167
5441;0.7532467532467533
5928;0.9642857142857143
931;0.9181208053691275
4391;0.8629550321199143
5735;0.5815384615384616
3242;0.6935779816513761
3348;0.8325608342989571
4157;0.8611111111111112
320;0.907624633431085
4052;0.9537507050197406
1186;0.36708860759493667
81;0.8332179930795848
3734;0.9244274809160306
3737;0.022727272727272707
2312;0.8277027027027027
2311;0.4054054054054054
2313;0.5561797752808989
2522;0.7959183673469388
3926;0.641025641025641
128;0.7359550561797753
3967;0.7391304347826086
4660;0.8157303370786517
1641;0.4054054054054054
3479;0.3464912280701754
2426;0.7308802308802309
4576;0.955940204563336
2757;0.6467661691542288
324;0.5836459114778695
2331;0.8498322147651007
3996;0.8754789272030652
366;0.8938775510204082
1842;0.8276374442793462
4971;0.8736310025273799
2823;0.8477777777777777
4235;0.9233152594887684
4969;0.9384432088959491
619;0.9135802469135803
4240;0.8571428571428572
1417;0.7656765676567656
4247;0.8808689558514365
1810;0.4281045751633987
3920;0.9040793825799338
2899;0.295774647887324
1487;0.7547974413646056
5769;0.8151382823871907
2462;0.3529411764705882
2294;0.8910891089108911
2297;0.7682403433476395
3131;0.6184738955823292
3493;0.03125
5889;0.8288770053475936
3492;0.7317708333333333
2717;0.08823529411764708
1993;0.7264150943396226
4280;0.8585858585858586
225;0.7463768115942029
1676;0.9339712918660287
4880;0.8775055679287305
2424;0.453125
3674;0.7545454545454545
3840;0.6490156143923964
641;0.5616438356164384
3751;0.37209302325581395
631;0.7985915492957747
1875;0.6620689655172414
1531;0.0
1525;0.03448275862068961
1335;0.01538461538461533
3518;0.3278688524590164
5878;0.49382716049382713
3316;0.2702702702702703
5864;0.8706467661691543
4367;0.6779661016949152
1033;0.75
4476;0.4897959183673469
2401;0.8018867924528301
5299;0.8728448275862069
1034;0.23636363636363633
4474;0.6341463414634146
5297;0.625
1031;0.5294117647058824
4472;0.0461538461538461
1030;0.024390243902439046
4473;0.6713483146067416
2420;0.6074766355140186
5089;0.62
4484;0.5698924731182795
3497;0.3226950354609929
3825;0.37478108581436076
1786;0.7287853577371048
5560;0.8600451467268623
4702;0.7993981945837513
3301;0.6666666666666667
50;0.6538461538461539
47;0.6254056560037089
3931;0.7653835347007587
49;0.8850446428571429
3930;0.8353808353808354
48;0.8068862275449102
3929;0.6006600660066006
3932;0.5335820895522387
5784;0.7110655737704918
5782;0.8646034816247582
2938;0.8805340829234013
1816;0.041198501872659166
3579;0.5189873417721519
1468;0.8736141906873615
1473;0.24463519313304716
3000;0.3925619834710744
3002;0.9068671860844356
2645;0.061224489795918324
4891;0.6454545454545455
2642;0.0
2638;0.6605504587155964
5406;0.0
4718;0.4969512195121951
1406;0.3929824561403509
1079;0.35125448028673834
793;0.45238095238095233
2940;0.5533807829181494
5788;0.4463276836158192
3305;0.2660550458715596
3304;0.3626373626373627
5786;0.4666666666666667
3830;0.4455445544554455
6081;0.4108527131782945
3829;0.930178069353327
6080;0.8458646616541353
3303;0.052631578947368474
5787;0.37254901960784315
998;0.7628205128205128
337;0.8999317716624972
338;0.7788363388907792
2202;0.9101360863444392
2200;0.7240143369175627
5187;0.293398533007335
1728;0.8092144122858831
1246;0.8660325009908838
6015;0.7891566265060241
1110;0.9122257053291536
6;0.5170178282009725
3628;0.8901891631933312
719;0.8408304498269896
2563;0.36239316239316244
717;0.3259668508287292
2275;0.75
4609;0.9265734265734266
4910;0.9232360376924845
2198;0.6098783106657122
5189;0.9211356466876972
5191;0.9424860853432282
3540;0.583712465878071
5926;0.06578947368421051
1219;0.13493975903614452
80;0.43536404160475484
3715;0.26294820717131473
1660;0.8545034642032332
3860;0.910327085630283
5208;0.4104046242774566
5131;0.8597122302158273
5115;0.6442687747035574
2159;0.8748299319727891
2108;0.8338368580060422
2106;0.6458333333333333
5149;0.6187683284457478
2101;0.7112970711297071
5147;0.15068493150684936
3523;0.0
5916;0.11304347826086958
3516;0.00649350649350644
2230;0.8
5202;0.12698412698412698
5837;0.8089668615984406
3436;0.3526570048309179
5860;0.4870466321243523
255;0.9259259259259259
5140;0.62
4703;0.8799126637554585
4479;0.7037914691943128
4732;0.4497041420118343
5368;0.9469244288224956
5830;0.6523972602739726
4913;0.7479061976549414
2539;0.7223476297968398
5031;0.4075829383886256
5370;0.6653796653796653
2278;0.8723623262995368
5056;0.6198347107438016
799;0.6047904191616766
109;0.9674027339642481
4606;0.8944099378881988
433;0.9072164948453608
2135;0.7638483965014577
5169;0.9254742547425474
3548;0.6451612903225806
5391;0.8567511994516792
2093;0.8669378268448577
855;0.8721649484536083
5435;0.939167862266858
5035;0.8164794007490637
2902;0.45833333333333337
1637;0.8739205526770294
4859;0.8731182795698924
3389;0.9115716753022453
4865;0.8111888111888113
3794;0.6305084745762712
6056;0.806910569105691
1620;0.9356865091235418
3567;0.8139085640695428
5938;0.20175438596491224
1772;0.017241379310344862
3936;0.6616161616161615
329;0.6224489795918368
4060;0.7379400260756193
4061;0.7381818181818182
1485;0.0357142857142857
2735;0.5703703703703704
3459;0.5684931506849316
2239;0.5907230559345157
2256;0.5684596577017115
2075;0.2535211267605634
2536;0.9609332609875203
1007;0.4779874213836478
4453;0.792910447761194
2020;0.13227513227513232
5909;0.23809523809523814
3600;0.2637795275590551
2812;0.28985507246376807
4286;0.0
691;0.07798165137614677
2517;0.7634961439588689
1175;0.9037871033776868
4670;0.5
985;0.7490774907749078
2518;0.15909090909090906
972;0.016949152542372836
4426;0.2272727272727273
4427;0.8711111111111112
4430;0.8504
4429;0.822141560798548
4438;0.8515358361774744
4614;0.1095890410958904
1252;0.045454545454545414
988;0.0901639344262295
553;0.9410986101919259
1233;0.0
4605;0.0
1226;0.0
4602;0.011627906976744207
4604;0.5212121212121212
559;0.2678571428571429
4204;0.0
1198;0.6512820512820513
4936;0.9381898454746137
1780;0.8737541528239203
1532;0.9580064605445316
4803;0.947087689353531
1527;0.8935195286929959
3491;0.7547605308713214
3312;0.8625134264232008
3313;0.7476459510357816
2347;0.4528301886792453
4526;0.4782608695652174
5276;0.5364431486880467
1104;0.16326530612244894
1453;0.8141809290953546
4752;0.6440677966101696
1452;0.23809523809523814
1449;0.5729166666666667
4751;0.7246376811594203
1451;0.6764705882352942
4750;0.8548387096774194
2787;0.6610169491525424
5469;0.5476190476190477
2783;0.8577586206896551
2663;0.8639455782312925
3802;0.879542395693136
3397;0.908465991316932
3637;0.5309090909090909
254;0.9087837837837838
250;0.6258426966292134
1583;0.6954314720812182
4833;0.8759155536406721
248;0.6343283582089552
5485;0.8514851485148515
5486;0.8451519536903039
200;0.8645833333333334
3997;0.6519823788546255
201;0.050000000000000044
3998;0.45833333333333337
1808;0.6511627906976745
4950;0.4945652173913043
2596;0.9425505050505051
1742;0.1777777777777778
1516;0.8513513513513513
2540;0.8542635658914729
5357;0.8877755511022044
1929;0.48245614035087714
5459;0.0
1600;0.8422131147540983
2765;0.242603550295858
835;0.19354838709677424
4348;0.7547770700636942
4517;0.036363636363636376
1094;0.5182926829268293
4519;0.8344226579520697
4549;0.47580645161290325
2194;0.6370370370370371
1598;0.9233926128590971
4838;0.5957446808510638
3606;0.5766990291262135
3990;0.19444444444444442
173;0.9180327868852459
2817;0.875668449197861
858;0.9571966495043418
3322;0.5611111111111111
3232;0.7685185185185185
1422;0.9035166816952209
4726;0.9174397031539889
130;0.8834628190899001
3969;0.5661764705882353
3213;0.8470948012232415
3194;0.9278887923544744
387;0.28301886792452835
1321;0.9279475982532751
440;0.9226415094339623
1261;0.8867521367521367
4620;0.8307692307692307
4495;0.430939226519337
721;0.7292418772563176
1059;0.3709677419354839
113;0.9021406727828746
4014;0.5582733812949641
5839;0.903485254691689
5572;0.9314720812182741
5034;0.9405217391304348
4255;0.9334935897435898
4260;0.8772189349112426
451;0.9716216216216216
2733;0.9288645690834474
1180;0.8948019801980198
1183;0.8523489932885906
2704;0.9424206815511164
3394;0.0
330;0.6421499292786421
2320;0.9078651685393259
2406;0.7254901960784313
2350;0.768888888888889
2405;0.2954545454545454
2527;0.045454545454545414
17;0.08163265306122447
3917;0.09523809523809523
5348;0.0
5648;0.6949152542372881
5194;0.6842105263157895
2220;0.8571428571428572
3113;0.0
3870;0.7697841726618705
5598;0.5609756097560976
5253;0.8452380952380952
2322;0.7674418604651163
5799;0.7142857142857143
2272;0.7561643835616438
5230;0.7841823056300268
2318;0.4671052631578947
3975;0.9194915254237288
2962;0.052238805970149294
5268;0.8715083798882681
2338;0.8793774319066148
441;0.11111111111111116
4113;0.9146341463414634
1369;0.9090909090909091
4694;0.9209302325581395
5740;0.9053254437869822
439;0.8905472636815921
4661;0.9213174748398902
4446;0.4571428571428572
4448;0.9120879120879121
2886;0.12844036697247707
2189;0.8477508650519031
2118;0.39811912225705326
1017;0.3401015228426396
2920;0.8276143790849673
585;0.22123893805309736
586;0.3542857142857143
4383;0.812199036918138
4557;0.8991935483870968
1399;0.8813847900113507
4939;0.7971698113207547
2091;0.6130434782608696
2665;0.8284854563691073
970;0.3162393162393162
1274;0.6428571428571428
4011;0.8425925925925926
2626;0.6649350649350649
2625;0.5526315789473684
5840;0.5829787234042554
5414;0.8687258687258688
3467;0.8369781312127237
2918;0.30434782608695654
5563;0.9256434699714013
3463;0.8113422627529211
3071;0.5319148936170213
3093;0.7106782106782107
1615;0.7040557667934093
2589;0.8385662684078911
290;0.717948717948718
2976;0.8125
5048;0.8650793650793651
5626;0.9201596806387226
2179;0.9325
1853;0.1333333333333333
2764;0.21276595744680848
1026;0.9695640959504772
108;0.96484375
3869;0.9640667735546543
6111;0.5738636363636364
6116;0.7306967984934087
15;0.12222222222222223
2321;0.8026960784313726
4439;0.8648648648648649
4437;0.6785714285714286
4440;0.9435215946843853
984;0.9540540540540541
986;0.8172043010752688
3970;0.8207426376440461
1036;0.8799231508165226
3625;0.632398753894081
3531;0.4598214285714286
3541;0.33472803347280333
3610;0.75
2064;0.6746987951807228
5996;0.024844720496894457
3680;0.9318875992669517
3293;0.9035648994515539
2396;0.9061662198391421
2395;0.8197747183979975
1931;0.8512254055919917
1930;0.8964973177658567
3901;0.6842105263157895
4858;0.0
3388;0.3246753246753247
546;0.7395348837209302
5634;0.802547770700637
3615;0.7317073170731707
5307;0.8196531791907514
1106;0.84
4527;0.6666666666666667
2534;0.6744186046511628
2535;0.9493742889647326
5353;0.9190715181932246
3622;0.7192575406032482
5974;0.5617977528089888
1103;0.5041666666666667
4225;0.8191964285714286
5306;0.4752475247524752
2412;0.5294117647058824
3345;0.782258064516129
3204;0.7307692307692308
3201;0.613240418118467
4945;0.8576051779935275
4483;0.8458781362007168
5112;0.7132352941176471
5831;0.8995892286627111
6053;0.955955955955956
3791;0.7372881355932204
4010;0.6294964028776979
4059;0.8835304822565969
58;0.6149068322981366
3295;0.5570469798657718
3031;0.72
1456;0.9366537717601547
2707;0.6875
5443;0.49723756906077343
1243;0.5536723163841808
1242;0.7011278195488722
2150;0.5
5898;0.47916666666666663
3507;0.4545454545454546
1681;0.15625
3503;0.5454545454545454
5895;0.6327433628318584
3505;0.8254716981132075
3216;0.7111111111111111
5716;0.625
902;0.8515742128935533
1588;0.8738738738738738
2864;0.4897959183673469
2863;0.8640350877192983
1675;0.851027397260274
4881;0.9239956568946797
227;0.7567567567567568
4006;0.8006430868167203
2929;0.8783592644978784
305;0.36250000000000004
4038;0.8774617067833698
4300;0.8376623376623377
5142;0.856898029134533
2614;0.9019893255701116
215;0.15957446808510634
5853;0.9169339320076972
1002;0.3307086614173228
4998;0.888504753673293
630;0.850828729281768
1851;0.5442176870748299
1623;0.5357142857142857
3681;0.19166666666666665
309;0.8117977528089888
4573;0.5698924731182795
1166;0.5625
1157;0.8773946360153256
311;0.8854368932038835
4047;0.8546168958742633
1165;0.0
4569;0.5463414634146342
1162;0.09677419354838712
1160;0.33870967741935487
144;0.9531675440188782
224;0.4366925064599483
172;0.8991521642124052
4868;0.9562666666666667
195;0.7800995024875622
3995;0.8678290213723284
4984;0.897080291970803
3837;0.7037037037037037
3834;0.764367816091954
6083;0.8639705882352942
6086;0.8666666666666667
2224;0.6451612903225806
5254;0.7450980392156863
2270;0.0
4449;0.9234726688102894
1294;0.9378265412748171
3020;0.9650595882990249
6041;0.34426229508196726
4800;0.5931372549019608
3472;0.4434782608695652
5992;0.4225941422594143
1661;0.2941176470588235
5914;0.0
3508;0.07692307692307687
3452;0.25
5773;0.898876404494382
1001;0.6875
1461;0.2924528301886793
1459;0.5151515151515151
2598;0.36363636363636365
281;0.5652173913043479
3218;0.7717391304347826
3533;0.16930022573363435
480;0.7126436781609196
567;0.7334167709637046
5418;0.02631578947368418
3576;0.3486238532110092
2485;0.8664705882352941
2356;0.8333333333333334
1861;0.19893899204244037
5386;0.5
284;0.8703703703703703
283;0.42500000000000004
3476;0.17004048582995956
5879;0.16346153846153844
694;0.7972222222222223
4288;0.7647058823529411
5382;0.6666666666666667
326;0.9094412331406551
5678;0.7597765363128491
5655;0.43971631205673756
5691;0.8791793313069909
3175;0.5241935483870968
5694;0.8573369565217391
3144;0.7212713936430317
5665;0.5714285714285714
4294;0.8920377867746289
3381;0.6142857142857143
5827;0.7824074074074074
1995;0.7317554240631163
1996;0.9427083333333334
2566;0.8161094224924013
1431;0.49523809523809526
5233;0.5578231292517006
4302;0.6490384615384616
1836;0.9565351418002466
4967;0.5545454545454546
3793;0.30000000000000004
4450;0.09523809523809523
935;0.47058823529411764
5525;0.9
2870;0.8888888888888888
1397;0.7797202797202797
315;0.8117647058823529
316;0.0
2869;0.7236842105263157
915;0.6271186440677966
2997;0.6734693877551021
3005;0.6938775510204082
2216;0.5098039215686274
2052;0.8
4259;0.8710217755443886
644;0.7186147186147186
4261;0.8958333333333334
5963;0.9327217125382263
285;0.09302325581395354
2122;0.11111111111111116
3464;0.5454545454545454
5717;0.5287958115183247
2487;0.7777777777777778
3951;0.9518633540372671
3961;0.9147727272727273
4588;0.8913793103448275
2492;0.8972549019607843
2661;0.80078125
3471;0.6818181818181819
234;0.5576923076923077
1726;0.4140127388535032
395;0.5178571428571428
3971;0.31775700934579443
3089;0.5897435897435898
4935;0.9290724863600935
2714;0.5681818181818181
1640;0.125
4864;0.37209302325581395
1316;0.7135135135135136
4657;0.821917808219178
5144;0.4214123006833713
3309;0.14102564102564108
2098;0.5502873563218391
5447;0.9661016949152542
5803;0.725
5802;0.7241379310344828
5998;0.6937269372693726
3773;0.9123287671232877
3685;0.7878787878787878
3341;0.5806451612903225
422;0.6967213114754098
423;0.7713675213675214
1919;0.5
1918;0.0
921;0.928
908;0.8955823293172691
52;0.7557251908396947
3934;0.6796875
53;0.360655737704918
3418;0.9176470588235294
5847;0.8923076923076922
4981;0.8493589743589743
5524;0.6195652173913043
2999;0.5
19;0.0
1016;0.65
3408;0.5825242718446602
2120;0.5667655786350148
974;0.8707829408020369
971;0.8208255159474671
448;0.8971867007672634
3234;0.03246753246753242
5552;0.07547169811320753
5729;0.23039215686274506
2924;0.09999999999999998
46;0.9304812834224598
2157;0.8820960698689957
3738;0.7272727272727273
39;0.0
3532;0.5587121212121212
2796;0.6333333333333333
5432;0.2564102564102564
3299;0.19999999999999996
2937;0.42307692307692313
5232;0.7963246554364471
5234;0.3640552995391705
716;0.7083333333333333
1791;0.7916666666666666
1789;0.8490566037735849
2171;0.9121687929342492
4122;0.7850746268656716
457;0.82537517053206
1868;0.6976744186046512
4994;0.7523809523809524
1870;0.7245080500894454
1897;0.6627906976744187
1896;0.6949152542372881
2274;0.43333333333333335
5823;0.7777777777777778
5822;0.967741935483871
3374;0.9102040816326531
3373;0.7379310344827585
5821;0.6842105263157895
3379;0.5227272727272727
5824;0.4814814814814815
1793;0.8773946360153256
1975;0.9178082191780822
2577;0.76
70;0.45614035087719296
69;0.5299145299145299
4650;0.8112449799196787
1762;0.044117647058823484
383;0.25
4530;0.9150943396226415
3741;0.5966386554621849
3743;0.9384236453201971
4361;0.6304347826086957
871;0.8376068376068376
869;0.8827160493827161
880;0.8237082066869301
4369;0.8429319371727748
313;0.7133333333333334
1158;0.8840262582056893
4046;0.7472527472527473
4564;0.8278388278388278
4044;0.9457627118644067
3616;0.6929637526652452
3385;0.12841530054644812
5937;0.7703703703703704
1985;0.665
5941;0.4685990338164251
5841;0.33333333333333337
2983;0.6026936026936027
1814;0.8744186046511628
2521;0.7121848739495799
2391;0.5135135135135135
210;0.7333333333333334
1773;0.125
2389;0.2777777777777778
5183;0.9032258064516129
5793;0.7478260869565218
3658;0.0
2414;0.33333333333333337
853;0.9181818181818182
2523;0.8939393939393939
1327;0.45669291338582674
1700;0.49425287356321834
901;0.47058823529411764
899;0.8777955271565495
3495;0.8474923234390993
610;0.653061224489796
4966;0.8320935175345378
4942;0.6859504132231404
2397;0.675
1877;0.6861313868613139
1781;0.423728813559322
1737;0.7058823529411764
4915;0.5
3197;0.23076923076923073
5705;0.0
1379;0.6556016597510373
3947;0.725
106;0.36708860759493667
1458;0.9373638344226579
2712;0.5275590551181102
2008;0.8673218673218673
5211;0.7332053742802302
2243;0.7120689655172414
3789;0.8791946308724832
5075;0.8472361809045226
5074;0.8674785100286533
3382;0.7979274611398963
5826;0.5327635327635327
708;0.8569384835479256
2943;0.0
165;0.050000000000000044
169;0.5037220843672456
2303;0.8297872340425532
3880;0.27522935779816515
2430;0.3448275862068966
3697;0.9088594704684317
4567;0.6764705882352942
3563;0.7712418300653595
3562;0.4545454545454546
228;0.16666666666666663
1636;0.6693290734824281
4860;0.8689859363434493
2094;0.9683734939759037
4912;0.845360824742268
2413;0.7734375
5373;0.7258064516129032
2578;0.3388888888888889
5779;0.9423312883435583
1159;0.8130081300813008
4848;0.9712926249008723
3796;0.6873315363881402
3395;0.5773195876288659
1642;0.7669172932330828
5217;0.47619047619047616
2065;0.5909090909090908
5113;0.9625
2051;0.9588859416445623
185;0.7164179104477613
1006;0.6753246753246753
5050;0.9283387622149837
3692;0.7777777777777778
2693;0.5517241379310345
2583;0.20512820512820518
2582;0.6237623762376238
2169;0.6796536796536796
2282;0.9311639549436797
2000;0.9547581903276131
1192;0.8114035087719298
2553;0.6730769230769231
1987;0.27586206896551724
3848;0.34408602150537637
5893;0.68125
676;0.9103585657370518
1617;0.7517241379310344
2656;0.9279279279279279
1364;0.8390243902439024
1357;0.039215686274509776
4683;0.23188405797101452
4363;0.0
836;0.0
4364;0.3653846153846154
4366;0.8881578947368421
723;0.9437138348237769
6016;0.7151051625239006
3222;0.7209302325581395
2761;0.49056603773584906
3060;0.8310810810810811
2760;0.2857142857142857
2759;0.8636363636363636
634;0.782608695652174
635;0.1333333333333333
4238;0.8514851485148515
1845;0.910828025477707
633;0.9279279279279279
813;0.8974358974358975
484;0.8080495356037152
2155;0.855379188712522
3407;0.9341761115954664
2741;0.9323164918970448
5452;0.0
627;0.8958885941644562
4245;0.928390901432182
4248;0.9239704329461458
2758;0.8091822094691535
3884;0.6470588235294117
1735;0.8282548476454293
1994;0.7358490566037736
2565;0.6557377049180328
5064;0.7777777777777778
2745;0.7631578947368421
3451;0.6197916666666667
674;0.8516949152542372
4469;0.4080717488789237
4465;0.08860759493670889
1444;0.0
6076;0.1270718232044199
1176;0.7430340557275541
1174;0.8631578947368421
3643;0.6433823529411764
6044;0.85
6032;0.45614035087719296
3755;0.6756756756756757
6021;0.764
1113;0.08737864077669899
1389;0.25806451612903225
3953;0.9463806970509383
5261;0.8876341050254094
4202;0.22368421052631582
1215;0.5
5068;0.6
2050;0.8642149929278642
5114;0.9188664596273292
129;0.5913978494623655
4305;0.8175675675675675
5146;0.6972477064220184
2104;0.6928327645051194
5151;0.6329588014981273
5153;0.8842892768079801
5175;0.9547222222222222
704;0.8535031847133758
4292;0.8333333333333334
4291;0.835820895522388
4310;0.6216216216216216
730;0.675
4309;0.5
3515;0.8200000000000001
5906;0.75
3510;0.7241379310344828
725;0.9210526315789473
1048;0.908
124;0.9070796460176991
3964;0.8936170212765957
3965;0.8125
1091;0.7945823927765236
1073;0.6727272727272727
4546;0.7886178861788617
3498;0.7234042553191489
2438;0.6393034825870647
5314;0.8027777777777778
2436;0.8622754491017964
4638;0.8707964601769911
5231;0.7184300341296928
2211;0.8357142857142857
4723;0.9379310344827586
4728;0.9289940828402367
4729;0.5074626865671642
4509;0.9469598965071151
4512;0.8198198198198199
5629;0.9056603773584906
3193;0.0
376;0.4807692307692307
1384;0.06493506493506496
1388;0.8944793850454228
1347;0.9061616732617298
4679;0.6266666666666667
3225;0.5591397849462365
1349;0.424892703862661
893;0.0561797752808989
4680;0.8843159065628476
4681;0.8768328445747801
2531;0.9504434011476265
1251;0.732620320855615
4532;0.7878787878787878
3046;0.9148681055155875
1743;0.7044917257683215
75;0.9407179971658006
5379;0.9621661721068249
5468;0.8333333333333334
3665;0.9356768885564697
3494;0.14438502673796794
1871;0.7142857142857143
5015;0.07446808510638303
1906;0.11428571428571432
1905;0.07462686567164178
4839;0.8975609756097561
2193;0.0
5185;0.5581395348837209
1140;0.5747126436781609
1096;0.849802371541502
837;0.8083333333333333
4840;0.8543922984356197
5033;0.7352941176470589
4948;0.6666666666666667
202;0.4295774647887324
253;0.770949720670391
2134;0.8396501457725948
443;0.09090909090909094
445;0.9070667957405615
6062;0.7869634340222575
2788;0.43137254901960786
5470;0.2666666666666667
1115;0.06557377049180324
5274;0.013333333333333308
817;0.5748031496062992
6060;0.5491803278688525
3800;0.47663551401869164
1915;0.8571428571428572
149;0.0
148;0.018181818181818188
168;0.6768018018018018
684;0.4736842105263158
4277;0.7888198757763976
180;0.6908396946564885
3991;0.5767441860465117
4676;0.7598039215686274
21;0.15816326530612246
3918;0.33333333333333337
5750;0.3419354838709677
3259;0.43333333333333335
3248;0.9364406779661016
5739;0.9121037463976945
3114;0.9154334038054969
385;0.0
3571;0.5607476635514019
1573;0.5254237288135593
4826;0.08823529411764708
4831;0.12403100775193798
1581;0.08490566037735847
1580;0.7090909090909091
4830;0.7854545454545454
1575;0.2773109243697479
4827;0.24347826086956526
1490;0.9811240592376791
4946;0.5180722891566265
4992;0.7226277372262774
2105;0.7631578947368421
1713;0.937125748502994
4899;0.7532467532467533
729;0.5625
4993;0.9445812807881774
3993;0.8524590163934427
2767;0.6923076923076923
2167;0.8863636363636364
5595;0.9041916167664671
2222;0.3076923076923077
1232;0.8975155279503105
1080;0.65
4175;0.0
2686;0.09523809523809523
710;0.17647058823529416
705;0.0
5917;0.8571428571428572
3527;0.8235294117647058
5815;0.9202453987730062
2271;0.6902985074626866
3877;0.9148459383753501
3871;0.7994542974079126
2030;0.9748044107681882
6101;0.845679012345679
1754;0.5256064690026954
4924;0.5635939323220537
3401;0.30065359477124187
1633;0.8799110452186805
5540;0.3486238532110092
4589;0.4117647058823529
1359;0.0
4684;0.896551724137931
3117;0.929718875502008
2059;0.625
5539;0.5786516853932584
28;0.9027576197387518
183;0.7109826589595376
3992;0.16260162601626016
182;0.16666666666666663
4916;0.7784200385356455
1586;0.6524216524216524
4918;0.41721854304635764
636;0.4364820846905537
4932;0.8629032258064516
1764;0.7686567164179104
3119;0.6616541353383458
879;0.8711943793911007
874;0.8542914171656687
4688;0.9073170731707317
3619;0.0
1060;0.4444444444444444
5978;0.8084112149532711
5177;0.5798319327731092
181;0.6215596330275229
1344;0.774822695035461
760;0.7599164926931107
4321;0.9099405267629567
4083;0.7272727272727273
368;0.7906976744186046
4084;0.8620689655172413
1890;0.8814814814814815
2573;0.6536312849162011
3097;0.6955602536997886
3608;0.6958424507658643
3440;0.26016260162601623
5457;0.8493449781659389
3184;0.0625
1463;0.08163265306122447
3581;0.23913043478260865
1398;0.7559681697612732
5117;0.5925925925925926
4834;0.6756756756756757
456;0.6567164179104478
4138;0.013698630136986356
5920;0.8708708708708709
5454;0.032258064516129004
162;0.8363636363636364
3983;0.9029850746268657
2107;0.5819209039548023
5152;0.12195121951219512
3387;0.7533333333333333
849;0.34426229508196726
850;0.30508474576271183
1646;0.9125
4867;0.8650793650793651
1647;0.865979381443299
862;0.8793103448275862
851;0.9230769230769231
4908;0.8525641025641025
1181;0.5333333333333333
3566;0.8643815201192251
838;0.3786407766990292
2980;0.8864926220204313
2478;0.0
1695;0.40760869565217395
5409;0.15646258503401356
5321;0.8163265306122449
5216;0.08333333333333337
3441;0.8461538461538461
1629;0.08620689655172409
174;0.4953271028037384
2351;0.8745247148288974
5818;0.7848101265822784
3110;0.3421052631578947
3109;0.1132075471698113
5647;0.5784313725490196
956;0.930939226519337
4618;0.5159235668789809
865;0.8073394495412844
5603;0.7837837837837838
3025;0.48571428571428577
6115;0.9475566150178785
3372;0.33333333333333337
2562;0.6666666666666667
5255;0.5333333333333333
5277;0.0
5072;0.7101449275362319
5082;0.6814159292035398
471;0.2857142857142857
4131;0.8865671641791044
5059;0.6156716417910448
2546;0.6
6093;0.5
1478;0.8702290076335878
1510;0.8817204301075269
2466;0.0
2246;0.9090909090909091
340;0.8760683760683761
1833;0.8729281767955801
4964;0.7777777777777778
4063;0.8846153846153846
341;0.6153846153846154
5285;0.8421052631578947
3555;0.0714285714285714
40;0.12195121951219512
2204;0.9462102689486552
5190;0.7804878048780488
2201;0.881578947368421
6064;0.64
3798;0.4285714285714286
4401;0.7407407407407407
3043;0.07207207207207211
2880;0.4975609756097561
3044;0.39473684210526316
1466;0.75
1885;0.8604651162790697
1846;0.865979381443299
5862;0.5891472868217054
1886;0.8707865168539326
4673;0.6985915492957746
4898;0.39622641509433965
1710;0.25850340136054417
1339;0.8936170212765957
4672;0.8845315904139434
2054;0.8846153846153846
2055;0.8878504672897196
3602;0.711864406779661
5956;0.16417910447761197
3601;0.24
4386;0.9204545454545454
4444;0.8687089715536105
1345;0.19753086419753085
3484;0.36448598130841126
5633;0.5
3269;0.36764705882352944
1649;0.0
2913;0.8134185303514377
2912;0.7802281368821293
2911;0.5109034267912773
3618;0.23958333333333337
876;0.0
54;0.0
1195;0.7806122448979592
6048;0.5518672199170125
6067;0.6109022556390977
6071;0.16161616161616166
6074;0.0
6073;0.3186119873817035
3818;0.05161290322580647
3475;0.012048192771084376
2830;0.6265560165975104
3916;0.10769230769230764
3024;0.7014925373134329
5600;0.5066666666666666
3029;0.6101694915254237
3030;0.9435789473684211
3033;0.8163771712158809
662;0.4204545454545454
209;0.869653767820774
5046;0.985143516515217
4264;0.8508771929824561
5225;0.8311688311688312
5223;0.609375
2264;0.6582278481012658
5446;0.924944812362031
3456;0.8695652173913043
3455;0.9092920353982301
6045;0.9156010230179028
945;0.8448844884488449
4403;0.8786407766990292
4343;0.6147540983606558
4739;0.6666666666666667
5582;0.8540772532188841
2480;0.7373417721518987
1481;0.857843137254902
1694;0.8378378378378378
2473;0.0
2643;0.0
5989;0.9368174726989079
4762;0.9124087591240876
3092;0.4444444444444444
3487;0.5555555555555556
3500;0.5625
3078;0.6190476190476191
5631;0.625
1802;0.5166666666666666
1696;0.4411764705882353
1540;0.5701754385964912
3759;0.19999999999999996
2824;0.3296703296703297
3403;0.7597765363128491
5982;0.6629213483146068
2048;0.8350515463917526
5150;0.7126436781609196
1711;0.7109375
4901;0.9038461538461539
1338;0.7162629757785467
4766;0.8787878787878788
4353;0.934931506849315
861;0.780281690140845
1504;0.5897435897435898
1518;0.5241379310344827
2142;0.2804878048780488
3887;0.5
2464;0.6594594594594594
1363;0.2142857142857143
2190;0.1515151515151515
2183;0.971900826446281
2930;0.2925170068027211
2223;0.8459016393442623
3585;0.8527131782945736
2253;0.6304347826086957
3212;0.7421875
2820;0.2692307692307693
5488;0.6928571428571428
2819;0.7169811320754718
2821;0.8936170212765957
2676;0.8533333333333333
2866;0.9304084720121029
2403;0.8888888888888888
34;0.7142857142857143
3539;0.7551020408163265
3573;0.45977011494252873
1957;0.8184110970996217
5047;0.96590611067401
955;0.6865671641791045
3726;0.9175795513823682
682;0.7154255319148937
2056;0.048387096774193505
1756;0.8858974358974359
1750;0.8775834658187599
4925;0.7985611510791367
1956;0.9279661016949152
722;0.8905325443786982
3976;0.02564102564102566
5286;0.030303030303030276
2336;0.0
5852;0.7310344827586207
2836;0.33999999999999997
3112;0.757396449704142
5644;0.19999999999999996
5645;0.527027027027027
3367;0.5753424657534247
5278;0.8746268656716418
2349;0.31645569620253167
2323;0.7294117647058824
1413;0.7164179104477613
5820;0.22499999999999998
3876;0.9317647058823529
780;0.25
3911;0.7708333333333334
5776;0.9090909090909091
3286;0.9209726443768997
5774;0.9096916299559471
2732;0.6976744186046512
5236;0.8352941176470589
2214;0.8
5327;0.08333333333333337
5462;0.6965517241379311
2526;0.9438085327783559
5237;0.25
2283;0.0
2281;0.7549668874172185
2678;0.0
2231;0.16470588235294115
5201;0.7892030848329049
5907;0.0
726;0.02564102564102566
3783;0.736842105263158
2160;0.6145833333333333
5891;0.9792284866468842
5806;0.7961165048543689
3344;0.7777777777777778
3776;0.9074550128534704
6037;0.9
6046;0.8905109489051095
3775;0.7317073170731707
6036;0.9393939393939394
3850;0.7222222222222222
5007;0.9081081081081082
5008;0.0
5404;0.9142857142857143
652;0.910828025477707
2463;0.5337837837837838
3907;0.7625
3949;0.7960199004975125
4468;0.9167741935483871
3331;0.09523809523809523
74;0.8361508452535761
3705;0.078125
616;0.9166666666666666
5730;0.524390243902439
3235;0.6752136752136753
4635;0.0
2561;0.7619047619047619
2610;0.8064516129032258
5388;0.791044776119403
5375;0.2857142857142857
4610;0.33333333333333337
1348;0.3207547169811321
3123;0.847571189279732
992;0.8625204582651391
4619;0.9418604651162791
4621;0.788235294117647
1807;0.7285714285714286
1258;0.9375
4691;0.9038461538461539
5741;0.9151846785225718
4753;0.8694779116465863
2266;0.75
1010;0.5809523809523809
4454;0.6824324324324325
2060;0.8714285714285714
5121;0.865
5964;0.6888888888888889
2003;0.05555555555555558
3261;0.0625
1767;0.8532608695652174
1766;0.6057692307692308
952;0.8150943396226416
2554;0.2407407407407407
5757;0.40909090909090906
4934;0.844
1306;0.9025974025974026
4652;0.3870967741935484
606;0.759656652360515
5651;0.8706624605678234
623;0.875
4244;0.908235294117647
624;0.8808664259927798
4249;0.8439490445859873
2744;0.17318435754189943
2180;0.9488
5910;0.32352941176470584
3521;0.47959183673469385
5913;0.0
2811;0.03157894736842104
4516;0.6976744186046512
1554;0.05128205128205132
1744;0.05797101449275366
1748;0.8258317025440314
2968;0.902027027027027
2750;0.28787878787878785
3587;0.0
3405;0.2666666666666667
2469;0.4375
5322;0.7838983050847458
5737;0.8376623376623377
4832;0.37777777777777777
1582;0.15591397849462363
6047;0.23728813559322037
5718;0.8108108108108107
2874;0.7027027027027026
2109;0.5485436893203883
761;0.8163934426229509
4320;0.8478581979320532
5399;0.3623188405797102
2496;0.8506493506493507
2495;0.10569105691056913
4779;0.7225433526011561
2637;0.8328530259365994
1752;0.541958041958042
14;0.8336594911937378
3893;0.23636363636363633
3892;0.2178217821782178
6124;0.02564102564102566
2550;0.7286324786324787
3118;0.9411231884057971
2960;0.037735849056603765
3890;0.8465011286681716
2138;0.924956369982548
4236;0.9118942731277533
1645;0.5037593984962406
3855;0.14432989690721654
1654;0.01754385964912286
465;0.0625
562;0.6585365853658536
3040;0.8
3501;0.7852564102564102
2470;0.7410468319559229
3900;0.9627077421970004
1924;0.7139175257731959
794;0.45238095238095233
1981;0.8708644610458911
1801;0.8333333333333334
5063;0.8962962962962963
78;0.7295081967213115
62;0.8796992481203008
3938;0.891156462585034
3669;0.7292576419213974
5990;0.6
2639;0.0
2467;0.8541114058355438
2615;0.7446808510638299
5374;0.7924528301886793
5535;0.2685185185185185
1797;0.31818181818181823
2719;0.7777777777777778
2715;0.8383838383838383
5003;0.5434782608695652
1864;0.05555555555555558
1863;0.6486486486486487
5529;0.5930232558139534
1099;0.8645833333333334
5876;0.9031339031339032
3732;0.6810344827586207
2352;0.8508771929824561
996;0.7377049180327868
2304;0.9
939;0.8269230769230769
957;0.8362068965517242
4398;0.8505747126436781
4399;0.6923076923076923
5248;0.7417218543046358
1717;0.339622641509434
4905;0.023255813953488413
1337;0.9032258064516129
2063;0.8973214285714286
2651;0.8367346938775511
468;0.17647058823529416
192;0.34615384615384615
1111;0.8031319910514542
2555;0.050000000000000044
5365;0.5566037735849056
929;0.8608247422680413
4393;0.8781431334622825
4340;0.6857142857142857
824;0.7254901960784313
4331;0.75
3157;0.13636363636363635
2474;0.23076923076923073
1088;0.8899082568807339
1085;0.9324324324324325
1424;0.417910447761194
1423;0.9377431906614786
1418;0.8659217877094972
5728;0.6756756756756757
750;0.8961038961038961
4857;0.8538812785388128
5912;0.0
3519;0.36363636363636365
434;0.8292682926829268
5950;0.0
6070;0.0
3816;0.0
1450;0.8486238532110092
6051;0.9322617680826636
5711;0.8997134670487106
648;0.9103641456582633
1382;0.8486842105263158
954;0.1986301369863014
4221;0.6567505720823799
277;0.7680491551459293
913;0.33333333333333337
13;0.2295081967213115
3702;0.8833333333333333
2722;0.44999999999999996
1779;0.75
257;0.1428571428571429
299;0.0
300;0.697986577181208
3735;0.36363636363636365
1457;0.0
5911;0.0
5954;0.0
348;0.38095238095238093
4923;0.8587196467991169
2407;0.8722627737226277
5176;0.5575221238938053
5344;0.0
1494;0.38095238095238093
673;0.9261233815689262
3469;0.5
3468;0.8857142857142857
2080;0.8867924528301887
2206;0.9020979020979021
1179;0.6578947368421053
3337;0.7619047619047619
1281;0.0
1182;0.7777777777777778
4582;0.8928571428571429
2956;0.930724823604875
4012;0.9083728278041074
5065;0.810966810966811
1020;0.7454545454545455
4463;0.892156862745098
5422;0.6896551724137931
661;0.8587962962962963
857;0.8481561822125814
839;0.8242574257425743
847;0.8260869565217391
848;0.48275862068965514
5170;0.9166666666666666
2147;0.8285714285714285
4250;0.8552631578947368
4977;0.7267080745341614
2868;0.7358490566037736
2632;0.8311688311688312
4132;0.19999999999999996
2004;0.7543859649122807
4825;0.5882352941176471
3572;0.34782608695652173
5684;0.8577405857740585
1909;0.26315789473684215
6095;0.5991561181434599
2195;0.8947368421052632
5125;0.8760330578512396
1688;0.26582278481012656
3417;0.9468599033816425
1386;0.9117647058823529
4708;0.9405940594059405
5650;0.9361702127659575
3115;0.9265536723163842
3416;0.9090909090909091
1387;0.88
1278;0.8351648351648352
1276;0.971764705882353
2873;0.8455882352941176
2875;0.4339622641509434
5530;0.296137339055794
111;0.5526315789473684
3952;0.5217391304347826
1509;0.5431034482758621
4788;0.6243386243386244
1047;0.125
72;0.8387096774193549
659;0.7243589743589743
856;0.8884297520661157
2690;0.9652592196686264
3220;0.8581081081081081
2620;0.5555555555555556
1505;0.25
1502;0.36170212765957444
1503;0.6434782608695653
4783;0.7166666666666667
1499;0.8013245033112583
4780;0.47058823529411764
5890;0.1417322834645669
431;0.3902439024390244
99;0.5789473684210527
459;0.7936507936507937
71;0.8342541436464088
430;0.5454545454545454
4276;0.6428571428571428
5819;0.8852459016393442
2184;0.6216216216216216
5707;0.8322147651006712
5361;0.5652173913043479
3085;0.03200000000000003
4152;0.922077922077922
495;0.7166666666666667
205;0.801452784503632
1322;0.45614035087719296
4414;0.5652173913043479
498;0.7129277566539924
473;0.4600760456273765
4133;0.9186602870813397
497;0.8946449359720605
3790;0.8791704238052299
3861;0.2981366459627329
6106;0.6298701298701299
4686;0.7214285714285714
1213;0.8336520076481836
1362;0.6504065040650406
666;0.3835616438356164
663;0.6513761467889908
1358;0.8837209302325582
4685;0.0625
2829;0.7741935483870968
4711;0.4181818181818182
1396;0.28888888888888886
2031;0.2666666666666667
5856;0.9302325581395349
2843;0.8571428571428572
5500;0.7432432432432432
5461;0.36363636363636365
2771;0.19999999999999996
2775;0.75
1523;0.5555555555555556
3530;0.8529411764705882
3529;0.33333333333333337
2344;0.8936170212765957
2343;0.9494949494949495
5272;0.9210526315789473
1097;0.16666666666666663
246;0.9642857142857143
3806;0.7592592592592593
5415;0.5294117647058824
2803;0.9259259259259259
5482;0.6666666666666667
816;0.13636363636363635
2792;0.0
5012;0.8080808080808081
3205;0.9180327868852459
5709;0.9526484751203852
421;0.8461538461538461
5663;0.7538461538461538
516;0.078125
2942;0.5
357;0.7391304347826086
4073;0.7534246575342466
4087;0.0
371;0.0
4345;0.0
1253;0.7592592592592593
2993;0.6153846153846154
2992;0.15000000000000002
5586;0.3571428571428571
5587;0.42105263157894735
5517;0.7058823529411764
777;0.3846153846153846
4326;0.08333333333333337
778;0.675
4090;0.8461538461538461
752;0.8804878048780488
4662;0.9635036496350365
1257;0.6770833333333333
6010;0.8888888888888888
6039;0.910025706940874
6011;0.6722689075630253
4415;0.8308823529411764
2423;0.30000000000000004
2579;0.6785714285714286
1460;0.0
2599;0.7241379310344828
5381;0.5
2435;0.6666666666666667
1910;0.11111111111111116
1907;0.1707317073170732
2549;0.6129032258064516
5986;0.7413793103448276
3589;0.0
2156;0.7846153846153846
4018;0.1428571428571429
1409;0.34285714285714286
2621;0.8761061946902655
5354;0.949605343047966
4433;0.7555555555555555
5247;0.9436619718309859
1395;0.7971014492753623
5412;0.8529411764705882
2763;0.0
2330;0.8366533864541833
1298;0.9444444444444444
3343;0.30000000000000004
977;0.6
5868;0.8571428571428572
2716;0.9017857142857143
1989;0.7857142857142857
4734;0.7668918918918919
6122;0.49222797927461137
5654;0.7809798270893371
4931;0.6502242152466368
1765;0.8636363636363636
4105;0.8169014084507042
4919;0.8493150684931507
5188;0.8671328671328671
2203;0.6111111111111112
3872;0.8161434977578476
1697;0.4455445544554455
4297;0.5084745762711864
3363;0.0
4306;0.6464646464646464
4578;0.509090909090909
206;0.0
492;0.2790697674418605
924;0.6
2329;0.6144578313253012
3449;0.7251908396946565
5405;0.8312655086848635
2640;0.352
5411;0.032786885245901676
3246;0.934260429835651
1542;0.7942708333333334
890;0.0
642;0.6226415094339622
4811;0.9317773788150808
5561;0.5485232067510548
2939;0.652037617554859
3536;0.9131274131274131
1715;0.8133333333333334
1712;0.9370629370629371
5120;0.45833333333333337
923;0.9324324324324325
3973;0.44999999999999996
5940;0.0
2777;0.023809523809523836
1372;0.44799999999999995
1038;0.5223880597014925
110;0.9585316111488783
5576;0.0
1825;0.7806451612903226
1621;0.4181818181818182
472;0.8326693227091634
490;0.5
1493;0.803921568627451
1491;0.2421875
4771;0.20491803278688525
1483;0.06329113924050633
1482;0.25806451612903225
474;0.04166666666666663
3402;0.8235294117647058
3635;0.6830985915492958
444;0.3846153846153846
2867;0.3793103448275862
4156;0.49514563106796117
1508;0.6349206349206349
3795;0.72
4947;0.6714285714285715
5848;0.9631901840490797
683;0.2815533980582524
4279;0.36633663366336633
3985;0.8512931034482758
3103;0.6
2483;0.25
2889;0.8
587;0.15254237288135597
276;0.04347826086956519
2273;0.21052631578947367
4765;0.8878504672897196
5330;0.6486486486486487
2488;0.6666666666666667
5040;0.5434782608695652
5145;0.0
3;0.864406779661017
4035;0.8524590163934427
2890;0.045454545454545414
1843;0.7333333333333334
151;0.5061728395061729
2730;0.8317757009345794
3701;0.7058823529411764
3699;0.19354838709677424
3172;0.46341463414634143
312;0.8983050847457628
2574;0.16666666666666663
877;0.5510204081632653
2398;0.5157894736842106
1032;0.5609756097560976
1062;0.35
5970;0.0
4531;0.8556149732620321
5653;0.7799227799227799
5861;0.8447694038245219
3863;0.4565217391304348
5785;0.6181318681318682
3302;0.29064039408866993
5028;0.8238805970149254
3287;0.7230215827338129
1948;0.7465753424657534
5649;0.8860465116279069
5849;0.9166666666666666
1256;0.0
582;0.8
1228;0.3939393939393939
554;0.675
552;0.0
4623;0.8903225806451613
318;0.9017341040462428
4054;0.9239130434782609
3704;0.8856015779092702
3844;0.0
2210;0.9252336448598131
2209;0.892156862745098
5252;0.9323671497584541
2245;0.5
1865;0.6842105263157895
4989;0.39583333333333337
604;0.0
3688;0.45945945945945943
5999;0.8169014084507042
1594;0.6666666666666667
2564;0.8818897637795275
4231;0.7721518987341772
3396;0.0
3636;0.09999999999999998
5161;0.0
294;0.8333333333333334
91;0.08333333333333337
2341;0.8414634146341463
4174;0.8706199460916442
1761;0.9290780141843972
1972;0.6363636363636364
3181;0.8666666666666667
4760;0.04761904761904767
1507;0.46153846153846156
6096;0.5595238095238095
3847;0.3137254901960784
55;0.875
714;0.5161290322580645
2076;0.625
3962;0.88
121;0.8148148148148149
3959;0.7931034482758621
5606;0.7867647058823529
660;0.36111111111111116
4285;0.8181818181818181
4284;0.7017543859649122
3364;0.4883720930232558
5817;0.3076923076923077
1718;0.8333333333333334
4671;0.881619937694704
1541;0.9394785847299814
3297;0.22499999999999998
3185;0.0
2748;0.07407407407407407
2635;0.7692307692307692
5220;0.6145833333333333
3525;0.3125
5122;0.9056603773584906
2181;0.8098765432098766
647;0.8794326241134752
4262;0.9076923076923077
2607;0.7894736842105263
2608;0.84375
390;0.4545454545454546
2375;0.0
3526;0.19999999999999996
5251;0.8780487804878049
2977;0.8
4256;0.6666666666666667
1741;0.3932584269662921
4988;0.7183098591549295
4774;0.782608695652174
355;0.7575757575757576
2994;0.33333333333333337
5588;0.0
2861;0.6666666666666667
5516;0.33333333333333337
2658;0.6402116402116402
1500;0.532258064516129
4781;0.8125
1501;0.4545454545454546
1798;0.5333333333333333
1980;0.5862068965517242
4586;0.7272727272727273
1188;0.0
679;0.6818181818181819
981;0.8
983;0.8421052631578947
3133;0.34285714285714286
3446;0.6363636363636364
3138;0.6986301369863014
1901;0.7619047619047619
1902;0.34782608695652173
5013;0.7692307692307692
5019;0.25
5364;0.9206586826347305
6126;0.9783783783783784
1279;0.0
2021;0.0
239;0.8106796116504854
601;0.32608695652173914
5312;0.6376811594202898
3362;0.9105691056910569
5901;0.6956521739130435
4029;0.05555555555555558
3708;0.0
4522;0.6785714285714286
2085;0.16666666666666663
5710;0.625
3203;0.8431372549019608
1707;0.9411764705882353
1722;0.9299610894941635
3768;0.8972602739726028
5604;0.7009345794392523
1116;0.9159663865546218
1512;0.8512396694214877
4791;0.19354838709677424
2841;0.839622641509434
5502;0.8818181818181818
3432;0.6486486486486487
3075;0.8674033149171271
6034;0.851063829787234
3767;0.8082191780821918
4798;0.25
1745;0.11111111111111116
1751;0.7782608695652173
5042;0.9069767441860466
3549;0.905940594059406
5932;0.8366336633663366
2834;0.0
810;0.9770114942528736
2532;0.8756756756756756
697;0.7704918032786885
5968;0.7896341463414634
737;0.125
5438;0.4285714285714286
1961;0.9392265193370166
1739;0.7692307692307692
298;0.7761194029850746
2720;0.8235294117647058
607;0.8940397350993378
1591;0.7894736842105263
1834;0.7674418604651163
2897;0.9480874316939891
845;0.7922077922077921
4757;0.0
2603;0.6206896551724138
3096;0.9183055975794251
2636;0.8297872340425532
3383;0.25
2609;0.7631578947368421
1656;0.0
3568;0.4
2148;0.6808510638297872
6125;0.32307692307692304
4173;0.5714285714285714
2611;0.0
5656;0.5925925925925926
4965;0.8717948717948718
629;0.9201183431952663
612;0.2571428571428571
1360;0.8380952380952381
3613;0.9130434782608696
3614;0.6
1988;0.4444444444444444
5069;0.821917808219178
1659;0.5
1427;0.0
119;0.8375634517766497
646;0.8095238095238095
4634;0.9682779456193353
1277;0.8198198198198199
3424;0.0
5842;0.8672566371681416
1353;0.8456140350877193
4130;0.0
5693;0.0
3159;0.8023255813953488
1597;0.030303030303030276
5679;0.1578947368421053
859;0.23076923076923073
2314;0.653061224489796
5681;0.0
772;0.7272727272727273
4836;0.5795454545454546
3853;0.8786610878661087
327;0.5675675675675675
328;0.07692307692307687
1867;0.5769230769230769
4121;0.5555555555555556
3371;0.8536585365853658
5389;0.0
4828;0.6
2219;0.5294117647058824
1419;0.676056338028169
667;0.09090909090909094
5720;0.0
4627;0.8285714285714285
574;0.0
982;0.8092485549132948
973;0.9251207729468599
914;0.0
5549;0.8571428571428572
2061;0.8
5981;0.9548022598870056
3646;0.9026548672566371
3291;0.3870967741935484
3285;0.8888888888888888
5555;0.7049180327868853
1204;0.5166666666666666
930;0.8795811518324608
4392;0.9423076923076923
4390;0.5384615384615384
932;0.8533333333333333
4394;0.8717948717948718
4485;0.8835978835978836
5927;0.9223744292237444
2657;0.7604166666666666
5746;0.6666666666666667
5341;0.5
5546;0.6129032258064516
748;0.7254901960784313
5434;0.0
2954;0.6893203883495146
5571;0.768595041322314
2957;0.0
3725;0.0
2955;0.7142857142857143
3223;0.39583333333333337
5168;0.33333333333333337
5929;0.9122807017543859
4246;0.0
626;0.8
4837;0.5714285714285714
1585;0.0
4053;0.9097586568730325
5009;0.0
123;0.736842105263158
5193;0.916083916083916
3558;0.08695652173913049
6058;0.28125
3805;0.7636363636363637
3881;0.0714285714285714
919;0.9454545454545454
4385;0.6
226;0.0
6119;0.0
1524;0.6111111111111112
3354;0.8845070422535212
1709;0.7222222222222222
3358;0.0
689;0.8
1514;0.0
3719;0.48275862068965514
1883;0.4883720930232558
3072;0.8870056497175142
3086;0.8985507246376812
4991;0.0
5081;0.8269230769230769
5051;0.8597560975609756
3596;0.9141104294478528
3687;0.5
3448;0.7931034482758621
3447;0.0
3909;0.0
4337;0.8705179282868526
3544;0.9120458891013384
3696;0.4864864864864865
3282;0.7441860465116279
1572;0.7962962962962963
5770;0.7560975609756098
3506;0.7654320987654322
3760;0.8951612903225806
3170;0.2727272727272727
2754;0.9
2631;0.7954545454545454
499;0.5135135135135135
5079;0.8807692307692307
3102;0.0
5192;0.7
2633;0.5238095238095238
16;0.7959183673469388
1782;0.8192771084337349
1495;0.813953488372093
4776;0.5714285714285714
3393;0.8662551440329218
4243;0.8777292576419214
3190;0.2777777777777778
591;0.8765432098765432
2533;0.8913043478260869
382;0.8157894736842105
4565;0.81875
4048;0.8385650224215246
5369;0.7692307692307692
4354;0.8764940239043825
882;0.8784530386740331
4356;0.785234899328859
4358;0.9022988505747126
2067;0.09999999999999998
3398;0.782608695652174
3898;0.9047619047619048
3384;0.06666666666666665
4592;0.5102040816326531
4628;0.09999999999999998
3438;0.9186991869918699
1866;0.368421052631579
491;0.6168831168831168
259;0.8938053097345133
2791;0.0
397;0.8
3439;0.85
152;0.35
5212;0.5
2137;0.34375
3683;0.9223744292237444
30;0.8945147679324894
3161;0.7428571428571429
5362;0.5555555555555556
1058;0.619718309859155
1260;0.89937106918239
720;0.8421052631578947
3915;0.75
4064;0.16666666666666663
1947;0.48611111111111116
2392;0.8717948717948718
2394;0.5175879396984925
4632;0.0
5448;0.7404255319148936
4355;0.8571428571428572
959;0.8888888888888888
4417;0.9411764705882353
273;0.4
4574;0.7272727272727273
1167;0.7777777777777778
1302;0.5789473684210527
3792;0.6875
4749;0.36
4341;0.8275862068965517
1682;0.6666666666666667
5754;0.7699530516431925
256;0.8161764705882353
4017;0.696969696969697
4026;0.9122807017543859
4267;0.8513513513513513
4056;0.7948717948717949
3292;0.9641255605381166
4566;0.9251336898395722
1898;0.09999999999999998
3346;0.125
1979;0.16666666666666663
5807;0.0
1978;0.0
2006;0.0
5832;0.7397260273972603
588;0.0
590;0.6582278481012658
4721;0.0
5257;0.911504424778761
3027;0.3448275862068966
3028;0.5964912280701755
5601;0.6818181818181819
3026;0.8152173913043479
68;0.41666666666666663
5270;0.4
5249;0.368421052631579
4687;0.16000000000000003
4498;0.4
2386;0.8537735849056604
118;0.8
4149;0.5853658536585367
3714;0.2142857142857143
344;0.0
2837;0.0
4224;0.4864864864864865
1755;0.9650092081031307
2449;0.6481481481481481
1415;0.33333333333333337
927;0.19999999999999996
928;0.7272727272727273
727;0.11627906976744184
834;0.1428571428571429
4071;0.8620689655172413
4110;0.8888888888888888
2882;0.46153846153846156
707;0.7272727272727273
2240;0.5882352941176471
2364;0.0
701;0.0
1248;0.26315789473684215
1822;0.7692307692307692
4957;0.8846153846153846
4719;0.736842105263158
1412;0.546875
5258;0.75
2326;0.8559322033898304
2822;0.6956521739130435
5602;0.35
3116;0.8539325842696629
4230;0.09090909090909094
2102;0.0
603;0.625
1592;0.1428571428571429
5397;0.5238095238095238
4663;0.8946280991735537
500;0.8884297520661157
1325;0.8172043010752688
1041;0.5238095238095238
3908;0.641025641025641
127;0.7543859649122807
2016;0.41666666666666663
1832;0.5862068965517242
3943;0.7579617834394905
142;0.8823529411764706
5301;0.8688524590163934
2213;0.0
4900;0.889763779527559
4903;0.375
5921;0.929471032745592
3537;0.775
2528;0.75
2700;0.26086956521739135
5833;0.0
4843;0.8347107438016529
1605;0.6153846153846154
904;0.050000000000000044
1342;0.7
965;0.8846153846153846
4422;0.85
966;0.75
1128;0.8055555555555556
1127;0.25
711;0.8311688311688312
3187;0.2666666666666667
2919;0.5
5186;0.9111747851002865
4693;0.9178082191780822
3710;0.782608695652174
6004;0.46153846153846156
1634;0.8181818181818181
5570;0.6938775510204082
3724;0.36363636363636365
2543;0.8607594936708861
2542;0.25
2541;0.7395833333333333
2756;0.05769230769230771
2755;0.7336956521739131
321;0.9405405405405405
292;0.9020771513353116
4031;0.8831168831168831
242;0.0
757;0.9493670886075949
4318;0.9706959706959707
4252;0.8977272727272727
4253;0.0
618;0.8048780487804879
3038;0.44999999999999996
2779;0.0
5854;0.0
5273;0.6666666666666667
4731;0.8
1429;0.85
5195;0.8653846153846154
883;0.6923076923076923
270;0.9358288770053476
2974;0.8461538461538461
3390;0.26315789473684215
5394;0.25
5473;0.26315789473684215
1819;0.25
6130;0.15000000000000002
5290;0.8783783783783784
5293;0.9
5295;0.09523809523809523
84;0.7083333333333333
4013;0.0
605;0.6666666666666667
1892;0.7777777777777778
1430;0.5555555555555556
5111;0.8461538461538461
809;0.8279569892473118
5325;0.3157894736842105
696;0.696969696969697
2557;0.5
1686;0.8518518518518519
1611;0.847457627118644
196;0.0
975;0.625
968;0.8433734939759037
3325;0.0
690;0.7619047619047619
3509;0.0
5899;0.7142857142857143
4154;0.905511811023622
4598;0.0
2366;0.8289473684210527
699;0.33333333333333337
4290;0.7627118644067796
4118;0.9183673469387755
792;0.8257575757575757
2559;0.5483870967741935
6014;0.8333333333333334
3199;0.6666666666666667
3941;0.7894736842105263
6038;0.8181818181818181
417;0.9069767441860466
2749;0.0
2402;0.30612244897959184
4404;0.9788732394366197
5116;0.8509316770186335
2255;0.31707317073170727
2027;0.16666666666666663
2969;0.2702702702702703
5688;0.3913043478260869
5408;0.696969696969697
791;0.0
1720;0.9367088607594937
4907;0.0
1716;0.8545454545454545
5124;0.923469387755102
2481;0.0
870;0.47058823529411764
3963;0.6666666666666667
4720;0.0
1574;0.052631578947368474
1577;0.7311827956989247
3656;0.7692307692307692
3627;0.7428571428571429
3784;0.8995215311004785
3774;0.8829787234042553
3782;0.8990825688073394
2986;0.2941176470588235
3281;0.5238095238095238
1216;0.5
3942;0.2325581395348837
594;0.7972972972972973
2594;0.0
515;0.5625
5345;0.8571428571428572
2387;0.7142857142857143
20;0.0
4480;0.0
510;0.7777777777777778
4168;0.935483870967742
502;0.7619047619047619
4160;0.3571428571428571
503;0.4
501;0.5172413793103448
4158;0.7912087912087912
189;0.25
1904;0.0
5014;0.6
63;0.9193548387096774
65;0.0
4581;0.7802197802197802
3954;0.8629032258064516
1723;0.8461538461538461
4784;0.0
807;0.8623481781376519
43;0.7080745341614907
1602;0.5
1601;0.7094017094017093
5795;0.0
5133;0.3125
6110;0.973404255319149
1824;0.0
5291;0.6097560975609756
5184;0.0
5609;0.25
3045;0.30000000000000004
2199;0.8714285714285714
3632;0.9534883720930233
2781;0.0
3522;0.33333333333333337
1071;0.72
5596;0.967741935483871
5933;0.33333333333333337
4809;0.4444444444444444
5228;0.8035714285714286
2212;0.33333333333333337
4304;0.4444444444444444
2399;0.33333333333333337
4475;0.6837606837606838
4871;0.875
197;0.9117647058823529
2388;0.7142857142857143
3162;0.6271186440677966
391;0.5
2380;0.8695652173913043
3099;0.15384615384615385
6107;0.3571428571428571
4855;0.8666666666666667
3592;0.8311688311688312
166;0.0
2045;0.8297872340425532
1474;0.8478260869565217
5107;0.7777777777777778
1990;0.46153846153846156
4921;0.9530201342281879
5022;0.7948717948717949
5536;0.4042553191489362
4960;0.0
3886;0.8705882352941177
1590;0.0
117;0.8387096774193549
5778;0.4
5090;0.7727272727272727
3321;0.5517241379310345
1496;0.8333333333333334
4577;0.5714285714285714
4159;0.8148148148148149
511;0.8780487804878049
4167;0.7307692307692308
126;0.2727272727272727
1812;0.33333333333333337
987;0.7272727272727273
4441;0.5833333333333333
1196;0.8163265306122449
1042;0.19999999999999996
6065;0.7692307692307692
6031;0.85
5863;0.6
4155;0.5
2753;0.7428571428571429
4775;0.5
4108;0.803921568627451
41;0.5869565217391304
1603;0.2857142857142857
3556;0.11111111111111116
2361;0.7
2766;0.0
3079;0.42307692307692313
614;0.8968253968253969
724;0.7567567567567568
147;0.55
1668;0.75
104;0.25
5246;0.9259259259259259
105;0.5135135135135135
5957;0.8860759493670887
2053;0.0
5119;0.8571428571428572
314;0.8636363636363636
4028;0.6
2173;0.2857142857142857
3041;0.8545454545454545
2900;0.40625
3042;0.04347826086956519
1231;0.5333333333333333
1230;0.19999999999999996
3021;0.8860759493670887
2232;0.5454545454545454
4299;0.6666666666666667
7;0.5
5798;0.8780487804878049
5874;0.7272727272727273
29;0.0
2884;0.9069767441860466
2125;0.30000000000000004
1879;0.6666666666666667
1982;0.7045454545454546
453;0.8738317757009346
1584;0.75
1067;0.7358490566037736
1066;0.7222222222222222
1068;0.6923076923076923
125;0.8461538461538461
5597;0.84
2442;0.8125
5315;0.875
5316;0.8947368421052632
2265;0.0
3709;0.6666666666666667
5376;0.0
2491;0.9827586206896551
4357;0.6923076923076923
82;0.75
3769;0.8529411764705882
1805;0.717948717948718
3711;0.6153846153846154
5165;0.75
1351;0.8869047619047619
1787;0.33333333333333337
5738;0.8148148148148149
406;0.0
2660;0.8
5303;0.2666666666666667
2298;0.5909090909090908
3728;0.5384615384615384
6052;0.9444444444444444
4595;0.41666666666666663
4021;0.6944444444444444
1465;0.28
1350;0.09999999999999998
2975;0.0
613;0.736842105263158
1835;0.75
1944;0.75
5528;0.958041958041958
3460;0.704225352112676
5359;0.8518518518518519
6007;0.5857142857142856
6009;0.0
5467;0.8421052631578947
3166;0.11111111111111116
755;0.4285714285714286
4315;0.1428571428571429
4999;0.8225806451612903
1884;0.0
229;0.08333333333333337
238;0.4375
3554;0.5
808;0.8709677419354839
5073;0.8455284552845528
933;0.0
622;0.47058823529411764
4782;0.4782608695652174
4906;0.8392857142857143
4269;0.6363636363636364
703;0.8383838383838383
156;0.0
3979;0.5
2007;0.6666666666666667
1860;0.6949152542372881
5939;0.8157894736842105
3453;0.3846153846153846
89;0.7534246575342466
293;0.9
2751;0.40740740740740744
264;0.4285714285714286
4022;0.44999999999999996
3258;0.85
2674;0.5882352941176471
1021;0.9130434782608696
4462;0.8688524590163934
4352;0.33333333333333337
3557;0.75
2881;0.7857142857142857
5235;0.4444444444444444
160;0.7051282051282051
2127;0.625
3011;0.7959183673469388
5547;0.8888888888888888
3198;0.9444444444444444
2858;0.875
5698;0.4375
3686;0.0
476;0.0
4841;0.0
4317;0.9552631578947368
1599;0.3928571428571429
4959;0.19999999999999996
5358;0.052631578947368474
5490;0.9090909090909091
4534;0.8706896551724138
2339;0.5573770491803278
3624;0.9259259259259259
5196;0.7297297297297297
3664;0.8421052631578947
2099;0.631578947368421
2641;0.7
3594;0.75
1777;0.0
3121;0.74
5401;0.8529411764705882
3149;0.0
3649;0.9047619047619048
5857;0.7142857142857143
1426;0.875
2769;0.0
2166;0.0
5123;0.6
4445;0.6363636363636364
5392;0.6666666666666667
3856;0.8125
1960;0.0
323;0.8596491228070176
1560;0.0
1564;0.0
1562;0.75
1556;0.8571428571428572
1749;0.5
5676;0.19999999999999996
2509;0.6
5342;0.0
3255;0.782608695652174
367;0.8620689655172413
5198;0.9691780821917808
5997;0.5
4575;0.8333333333333334
1665;0.6666666666666667
4874;0.8
4876;0.9411764705882353
1671;0.6666666666666667
1664;0.5
4873;0.6666666666666667
632;0.858974358974359
584;0.9245283018867925
4220;0.7714285714285715
5455;0.65
758;0.9746192893401016
2537;0.4
2241;0.7142857142857143
5210;0.33333333333333337
3481;0.4736842105263158
3340;0.791044776119403
4528;0.9024390243902439
3731;0.8571428571428572
2139;0.25
4909;0.1428571428571429
1622;0.11111111111111116
3411;0.6333333333333333
5775;0.9047619047619048
3106;0.8
5643;0.7142857142857143
4007;0.7333333333333334
2425;0.8333333333333334
1965;0.8888888888888888
4008;0.907563025210084
2175;0.0
5437;0.8
5683;0.7346938775510203
844;0.75
3431;0.76
5855;0.65
1631;0.8888888888888888
1063;0.5714285714285714
5522;0.7692307692307692
4642;0.7142857142857143
1291;0.4
1604;0.8048780487804879
1727;0.5833333333333333
5477;0.0
5495;0.5
5496;0.9230769230769231
718;0.16666666666666663
339;0.8611111111111112
4990;0.6363636363636364
3944;0.8775510204081632
3862;0.16666666666666663
6027;0.8787878787878788
3765;0.5
249;0.0
4339;0.8181818181818181
1343;0.0
1268;0.6666666666666667
4135;0.5925925925925926
2653;0.0
2393;0.33333333333333337
5279;0.875
1997;0.0
2513;0.9135338345864662
5363;0.7605633802816901
1365;0.826530612244898
67;0.9191176470588235
1888;0.9189189189189189
6098;0.8461538461538461
3014;0.25
2571;0.5882352941176471
1952;0.25
4496;0.125
3778;0.6666666666666667
2514;0.0
418;0.4285714285714286
5226;0.0
2267;0.0
2443;0.0
3022;0.33333333333333337
1725;0.2666666666666667
4114;0.0
4894;0.0
1746;0.7570093457943925
830;0.46153846153846156
831;0.8690476190476191
4051;0.8222222222222222
3275;0.0
3988;0.6666666666666667
4005;0.75
2382;0.0
918;0.0
4384;0.4666666666666667
2238;0.8229166666666666
2236;0.75
920;0.8790322580645161
905;0.38888888888888884
5205;0.7777777777777778
5207;0.5882352941176471
700;0.6896551724137931
980;0.8181818181818181
2191;0.0
5095;0.8666666666666667
362;0.875
4134;0.0
1355;0.0
1259;0.8333333333333334
1211;0.7692307692307692
5491;0.7647058823529411
1414;0.125
3245;0.9652777777777778
695;0.36363636363636365
5894;0.33333333333333337
3545;0.6
1958;0.0
4342;0.5555555555555556
827;0.7307692307692308
133;0.9078947368421053
5666;0.5
4773;0.9210526315789473
2828;0.9
4424;0.8958333333333334
4544;0.8888888888888888
979;0.8
4434;0.8
3332;0.5
1309;0.7865168539325843
639;0.9024390243902439
1084;0.5
4904;0.8666666666666667
1719;0.0
3355;0.9347826086956522
2832;0.5
416;0.0
1210;0.9230769230769231
953;0.8448275862068966
4413;0.7941176470588236
947;0.7714285714285715
946;0.7307692307692308
4405;0.8055555555555556
3415;0.0
3727;0.33333333333333337
1308;0.9236111111111112
4344;0.23809523809523814
832;0.36363636363636365
5608;0.9333333333333333
6121;0.9029126213592233
2713;0.4
1269;0.9347826086956522
4930;0.0
4350;0.8333333333333334
852;0.8571428571428572
1657;0.75
1655;0.75
3406;0.0
103;0.0
5565;0.775
5171;0.7777777777777778
243;0.0
4707;0.8181818181818181
263;0.5555555555555556
993;0.7640449438202247
374;0.8928571428571429
372;0.0
2163;0.0
5137;0.8
424;0.75
412;0.5
5339;0.6666666666666667
2505;0.0
2502;0.0
2507;0.0
5337;0.6666666666666667
2951;0.0
2501;0.6551724137931034
5569;0.0
420;0.9361702127659575
5493;0.0
3324;0.6666666666666667
2325;0.8782608695652174
3745;0.9156626506024097
4112;0.9017857142857143
4494;0.8
1051;0.9230769230769231
4488;0.5
3177;0.6666666666666667
5474;0.0
1411;0.5
4370;0.8518518518518519
1498;0.33333333333333337
2242;0.0
4338;0.5714285714285714
2727;0.4285714285714286
3626;0.0
5638;0.0
903;0.0
4406;0.8378378378378378
4242;0.6
1790;0.0
2251;0.0
1788;0.0
6120;0.5
3690;0.8181818181818181
5092;0.0
2825;0.16666666666666663
2649;0.2857142857142857
4821;0.875
4754;0.6666666666666667
4794;0.0
3058;0.8
3599;0.0
1254;0.8461538461538461
5904;0.8333333333333334
90;0.0
5206;0.6
2237;0.8688524590163934
868;0.8
4418;0.7222222222222222
4572;0.0
4985;0.9
2032;0.7894736842105263
3797;0.7
549;0.16666666666666663
3678;0.0
3679;0.0
547;0.5
3648;0.0
2042;0.46153846153846156
1373;0.0
779;0.8125
2862;0.782608695652174
2991;0.0
1891;0.9166666666666666
2934;0.0
2908;0.9310344827586207
2734;0.25
3896;0.0
4996;0.0
1872;0.5
1330;0.0
1407;0.5
3458;0.0
2028;0.0
732;0.0
733;0.0
3007;0.0
2728;0.6
3008;0.0
308;0.0
2590;0.8571428571428572
3015;0.0
5592;0.5
2057;0.9298245614035088
1086;0.8181818181818181
4510;0.33333333333333337
5866;0.6
4847;0.09999999999999998
2780;0.6666666666666667
5465;0.33333333333333337
1595;0.33333333333333337
1593;0.125
1229;0.0
4412;0.8285714285714285
5054;0.8902439024390244
3465;0.0
6013;0.5
1492;0.8
4767;0.6666666666666667
4772;0.6666666666666667
1425;0.5
1946;0.0
2310;0.0
93;0.75
570;0.6363636363636364
2585;0.25
2493;0.0
3811;0.25
3807;0.875
3084;0.0
2186;0.6666666666666667
759;0.7872340425531915
3237;0.25
2252;0.0
2826;0.7777777777777778
2597;0.7142857142857143
279;0.33333333333333337
1121;0.0
4954;0.625
3878;0.0
3023;0.0
5884;0.7142857142857143
3189;0.0
4097;0.5
1462;0.75
2580;0.0
64;0.16666666666666663
2371;0.0
713;0.6666666666666667
3039;0.9333333333333333
6025;0.25
1815;0.5
5976;0.6666666666666667
860;0.0
1724;0.875
3073;0.0
4431;0.8831168831168831
5627;0.0
5599;0.9666666666666667
231;0.0
4049;0.8461538461538461
4375;0.5
3288;0.5833333333333333
5445;0.0
1225;0.7777777777777778
4601;0.0
1168;0.75
3682;0.967741935483871
978;0.875
4126;0.16666666666666663
5988;0.9285714285714286
3013;0.0
4787;0.9047619047619048
3591;0.0
3037;0.7
5061;0.0
6094;0.5
3845;0.6
1829;0.0
2964;0.5833333333333333
2433;0.25
560;0.875
5931;0.8157894736842105
1962;0.8717948717948718
426;0.0
2506;0.0
2950;0.75
5568;0.6666666666666667
35;0.33333333333333337
2013;0.7777777777777778
2752;0.96
4172;0.6363636363636364
4395;0.0
1669;0.0
4319;0.4
3756;0.7142857142857143
4644;0.8333333333333334
3660;0.0
2345;0.5333333333333333
3122;0.7
5975;0.7777777777777778
4914;0.8775510204081632
4653;0.9545454545454546
5259;0.4
2529;0.6666666666666667
5838;0.0
3214;0.0
2568;0.0
2503;0.8666666666666667
2776;0.85
4421;0.92
4307;0.375
5320;0.6666666666666667
4995;0.8275862068965517
4511;0.375
1087;0.6666666666666667
2254;0.0
2177;0.0
4466;0.8571428571428572
1245;0.33333333333333337
938;0.0
3542;0.875
2743;0.0
1917;0.0
5903;0.6
2685;0.0
1488;0.625
5538;0.0
2762;0.0
3256;0.0
5747;0.0
1887;0.0
5058;0.5
3512;0.0
3722;0.0
2691;0.33333333333333337
1218;0.7777777777777778
1632;0.0
948;0.5
917;0.0
184;0.5
3659;0.0
1105;0.0
5294;0.8181818181818181
1783;0.9285714285714286
2846;0.0
5505;0.0
3923;0.8888888888888888
3251;0.5
4690;0.75
1758;0.8571428571428572
873;0.6666666666666667
4360;0.8333333333333334
2692;0.0
926;0.7142857142857143
4504;0.0
1057;0.6666666666666667
4493;0.0
1055;0.8333333333333334
3748;0.0
2622;0.5
3958;0.8627450980392157
2062;0.6923076923076923
5743;0.8
2901;0.5
1024;0.0
2033;0.8666666666666667
1679;0.0
400;0.7777777777777778
5995;0.8636363636363636
3922;0.75
31;0.5
2377;0.8181818181818181
1147;0.0
1513;0.33333333333333337
4045;0.0
5952;0.9333333333333333
4502;0.0
4664;0.875
1081;0.0
2790;0.0
4963;0.6363636363636364
4042;0.0
6103;0.4
1341;0.16666666666666663
3583;0.8
5946;0.8823529411764706
5945;0.7857142857142857
2500;0.0
4778;0.0
561;0.0
153;0.0
1537;0.0
888;0.8333333333333334
5850;0.75
886;0.0
3621;0.5
5973;0.8333333333333334
3804;0.0
3076;0.9230769230769231
4789;0.8
1197;0.9285714285714286
4591;0.6666666666666667
4481;0.0
3582;0.9705882352941176
5463;0.6666666666666667
5846;0.5
5497;0.0
5919;0.0
2840;0.8571428571428572
504;0.0
1361;0.0
811;0.875
806;0.75
802;0.75
803;0.8
3803;0.9
6054;0.8636363636363636
2014;0.8333333333333334
2234;0.6666666666666667
5203;0.0
4722;0.0
1889;0.0
5156;0.5
260;0.0
1705;0.9210526315789473
2688;0.5
5585;0.5714285714285714
3430;0.8
3209;0.5
3746;0.9230769230769231
1263;0.8636363636363636
3443;0.6
898;0.0
5731;0.0
1076;0.875
4655;0.8333333333333334
1012;0.6666666666666667
1014;0.0
4456;0.0
2896;0.75
4675;0.2857142857142857
278;0.19999999999999996
774;0.75
3763;0.0
572;0.6666666666666667
573;0.6666666666666667
1270;0.6666666666666667
3623;0.0
1035;0.33333333333333337
907;0.5
734;0.0
3057;0.25
1446;0.0
3141;0.0
3749;0.0
4301;0.0
1307;0.9230769230769231
822;0.0
826;0.0
222;0.0
1971;0.5
4608;0.0
5578;0.0
2100;0.0
100;0.0
2545;0.9090909090909091
1479;0.0
4189;0.0
4180;0.5
4497;0.7857142857142857
1255;0.0
4615;0.8888888888888888
5615;0.75
1520;0.8333333333333334
5503;0.9583333333333334
2844;0.9090909090909091
2706;0.0
3433;0.5
2381;0.0
3353;0.8947368421052632
4397;0.0
5355;0.962962962962963
1873;0.8979591836734694
762;0.6666666666666667
2701;0.5
2698;0.8888888888888888
4740;0.9976580796252927
381;0.5
5972;0.8333333333333334
1652;0.8333333333333334
1366;0.7692307692307692
1576;0.0
2452;0.0
5607;0.8
2451;0.5
3919;0.7692307692307692
22;0.0
5918;0.33333333333333337
3528;0.0
6057;0.7777777777777778
2144;0.7777777777777778
592;0.0
698;0.8
1435;0.6666666666666667
3370;0.8571428571428572
781;0.0
88;0.8571428571428572
1432;0.0
2315;0.5
4793;0.0
5380;0.0
4436;0.6666666666666667
261;0.5
5481;0.9411764705882353
186;0.5
3821;0.0
2018;0.33333333333333337
4143;0.0
4098;0.6666666666666667
405;0.9855072463768116
411;0.0
3546;0.0
233;0.5
2725;0.0
2726;0.0
5672;0.6666666666666667
2207;0.0
2208;0.9166666666666666
1701;0.0
2327;0.0
1693;0.0
275;0.6
2244;0.8333333333333334
1770;0.962962962962963
1920;0.0
5025;0.0
1921;0.0
2675;0.0
2385;0.0
1061;0.0
1489;0.0
1565;0.0
4997;0.5555555555555556
3423;0.5
3290;0.5
3946;0.8
5300;0.9285714285714286
4677;0.0
