154
467
519
753
814
1578
1660
1748
1854
2030
2154
2662
3009
3640
3802
3831
179;669
200;201
206;208
394;3745
407;448;449
683;684;685
812;813
985;1122
996;997;998
1027;1028;1029
1091;1092
1170;1171
1246;1247
1286;1287
1391;3859
1442;1443;1444
1540;1541;1542
1659;3860
1914;3936
921;2104;2105
2299;2300
2302;3728
2520;2521
2528;2663
2723;3738
1045;2831;2836
2861;2862;2863
2912;4530
2928;3341
3000;3019
3193;4094
3405;3568
3564;3971
3634;5571
2161;3002;3710
81;1456;3734
3452;3803;3819
49;50;3930
269;270;4018
4058;4576
406;408;4106
647;4115;4259
827;828;4342
2895;2896;4738
1549;3985;4817
161;4582;4908
4027;4266;5140
2301;3589;5244
3413;4596;5520
674;1941;6015
61;62;63;3940;5320
94;1187;2709;2710
253;322;323;4055
318;319;320;321
174;176;378;3991;4093
450;451;452;4100
644;645;646;4254
6;779;784;4326;5552
987;988;4219;4438
1037;1291;1938;5037
1055;1110;1111;1112;4489
439;955;1256;1257;1807
1547;2451;2452;4818
1608;1732;2908;4117
1630;1631;1632;1633;4855
1706;1707;4671;4811
1645;1722;1723;4105;4766
859;861;862;2313;2314;4351
2368;2443;2444;2445
104;2715;2716;3932;3948
2278;2279;2280;2711;2732;5234
1205;1206;1207;2462;2864;4595
3295;3639;4107;5780
841;842;994;995;3658;3867
772;774;853;3192;3661;5516
1966;3596;3686;3692;5952
55;2785;3083;3084;3085;3592;3700
74;1774;3367;3368;3701;3704
148;2098;2099;2522;3908;5145
73;75;1553;2084;2594;2595;3943
1824;2733;3984;4261;4959
1169;1402;2696;2949;4056;5440
4057;4950;5260;5451
2055;2056;2057;2903;2904;3337;3747;4099;5540
395;396;397;2897;4101;4114
1180;1181;1182;1730;4260;4583
648;650;651;652;4262;4264
904;917;918;919;920;4383;4384
1825;1826;3224;4468;4548;4960
128;1314;1315;1316;1317;3968;4657
402;664;1357;1359;4686;4925
1481;1482;1490;1491;1492;4134;4771
2036;2159;4901;5122;5153
1866;1867;3011;3012;4980;4991
730;2230;2231;3435;4297;4310;5202
1336;1337;1338;3327;4672;4900;5796
1605;1606;1731;3623;3625;4116;5975
30;31;32;33;35;1626;3922;3926;3929;4658
105;147;2719;2720;3339;3340;3979;5446
56;57;328;329;330;3086;3798;3937;4060
781;782;783;787;2759;3911;4298;4330;5457
636;637;638;639;843;844;845;858;860;1183;2226;2705
1226;1228;1233;4579;4592;4602;4604;4605
2138;2139;2143;2366;2585;2924;3233;5728
129;1697;1779;2142;2156;2157;2309;2311;2312;2722
1248;1250;1251;1933;1934;2530;2531;3223;4610;5036;5038
673;675;1370;2913;2914;2915;3861;4272;4687;4696
167;170;172;272;274;2482;2483;3101;3102;3986;3988;4028
353;459;461;1022;1023;2075;2076;4069;4123;4125;4276;4463;4464;4642
892;893;894;1339;1341;1342;1347;1348;1350;1351;1352;1371;4469;4677;4681;5350
1634;1635;1636;1641;2704;2902;3901;4352;4858;4859;4860;5034;5539;5830
1715;1716;1717;1718;1719;3325;3326;3352;3354;3357;4903;4904;4905;4906;5150;5816
661;690;691;727;728;729;3324;3451;3514;3526;4290;4307;4309;5905;5916
462;463;464;465;1253;1544;2943;2991;2992;2993;3512;4126;4127;4819;4820;5585;5587;5903
552;553;554;555;570;574;1263;1269;1270;1274;4197;4614;4623;4627;4628;4631
668;676;678;679;681;682;740;761;1298;1313;1321;2878;2879;4274;4618;4654;4661;4662;5531
1395;1572;1573;1574;1575;1577;1579;1580;2783;2829;2830;4712;4826;4828;4829;4830;4831;5465;5495
3;4;7;8;9;13;14;15;16;17;18;19;20;21;22;23;24;26;29;36;37;39;40;41;46;47;48;58;59;60;64;65;66;67;68;69;70;71;72;82;84;85;88;89;90;91;96;99;100;107;108;109;110;111;112;113;117;118;119;120;121;122;123;124;125;126;130;131;132;133;134;135;136;140;141;142;143;144;145;151;152;153;158;159;160;175;180;181;182;183;184;185;189;193;194;196;197;198;202;204;205;209;210;211;215;218;222;224;225;226;227;228;229;230;231;234;236;237;238;240;241;242;243;245;246;247;248;249;250;252;254;258;259;261;262;263;264;265;266;267;268;273;275;276;277;278;279;280;281;282;283;284;285;286;287;288;289;290;291;292;293;294;303;304;305;306;307;309;310;311;312;313;314;315;316;324;325;326;327;331;332;333;334;335;336;337;338;339;340;341;342;343;348;349;355;356;357;362;364;366;367;368;371;372;374;376;377;380;382;383;387;388;389;390;398;412;414;415;416;417;423;426;427;428;429;430;432;434;435;436;437;438;440;441;442;443;444;445;453;454;455;456;457;458;468;469;470;471;472;473;474;477;478;479;480;483;484;490;491;492;494;495;496;497;498;499;500;501;502;503;504;505;508;510;511;513;515;516;517;518;533;537;540;546;547;548;549;550;551;567;585;586;587;588;589;590;591;592;594;595;596;598;599;600;601;603;604;605;606;607;608;609;610;611;612;613;614;615;616;617;618;619;620;621;622;623;624;625;626;627;628;629;630;631;632;633;634;635;640;641;642;643;657;660;662;663;677;686;694;695;696;697;698;699;700;701;703;704;705;707;708;710;711;712;714;715;716;717;718;719;720;721;723;724;725;726;732;733;734;735;737;742;743;744;747;748;749;754;755;756;757;758;759;760;771;777;790;791;792;793;794;795;796;799;806;807;808;824;826;830;831;832;834;835;836;837;838;839;840;847;848;849;850;855;857;867;868;869;870;871;872;873;874;875;876;877;879;880;881;882;883;884;887;888;890;891;895;896;897;898;899;900;901;902;903;905;906;913;914;915;923;924;926;927;928;929;930;931;932;933;934;935;936;938;939;940;941;942;943;944;945;946;947;948;949;952;953;954;956;957;958;959;961;964;965;966;967;968;970;971;972;973;974;975;976;977;978;979;980;981;982;983;984;989;992;993;1000;1001;1002;1003;1004;1005;1006;1010;1011;1013;1016;1017;1018;1020;1021;1024;1025;1026;1030;1031;1032;1033;1034;1036;1038;1041;1042;1043;1044;1046;1047;1048;1052;1053;1056;1057;1058;1059;1060;1061;1062;1063;1064;1065;1066;1067;1068;1069;1070;1071;1072;1076;1077;1078;1079;1080;1084;1085;1086;1087;1088;1090;1093;1094;1095;1097;1098;1099;1101;1102;1103;1104;1105;1106;1107;1113;1114;1115;1116;1117;1121;1127;1134;1136;1139;1140;1146;1147;1150;1152;1155;1157;1158;1159;1160;1162;1164;1165;1166;1172;1173;1174;1175;1176;1177;1178;1179;1184;1186;1190;1191;1192;1193;1204;1217;1229;1230;1231;1232;1238;1240;1241;1242;1243;1244;1245;1252;1258;1259;1260;1261;1264;1265;1266;1267;1268;1276;1277;1278;1279;1280;1281;1282;1285;1293;1294;1295;1300;1301;1302;1303;1305;1306;1307;1308;1309;1310;1311;1320;1322;1323;1324;1325;1327;1328;1330;1335;1343;1344;1345;1349;1353;1354;1355;1362;1363;1364;1365;1366;1367;1368;1369;1372;1373;1374;1377;1379;1380;1381;1382;1383;1384;1385;1386;1387;1388;1396;1397;1398;1399;1400;1401;1403;1404;1405;1406;1407;1408;1409;1410;1411;1412;1413;1414;1415;1417;1418;1419;1420;1421;1422;1423;1424;1425;1426;1427;1428;1429;1430;1431;1432;1433;1436;1437;1438;1439;1440;1441;1445;1446;1447;1448;1449;1450;1453;1454;1457;1458;1459;1460;1461;1462;1463;1464;1465;1466;1467;1468;1469;1470;1472;1473;1474;1476;1478;1479;1483;1484;1485;1486;1493;1494;1495;1496;1497;1498;1499;1500;1501;1502;1503;1504;1505;1507;1508;1509;1510;1511;1512;1513;1514;1516;1517;1518;1520;1521;1523;1524;1525;1526;1527;1528;1529;1530;1531;1532;1533;1534;1535;1536;1537;1538;1539;1543;1550;1551;1554;1555;1556;1557;1561;1563;1566;1567;1568;1569;1570;1571;1576;1581;1582;1583;1584;1585;1586;1590;1591;1592;1593;1594;1597;1598;1599;1600;1601;1602;1603;1604;1609;1610;1611;1612;1613;1614;1615;1616;1617;1618;1620;1622;1623;1624;1625;1627;1629;1637;1640;1642;1646;1647;1649;1652;1654;1655;1656;1657;1661;1662;1675;1676;1677;1678;1679;1680;1681;1685;1686;1687;1688;1689;1693;1694;1695;1696;1700;1701;1702;1703;1704;1705;1720;1721;1724;1725;1726;1727;1728;1734;1735;1736;1737;1738;1739;1741;1742;1743;1745;1746;1747;1750;1751;1752;1754;1755;1756;1758;1760;1761;1762;1763;1764;1765;1766;1767;1768;1772;1773;1775;1776;1777;1781;1782;1783;1784;1785;1786;1787;1788;1789;1790;1791;1792;1793;1794;1795;1796;1797;1798;1800;1801;1802;1805;1808;1809;1810;1812;1813;1815;1816;1818;1819;1820;1821;1822;1823;1832;1833;1834;1835;1836;1837;1838;1839;1840;1841;1842;1843;1844;1845;1846;1847;1848;1850;1851;1852;1856;1857;1858;1859;1860;1861;1862;1863;1864;1865;1868;1869;1870;1871;1872;1874;1875;1876;1877;1878;1879;1885;1886;1887;1888;1889;1890;1891;1894;1895;1896;1897;1898;1900;1901;1902;1904;1905;1906;1907;1908;1909;1910;1911;1917;1922;1923;1924;1925;1926;1927;1928;1929;1930;1932;1936;1942;1943;1944;1946;1947;1948;1950;1952;1956;1959;1962;1963;1964;1965;1967;1968;1969;1970;1971;1972;1973;1974;1975;1976;1978;1979;1980;1981;1982;1983;1984;1985;1986;1987;1988;1989;1990;1991;1992;1993;1994;1995;1996;1997;1998;1999;2000;2001;2002;2003;2004;2005;2006;2007;2008;2009;2010;2012;2013;2014;2015;2016;2017;2018;2019;2020;2021;2022;2023;2024;2025;2026;2027;2028;2032;2034;2035;2038;2039;2040;2041;2042;2043;2045;2046;2047;2048;2049;2051;2052;2053;2054;2059;2060;2061;2062;2063;2064;2065;2067;2068;2072;2073;2074;2078;2079;2080;2081;2082;2083;2085;2087;2088;2089;2091;2092;2093;2094;2096;2100;2101;2102;2106;2107;2108;2109;2110;2111;2112;2113;2114;2115;2116;2117;2118;2119;2120;2121;2122;2123;2124;2125;2127;2129;2130;2131;2134;2135;2136;2137;2146;2147;2148;2149;2150;2151;2153;2155;2160;2162;2167;2168;2169;2170;2171;2173;2174;2175;2176;2177;2178;2179;2180;2181;2183;2186;2188;2190;2191;2192;2193;2194;2195;2196;2197;2198;2199;2200;2201;2202;2203;2204;2205;2206;2207;2208;2209;2210;2211;2212;2213;2214;2216;2217;2218;2219;2220;2222;2223;2224;2232;2234;2239;2240;2241;2242;2243;2244;2245;2246;2247;2248;2249;2250;2251;2252;2253;2254;2255;2256;2257;2258;2259;2260;2261;2262;2263;2264;2265;2266;2267;2269;2270;2271;2272;2273;2274;2275;2276;2281;2282;2283;2285;2294;2295;2297;2298;2303;2304;2305;2315;2316;2317;2318;2319;2320;2321;2322;2323;2325;2326;2327;2328;2329;2330;2331;2336;2338;2339;2340;2341;2342;2343;2344;2345;2346;2347;2348;2349;2350;2351;2352;2353;2355;2356;2360;2361;2362;2364;2369;2371;2372;2373;2374;2375;2377;2379;2380;2381;2382;2385;2386;2387;2388;2389;2391;2392;2393;2394;2395;2396;2397;2398;2401;2404;2405;2406;2407;2411;2412;2413;2414;2415;2416;2417;2418;2419;2420;2422;2423;2425;2426;2430;2431;2433;2435;2436;2437;2438;2439;2442;2446;2447;2448;2453;2454;2455;2456;2460;2461;2463;2464;2465;2466;2467;2469;2470;2473;2474;2475;2476;2477;2479;2480;2481;2484;2485;2487;2488;2490;2491;2492;2493;2494;2495;2496;2497;2500;2509;2511;2512;2513;2514;2518;2519;2523;2524;2525;2527;2529;2532;2533;2534;2535;2536;2537;2538;2539;2541;2542;2543;2544;2545;2546;2547;2548;2549;2550;2551;2552;2553;2554;2555;2556;2559;2560;2561;2562;2563;2564;2565;2566;2569;2570;2571;2572;2573;2577;2578;2579;2582;2583;2584;2587;2588;2589;2590;2591;2592;2596;2597;2598;2599;2601;2602;2603;2606;2607;2608;2609;2610;2612;2613;2614;2615;2616;2617;2618;2620;2621;2622;2623;2624;2625;2626;2627;2628;2629;2630;2631;2632;2633;2634;2635;2636;2637;2638;2639;2640;2641;2642;2643;2644;2647;2649;2651;2656;2657;2658;2660;2661;2665;2674;2675;2676;2677;2678;2680;2681;2682;2683;2684;2685;2686;2687;2690;2691;2692;2693;2694;2695;2698;2700;2701;2702;2703;2706;2707;2708;2712;2713;2714;2717;2721;2726;2727;2728;2729;2730;2731;2734;2736;2739;2740;2741;2744;2745;2746;2748;2749;2750;2751;2753;2754;2755;2756;2757;2758;2760;2761;2762;2763;2764;2766;2767;2769;2770;2772;2773;2776;2780;2781;2784;2786;2787;2788;2790;2791;2792;2795;2796;2798;2801;2802;2803;2806;2808;2809;2810;2811;2812;2817;2818;2819;2820;2821;2822;2823;2824;2828;2837;2840;2841;2843;2846;2865;2866;2867;2868;2869;2870;2871;2872;2873;2874;2875;2876;2880;2881;2884;2885;2886;2887;2888;2889;2890;2891;2892;2893;2898;2899;2900;2918;2919;2920;2921;2929;2930;2931;2936;2937;2938;2940;2941;2942;2944;2945;2946;2947;2948;2954;2955;2956;2957;2958;2959;2962;2964;2966;2968;2969;2970;2972;2973;2974;2977;2978;2980;2982;2983;2984;2986;2988;2994;2995;2996;2997;2999;3001;3005;3007;3010;3013;3014;3016;3017;3018;3020;3021;3022;3023;3024;3025;3026;3027;3028;3029;3030;3031;3032;3033;3034;3035;3037;3038;3039;3040;3041;3042;3043;3044;3045;3046;3048;3049;3051;3053;3054;3055;3056;3057;3058;3060;3070;3071;3072;3073;3074;3075;3076;3077;3078;3079;3081;3082;3087;3089;3090;3091;3092;3093;3096;3097;3098;3099;3100;3103;3105;3107;3109;3110;3112;3113;3114;3115;3116;3117;3118;3119;3120;3121;3122;3123;3124;3125;3128;3129;3130;3131;3133;3134;3135;3136;3137;3138;3139;3140;3141;3143;3144;3145;3146;3147;3148;3149;3151;3156;3157;3159;3161;3162;3166;3169;3170;3171;3172;3173;3175;3177;3178;3179;3180;3181;3182;3184;3185;3186;3187;3188;3189;3190;3194;3198;3201;3203;3204;3205;3208;3209;3210;3211;3212;3213;3214;3215;3216;3217;3218;3219;3220;3222;3225;3232;3234;3235;3236;3237;3242;3244;3245;3246;3247;3248;3250;3251;3254;3255;3256;3257;3258;3259;3260;3261;3263;3267;3269;3272;3273;3274;3275;3276;3277;3278;3279;3280;3281;3282;3283;3284;3285;3286;3287;3288;3289;3290;3291;3292;3293;3294;3297;3299;3300;3301;3302;3303;3304;3305;3306;3307;3309;3310;3311;3312;3313;3314;3315;3316;3317;3318;3319;3321;3322;3323;3328;3329;3330;3331;3332;3333;3334;3335;3336;3342;3343;3344;3345;3346;3348;3349;3350;3351;3355;3358;3364;3370;3371;3372;3373;3374;3377;3378;3379;3381;3382;3384;3385;3386;3387;3388;3389;3390;3393;3394;3395;3396;3397;3398;3402;3403;3404;3406;3407;3408;3409;3410;3411;3414;3415;3416;3417;3418;3420;3422;3423;3424;3425;3427;3428;3429;3430;3431;3432;3433;3434;3436;3437;3438;3439;3440;3441;3442;3443;3445;3446;3447;3448;3450;3453;3455;3456;3457;3458;3460;3461;3462;3463;3464;3465;3467;3468;3470;3471;3472;3473;3474;3475;3478;3480;3481;3484;3485;3486;3487;3488;3489;3490;3491;3492;3493;3494;3495;3496;3497;3498;3499;3500;3501;3502;3503;3504;3505;3506;3513;3515;3517;3518;3519;3520;3521;3522;3523;3525;3527;3528;3529;3531;3532;3533;3534;3537;3538;3539;3540;3541;3543;3544;3545;3546;3547;3548;3549;3550;3553;3554;3556;3558;3561;3562;3565;3566;3567;3572;3574;3575;3576;3577;3578;3579;3580;3581;3582;3583;3585;3586;3587;3593;3594;3599;3600;3601;3602;3604;3606;3607;3608;3609;3610;3612;3613;3614;3615;3616;3618;3619;3620;3622;3626;3628;3629;3630;3631;3632;3636;3641;3643;3645;3646;3647;3649;3650;3651;3652;3653;3654;3655;3660;3663;3664;3665;3666;3667;3668;3669;3670;3671;3672;3673;3674;3676;3677;3678;3679;3680;3681;3685;3687;3688;3690;3693;3694;3695;3696;3697;3699;3702;3707;3708;3709;3711;3715;3724;3726;3727;3730;3731;3732;3735;3736;3739;3740;3743;3751;3753;3754;3755;3756;3759;3760;3761;3763;3765;3766;3767;3768;3769;3770;3774;3776;3778;3780;3782;3783;3784;3785;3786;3787;3788;3789;3790;3791;3792;3793;3794;3795;3796;3797;3799;3800;3804;3805;3806;3807;3808;3809;3810;3811;3812;3813;3815;3816;3818;3825;3828;3829;3830;3832;3833;3834;3835;3836;3837;3838;3839;3840;3844;3845;3846;3847;3848;3849;3850;3851;3852;3853;3854;3855;3856;3858;3862;3863;3869;3870;3871;3872;3876;3877;3878;3879;3880;3881;3882;3884;3887;3890;3891;3892;3893;3894;3895;3899;3904;3907;3909;3910;3912;3915;3916;3917;3918;3919;3920;3931;3934;3938;3941;3942;3944;3946;3947;3949;3950;3951;3952;3953;3954;3958;3959;3960;3961;3962;3963;3964;3965;3966;3967;3969;3970;3972;3973;3975;3977;3981;3982;3983;3989;3990;3993;3995;3996;3997;4005;4006;4007;4008;4009;4010;4011;4012;4014;4016;4017;4021;4022;4023;4024;4025;4029;4030;4031;4035;4040;4042;4044;4045;4046;4047;4048;4049;4051;4052;4053;4054;4059;4061;4062;4063;4064;4066;4071;4072;4073;4080;4082;4084;4087;4090;4096;4102;4108;4110;4111;4112;4113;4118;4119;4120;4121;4122;4128;4129;4131;4132;4133;4135;4138;4139;4143;4144;4149;4151;4152;4153;4154;4155;4156;4157;4158;4159;4160;4162;4165;4167;4168;4172;4173;4174;4175;4176;4188;4190;4220;4221;4224;4225;4226;4227;4229;4230;4231;4232;4233;4234;4235;4236;4237;4238;4239;4240;4241;4242;4243;4244;4245;4246;4247;4248;4249;4250;4251;4252;4255;4256;4258;4269;4270;4275;4279;4280;4281;4284;4285;4286;4288;4289;4291;4292;4293;4294;4300;4301;4302;4303;4305;4313;4315;4316;4317;4318;4319;4320;4321;4324;4329;4331;4333;4334;4335;4337;4338;4343;4344;4348;4353;4354;4355;4356;4357;4358;4359;4360;4361;4363;4364;4366;4367;4368;4369;4370;4371;4374;4375;4377;4378;4379;4380;4381;4382;4385;4386;4389;4390;4391;4392;4393;4394;4395;4397;4398;4399;4400;4401;4402;4403;4404;4405;4406;4408;4411;4412;4413;4414;4415;4416;4420;4421;4422;4424;4426;4427;4428;4429;4430;4431;4433;4434;4435;4436;4437;4441;4442;4444;4445;4446;4447;4448;4449;4453;4454;4461;4462;4465;4466;4467;4471;4472;4473;4474;4475;4476;4478;4479;4480;4481;4482;4483;4484;4485;4486;4490;4492;4494;4495;4496;4498;4499;4500;4501;4502;4503;4504;4509;4510;4511;4512;4514;4515;4516;4517;4519;4520;4521;4522;4526;4527;4528;4529;4532;4533;4534;4537;4544;4546;4549;4555;4557;4561;4564;4565;4566;4567;4569;4571;4572;4573;4577;4578;4581;4584;4586;4587;4588;4589;4590;4606;4607;4608;4609;4613;4619;4620;4621;4624;4625;4626;4632;4634;4635;4636;4638;4645;4646;4650;4651;4652;4653;4656;4660;4663;4664;4670;4676;4680;4683;4684;4685;4688;4689;4690;4691;4692;4693;4694;4695;4697;4702;4703;4704;4705;4706;4707;4708;4709;4710;4713;4714;4715;4718;4719;4721;4722;4723;4724;4725;4726;4727;4728;4729;4731;4732;4734;4735;4737;4739;4740;4741;4742;4743;4744;4747;4748;4750;4751;4752;4753;4754;4755;4757;4758;4759;4760;4761;4762;4765;4768;4769;4770;4774;4775;4776;4777;4778;4779;4780;4781;4782;4783;4784;4785;4786;4787;4788;4789;4792;4794;4795;4797;4798;4799;4800;4801;4802;4803;4804;4805;4806;4807;4809;4810;4812;4821;4822;4823;4824;4825;4832;4833;4834;4835;4836;4837;4838;4839;4840;4841;4843;4846;4847;4848;4850;4851;4853;4854;4857;4864;4865;4867;4868;4871;4880;4881;4883;4884;4886;4890;4891;4893;4894;4895;4909;4910;4911;4912;4913;4914;4915;4916;4918;4919;4920;4921;4923;4924;4928;4930;4931;4932;4933;4936;4937;4938;4939;4940;4941;4942;4943;4944;4945;4946;4947;4948;4949;4953;4954;4956;4957;4958;4963;4964;4965;4966;4967;4968;4969;4970;4971;4972;4973;4974;4977;4978;4979;4981;4982;4983;4984;4985;4986;4987;4988;4989;4990;4992;4993;4994;4995;4998;4999;5000;5001;5002;5003;5006;5007;5008;5010;5011;5012;5013;5014;5015;5017;5018;5019;5020;5021;5026;5027;5028;5029;5030;5031;5032;5035;5039;5040;5041;5042;5046;5047;5048;5049;5050;5051;5052;5053;5054;5055;5056;5057;5058;5059;5060;5061;5063;5064;5065;5066;5067;5068;5069;5070;5071;5072;5073;5074;5075;5076;5077;5079;5081;5082;5084;5086;5088;5089;5090;5091;5092;5093;5094;5095;5096;5097;5098;5099;5100;5101;5103;5104;5105;5106;5107;5108;5111;5112;5113;5114;5115;5116;5117;5118;5119;5120;5121;5123;5124;5125;5131;5132;5133;5135;5136;5137;5138;5139;5141;5142;5143;5144;5146;5147;5151;5152;5154;5155;5156;5157;5158;5159;5161;5163;5164;5165;5168;5169;5170;5171;5172;5173;5175;5176;5177;5178;5180;5182;5183;5184;5185;5186;5187;5188;5189;5190;5192;5193;5194;5195;5197;5201;5203;5208;5210;5211;5212;5214;5215;5216;5217;5218;5219;5220;5222;5223;5225;5226;5228;5229;5230;5231;5232;5233;5235;5236;5245;5246;5247;5249;5251;5252;5253;5254;5255;5257;5258;5259;5261;5268;5269;5270;5271;5272;5273;5274;5275;5276;5277;5278;5279;5280;5283;5284;5285;5286;5289;5290;5291;5292;5293;5294;5295;5296;5297;5299;5300;5302;5303;5306;5307;5308;5309;5310;5312;5313;5314;5315;5316;5317;5319;5321;5322;5325;5326;5327;5328;5329;5330;5332;5333;5340;5341;5342;5343;5344;5345;5346;5347;5348;5351;5353;5354;5355;5356;5357;5358;5359;5360;5361;5362;5363;5364;5365;5366;5367;5368;5369;5370;5373;5374;5375;5376;5377;5379;5380;5381;5382;5384;5386;5388;5389;5390;5392;5393;5394;5395;5397;5398;5399;5400;5403;5404;5405;5406;5408;5409;5410;5412;5413;5414;5415;5417;5418;5422;5424;5425;5428;5429;5430;5431;5432;5433;5434;5435;5437;5438;5439;5441;5442;5443;5444;5445;5447;5448;5452;5454;5455;5458;5460;5462;5467;5468;5469;5470;5472;5473;5474;5477;5481;5483;5484;5485;5486;5487;5488;5490;5491;5492;5493;5496;5497;5505;5517;5518;5519;5521;5522;5523;5524;5525;5526;5527;5528;5529;5533;5534;5536;5538;5543;5546;5547;5548;5553;5554;5555;5558;5559;5561;5562;5563;5564;5565;5566;5569;5570;5572;5574;5576;5578;5581;5582;5588;5589;5591;5593;5595;5596;5597;5598;5599;5600;5601;5602;5603;5604;5605;5606;5607;5608;5609;5611;5612;5614;5615;5626;5627;5629;5630;5631;5633;5634;5635;5637;5639;5640;5642;5644;5645;5647;5648;5649;5650;5651;5652;5653;5654;5655;5656;5657;5658;5662;5663;5664;5665;5666;5668;5669;5671;5674;5676;5678;5679;5681;5683;5684;5688;5691;5692;5693;5694;5696;5698;5699;5700;5702;5704;5706;5707;5709;5710;5711;5712;5713;5715;5716;5717;5718;5720;5727;5729;5730;5735;5737;5738;5739;5740;5741;5743;5745;5746;5747;5749;5750;5751;5754;5757;5759;5762;5763;5764;5765;5767;5768;5769;5770;5771;5772;5773;5774;5775;5776;5777;5778;5779;5782;5784;5785;5786;5787;5789;5791;5792;5793;5798;5804;5806;5807;5809;5817;5818;5819;5820;5821;5822;5823;5824;5826;5827;5829;5831;5832;5833;5835;5837;5839;5840;5841;5842;5844;5846;5847;5848;5849;5850;5852;5853;5855;5856;5857;5858;5860;5861;5862;5863;5864;5866;5867;5868;5869;5871;5872;5873;5874;5875;5876;5877;5878;5880;5881;5882;5883;5884;5885;5887;5888;5889;5890;5891;5892;5893;5894;5895;5896;5897;5898;5904;5906;5907;5908;5909;5910;5911;5912;5913;5914;5917;5918;5919;5922;5923;5924;5925;5926;5928;5929;5930;5931;5932;5937;5938;5939;5941;5943;5944;5945;5946;5948;5949;5950;5954;5955;5956;5957;5959;5961;5963;5964;5966;5967;5968;5970;5971;5972;5974;5976;5977;5978;5981;5982;5988;5989;5990;5991;5992;5993;5995;5996;5998;5999;6000;6001;6002;6004;6007;6009;6010;6011;6013;6014;6016;6019;6020;6021;6025;6027;6030;6031;6032;6034;6038;6039;6041;6044;6046;6047;6048