4326 3864 001
120 1 1962 1 5 1145 
1426 1 1574 17 789 659 
2222 1 8 20 9 1 
1106 1 706 1 8 25 
1 1 1806 1 2442 1082 
1741 1 
1988 1 2041 1 696 72 
1783 1 3 780 4 2 
2221 1 3 389 
11 1 2299 2427 33 321 
10 1 1575 19 2090 1 
845 1 
1038 1 
82 1 94 29 
119 1 2022 1 32 1 
18 1 19 558 876 1 
1114 1 1282 2 1551 598 2034 1 
16 1 19 87 791 151 
16 1 18 538 989 350 
790 1 791 1 
880 1 990 124 
1211 1 2167 507 940 1 
1997 1 26 32 314 1 
2192 1 2215 1571 2414 1 
1966 1 2186 7 736 1 
23 1 43 1 
1061 1 1305 75 1525 100 2203 1 367 1 
1033 1 1284 1 1482 1 29 1 
1283 1 2173 1 28 1 643 563 
1577 1 166 1 
1481 1 32 1 
1481 1 15 4012 31 1 
10 1 1286 51 2090 1 48 91 
413 1 414 261 522 720 
1403 1 1405 1331 2148 1 763 217 
1065 1 1518 158 1836 1 797 1 
1093 1 41 34 617 585 621 158 
1127 1 
368 1 413 26 423 60 850 176 
1164 1 1292 145 1741 1077 
2224 1 37 752 621 206 
1767 1 2099 54 2132 2668 794 1 
26 1 46 1 47 1 94 1 
1093 1 1836 735 2101 83 
107 1 2402 1 344 1 
43 1 451 1 
1103 1 43 65 49 1 
1288 1 33 1 947 95 
1175 1 2295 1 47 1 
1291 1 1314 19 810 1 
170 1 1882 1 2233 19 
1517 1 1831 97 2092 77 
1906 1 
1297 1 161 1 2238 1009 
168 1 170 1 2233 559 
267 1 57 276 673 77 
1128 1 56 1 672 1 95 1722 
76 1 
137 1 255 86 336 1 60 1017 
1754 1 2250 2 271 90 59 1 864 1 
1495 1 1640 641 759 342 
1087 1 2172 89 817 1 
1276 1 1893 1 833 1 835 1 
1593 1 
256 1 67 72 
171 1 1792 798 2301 1212 718 1 
1360 1 1792 1 65 1 
1235 1 1301 1 1305 185 
1163 1 2303 471 2307 203 2318 1 
2180 1 2437 829 503 1 
1109 1 1202 3956 1809 1 
1162 1 1880 1 539 1 
1742 1 2125 1 2248 1 832 1 
811 1 
326 1 328 1 
107 1 1360 409 58 550 
2467 1 434 215 728 59 
1523 1 2391 26 2393 1 493 58 
493 1 527 1 753 1 81 48 
114 1 2023 2706 
1523 1 2324 1 79 1 
1175 1 14 18 
1139 1 1141 32 1482 1 998 182 
1870 1 1892 1 1895 3121 
1061 1 1363 1 87 1 
573 1 872 61 
2078 1 2110 1300 85 76 
1742 1 2500 1 93 16 
492 1 90 135 91 1 
1856 1 2265 6 89 7 
1856 1 2328 1 89 270 92 79 
2328 1 2473 3565 91 189 
1118 1 2466 1921 88 95 
14 1 2213 78 43 1 
1573 1 267 27 57 1737 
101 1 2208 50 957 745 
100 1 1212 1 1217 1 98 2 
101 1 2077 1 97 1 984 149 
101 1 1215 395 2309 480 362 1 
1055 1 1727 76 97 1 
956 1 96 135 98 1 99 238 
1301 1 1825 1 962 117 
467 1 469 42 486 1 
1289 1 2140 1 2217 1 
1039 1 1041 212 2217 1 2220 1 
1445 1 2469 44 279 1 
45 1 473 19 76 1 
2133 1 2189 1 484 445 
1196 1 2055 151 2062 591 477 334 
1196 1 344 1090 478 1 
1168 1 1567 224 472 1 
113 1 1425 426 1524 912 2390 848 
112 1 1275 109 1424 2095 1516 978 
2024 1 80 2343 
1209 1 770 1226 993 851 
118 1 119 1112 2418 27 
1411 1 1526 1101 2194 1 
116 1 
116 1 15 802 
1 1 121 863 722 1 
120 1 2070 1 2470 769 
1089 1 1230 1 1532 64 1650 30 
1819 1 2072 1 570 1 
1356 1 1529 8 2078 1 298 1 
1467 1 707 1 
2136 1 2188 1 555 1021 
130 1 1470 1 1480 1 
130 1 2251 1 2252 39 
132 1 1469 1 255 1 
127 1 128 1 133 15 
1306 1 237 1 2389 1 
129 1 2252 126 
130 1 2251 1 648 1 
135 1 2252 2 
134 1 2251 26 
137 1 139 132 1696 1 
136 1 2108 170 59 1 864 1 
1117 1 1176 1 2061 437 273 1 
136 1 1637 1359 2100 11 2108 1 
1953 1 2068 1 2094 733 561 1 
144 1 1769 20 254 1 
1422 1 1448 1078 162 678 795 1 
1830 1 
141 1 145 1 1730 1 
144 1 254 1 2560 1 
1200 1 148 1 585 1 
161 1 2283 22 2489 4725 
1200 1 146 1 1730 1 
1072 1 1171 1 2509 1 
1319 1 1368 1 613 1 846 93 
2338 1 2508 1 586 5 
1039 1 632 339 848 1 
160 1 1970 278 2438 1 
1431 1 213 6 2419 17 508 1 
166 1 990 1 
1982 1 414 2378 526 1 
1043 1 1183 252 2348 1 331 1 
1032 1 1697 1 2214 154 787 559 
1824 1 2079 1 2104 2 710 1 
1161 1 153 1 2343 1 
1422 1 147 2080 2235 1 54 70 
142 1 2317 4538 247 5486 756 10751 
1008 1 164 382 165 607 
163 1 
1028 1 1272 617 163 897 
155 1 30 29 990 1 
2188 1 267 1 410 881 
1456 1 169 73 532 1 55 1 
168 1 
1456 1 51 1 55 1 
2080 1 646 15 66 1 
1243 1 2068 1996 2497 418 
180 1 642 5 646 412 
1048 1 266 1 930 152 
1245 1 
1245 1 
1245 1 
1252 1 182 137 2449 1 439 612 
1386 1 195 1 204 1 
173 1 181 1 335 1 
180 1 183 1 656 115 
178 1 2527 31 
181 1 184 1 656 674 
183 1 2296 336 569 447 646 279 
1253 1 189 77 569 41 
1253 1 189 1 670 1 
1675 1 188 1 670 661 
187 1 189 27 420 1 
185 1 186 2 188 25 
1274 1 1744 1 192 33 
1299 1 1778 1 488 158 
190 1 
1274 1 194 1 2515 768 
193 1 201 1 2515 1 
179 1 196 1 197 1 2374 1 
195 1 
195 1 198 1 199 1 
197 1 
197 1 200 1 201 1 
199 1 
194 1 199 1 202 1 
201 1 
1252 1 1386 1 210 1 
179 1 206 43 439 1 
1342 1 206 1 2362 1 
204 1 205 1 207 1 210 442 
206 1 
210 1 
220 1 536 1 
203 1 206 555 208 1 
2542 1 534 1 537 4 
1819 1 2161 1 722 658 
154 1 
1086 1 2130 3 2138 1 
1351 1 2542 1 501 1 537 1 
217 1 2542 1 523 1 534 78 
1813 1 216 1 2198 1 2530 11 
225 1 530 4 547 3 
1245 1 2449 1 
209 1 221 1 540 1 
220 1 222 1 541 1 548 1 
221 1 223 1 543 1 545 1 
222 1 224 1 544 1 
223 1 
218 1 226 1 536 1 
225 1 530 1 534 1 
395 1 
2232 1 407 555 957 31 
1842 1 1850 144 615 22 
1110 1 1117 172 265 1 448 281 
1639 1 2186 1 2519 920 844 4444 
1639 1 
1793 1 1844 45 570 1 
1574 1 1585 5122 280 65 691 154 801 13 
1493 1 1672 428 1763 1 2398 102 
1233 1 799 42 802 61 827 207 
131 1 1313 1365 807 237 829 1044 
2389 1 239 169 240 73 
238 1 2395 13 241 111 826 24 
1703 1 238 178 241 454 688 844 
239 1 240 913 801 1004 827 1623 
1314 1 243 982 2457 227 804 2320 
1315 1 242 400 805 250 829 367 
1053 1 2176 1 246 155 338 1 
1495 1 1543 274 758 1 
244 1 247 419 253 3049 755 1301 
162 1 246 1289 795 742 
249 1 251 477 
1885 1 2466 873 248 1 
2441 1 372 1 655 1 
2454 1 248 643 
2176 1 2180 147 2521 1 
1051 1 246 470 2521 483 
1367 1 141 1 145 13 
129 1 1480 685 59 445 
2363 1 495 1 65 11 
2250 1 2437 1 301 1492 
259 1 398 1 
258 1 
2105 1 2463 485 2485 318 592 3204 
2100 1 263 86 558 2621 
1801 1 
261 1 300 1 301 897 
2188 1 2486 1 271 828 
230 1 
174 1 2445 270 2471 1262 859 299 
167 1 56 830 95 2241 
271 1 
1755 1 1787 51 1790 6 
1841 1 
264 1 268 37 60 398 
1846 1 2082 177 277 1 572 223 
138 1 2052 133 470 1 560 1 
1015 1 1083 209 1645 1 1810 4 
1755 1 572 90 575 87 
1080 1 1082 347 1883 4 2487 1 
272 1 575 1 
1006 1 
106 1 341 17 455 34 
1194 1 1230 110 1532 1 234 1 692 1 
379 1 427 61 787 1 
2406 1 
409 1 
1010 1 1789 107 948 146 
1755 1 1881 5 1956 1 
1005 1 
1537 1 1565 1 869 1 987 16 
1077 1 1960 1 2365 1 701 120 
1034 1 564 1 
1322 1 1452 1 1484 2821 1718 1 
509 1 738 433 
1107 1 1453 44 620 173 
2213 1 2363 1463 300 1 
1172 1 1307 945 1540 1 295 77 
1356 1 2102 561 294 85 579 22 
1794 1 300 594 909 1 
1794 1 2209 1 301 1 
124 1 1488 1 1519 1 2102 483 
325 1 
263 1 293 1 296 1 
257 1 263 1 297 1 
1397 1 2249 1 303 195 336 7 
1399 1 1469 145 1473 8 2209 72 302 1 
1201 1 306 12 341 3 
1310 1 1396 1 2469 2212 
1444 1 304 2 
2456 1 2483 54 322 433 
322 1 
1114 1 1551 1 2120 1 436 152 
1977 1 311 3 312 1 
2450 1 310 269 720 1 
2289 1 310 351 720 1379 
2320 1 315 1 593 1 
23 1 2490 1 315 1 
313 1 314 7 317 1 
1302 1 1630 31 2150 1 
315 1 321 73 323 1 
1085 1 1504 1 495 3 
2209 1 321 45 328 403 
321 1 324 1 343 591 
317 1 319 1 320 1 
307 1 308 6 724 1 
317 1 603 1 
1175 1 320 1 326 10 
2211 1 299 1 382 47 
2490 1 324 1 75 12 
2148 1 562 435 762 1 
319 1 604 1 75 76 
1473 1 
1995 1 2047 1 444 1 
1207 1 157 2223 337 1383 
2105 1 398 1 
1053 1 1280 1 2544 1 338 32 
1817 1 2310 146 2340 1 715 1 
180 1 650 1 715 1 
1469 1 2108 1 302 1 59 102 
1833 1 2176 407 2180 192 331 1 
244 1 2503 14 333 1 853 26 
1054 1 1280 57 1817 1 2245 2 
1126 1 2231 1 614 1 
1310 1 1311 67 279 12 304 1621 
353 1 693 823 730 1 
2510 1 320 1 931 1 
110 1 1750 44 45 1600 
1750 1 2402 568 346 308 
1748 1 2063 1 345 112 349 9 
2056 1 2230 111 349 62 
2056 1 349 20 418 14 
2406 1 346 166 347 215 348 16 
1750 1 2408 351 352 239 
872 1 875 1109 884 93 
1845 1 2060 1 350 66 478 1 
342 1 
2492 1 356 12 731 6 
2136 1 581 158 594 1 
354 1 
1772 1 2131 2654 2480 3323 
1476 1 1672 1 1880 4668 1926 20 
1486 1 1654 1 877 61 
366 1 845 2 949 1 
1050 1 1206 1 965 1 
363 1 474 59 99 373 
1494 1 2208 51 362 1 472 1 
365 1 366 148 383 185 
364 1 949 19 965 1 
360 1 364 154 397 31 
1062 1 1064 1 2203 1 27 31 
1684 1 370 19 39 25 
1684 1 2150 120 370 469 
368 1 369 777 423 452 
1162 1 1569 106 608 92 
2372 1 2403 1 250 1 
1349 1 2287 8 380 100 
1132 1 877 1455 882 25 
1348 1 2289 666 376 152 
1349 1 375 160 378 108 
1452 1 1713 1 1716 165 772 1 
1977 1 2287 383 376 114 
2054 1 281 938 533 644 
1049 1 2284 103 373 129 
2048 1 2517 59 863 1 
1260 1 2498 1 325 401 
364 1 
2474 1 388 549 459 2 
389 1 
2474 1 
2474 1 388 535 393 1 
2481 1 384 628 387 1139 392 2 
2293 1 2472 90 385 73 
1884 1 2284 33 2472 8 
392 1 
388 1 391 85 393 113 531 39 
387 1 392 31 394 24 395 185 
393 1 456 1204 507 1 
227 1 393 19 507 75 531 30 
2474 1 456 1 458 1 
366 1 403 1 926 465 
1781 1 2435 1 258 2533 332 1504 
1076 1 2128 1713 2289 38 
1417 1 1631 235 2008 2171 980 1 
1416 1 1632 1 2298 1 980 215 
1260 1 1447 1 2181 113 
1014 1 2043 227 397 618 
406 1 
1014 1 
1688 1 2525 1 404 1 
2208 1 228 1 955 82 
794 1 
1258 1 1259 814 283 2098 
167 1 2168 1058 411 21 
410 1 
794 1 
2237 1 34 317 39 33 
156 1 2129 42 34 966 
1663 1 2458 1512 582 565 
1102 1 428 84 
1101 1 1687 85 2408 145 
2063 1 348 1 429 361 
2363 1 2521 301 502 1590 
1165 1 188 1 2185 1 624 1766 
1371 1 1375 641 2341 8 
2431 1 2451 342 902 1511 
1980 1 370 441 39 153 424 128 
2236 1 2237 1 423 1 
1441 1 452 1 
1980 1 2129 1 2236 1 2396 173 
1409 1 2148 26 281 1 
1678 1 2057 52 416 145 
1104 1 1678 12 418 366 
1932 1 883 7322 905 14 
1198 1 1770 1 1921 409 2114 1 
904 1 
2197 1 2344 1 462 219 
1125 1 1133 52 77 285 
1134 1 1324 1 2242 408 
2121 1 2493 1 309 1 
464 1 596 58 
1134 1 1454 1 2493 1 
178 1 204 1 
1074 1 1329 174 1872 9 1873 73 
1437 1 1576 1 
1749 1 445 588 462 1 
444 1 
2496 1 330 451 443 357 694 2 
442 1 446 1 466 203 
445 1 447 319 466 670 
1198 1 2344 1 446 2 
2061 1 230 26 
1873 1 
1095 1 1098 34 1102 146 
1997 1 2295 1 46 1 
1433 1 1434 329 2230 7 425 1 
1171 1 1332 143 1478 301 
2230 1 2556 108 
1201 1 279 22 599 1 
394 1 396 1 457 1 665 1 
1152 1 1171 1 1903 1 456 1 
1970 1 396 1 459 15 
384 1 458 1 460 28 
1757 1 2481 1 459 1 
2524 1 469 1 471 1 
433 1 442 294 466 1 
2472 1 
2197 1 437 225 
2069 1 2385 1 2496 107 
445 1 446 6 462 1 
103 1 468 1 727 1 
2524 1 467 1 732 1 
103 1 461 1 470 1095 
273 1 469 1 471 1 
1360 1 461 1 470 1 
111 1 363 226 474 1 
107 1 1752 1 479 2 
1153 1 362 305 472 9 
1752 1 2053 1 2055 1 
1752 1 2524 1 729 1 
109 1 478 257 484 329 
110 1 1843 91 352 5 477 384 
2055 1 473 1 480 167 
479 1 481 1 483 390 
480 1 482 2 
2055 1 2191 16 481 13 
480 1 
108 1 477 594 485 119 
484 1 
103 1 2189 1 514 1 
1043 1 1275 10379 1516 6515 
1253 1 191 191 571 1085 
2085 1 504 971 745 1 
1897 1 1976 215 2404 52 
1290 1 1297 1 2238 37 755 2 
2473 1 89 1 959 1 
1284 1 2422 1 78 1 79 1 
1801 1 
2437 1 256 29 318 1 
522 1 
1870 1 917 109 936 182 
2566 1 
1372 1 501 1 507 38 
523 1 
215 1 499 1 504 1 
2117 1 419 1 503 1 
2111 1 502 13 70 29 
489 1 501 1 512 1 
1115 1 1127 1 1395 21 1834 769 
2540 1 2541 1 645 1 
394 1 395 11 499 1 
1319 1 154 2277 844 1 
1440 1 2485 871 291 1729 
2507 1 2530 1 521 84 
1068 1 2192 1662 2411 215 
504 1 515 1 704 1 
2416 1 707 1 
1709 1 486 1 733 1 
512 1 
523 1 524 70 704 1 
1003 1 1496 127 1507 28 1559 1 
704 1 
1683 1 520 1 946 1 
2125 1 2248 1 2445 4 519 1 
510 1 
1143 1 34 1612 496 1873 
216 1 500 121 516 57 
516 1 
2300 1 2487 709 700 1 
1143 1 156 53 2132 1 
1223 1 1283 1 79 174 
1174 1 529 1068 796 194 855 1 
528 1 
218 1 226 5 
1351 1 392 192 395 32 
1455 1 1473 1 168 743 671 1 
1032 1 379 1 567 361 787 1 
211 1 216 1 226 1 
1409 1 2562 227 601 91 
209 1 225 1 547 4 
211 1 215 44 540 131 
2008 1 539 1337 981 1 
1854 1 1865 7 538 1330 72 1 
220 1 537 279 541 178 
221 1 540 176 542 4 
1351 1 541 31 543 1 
222 1 542 1 544 1 
223 1 2481 9 543 1 
222 1 548 1 
1403 1 2054 252 2148 1 
218 1 536 6 
221 1 545 1 
1835 1 2255 1 550 73 
2256 1 549 1 977 12 982 1 
2151 1 556 871 968 665 
554 1 857 1 927 1 
555 1 
552 1 857 1 
126 1 2205 12 553 1 
1835 1 2257 339 551 1307 559 142 
927 1 
1034 1 261 1 564 1 
556 1 975 581 982 752 
1117 1 1738 1 273 12 705 1060 
1243 1 140 1177 2067 14 
1409 1 327 88 601 28 862 54 
1957 1 1960 1 701 1 
1408 1 1468 1 289 1 558 1 
1741 1 1743 1219 1783 408 566 3 
2360 1 565 948 706 11 
1032 1 1034 1318 533 190 
635 1 
1165 1 184 335 185 70 2318 1590 
1086 1 123 1 233 1 
1045 1 488 768 782 1 
1788 1 272 1 275 1 575 1 
86 1 865 1 867 1 
1353 1 1471 1 2082 1 
275 1 277 160 572 1 
663 1 
1758 1 1784 362 744 245 
2193 1 580 1 583 180 590 60 
1199 1 1540 1 1676 800 295 23 
2106 1 578 265 594 492 602 1 
2258 1 355 1 582 721 
2258 1 415 2005 581 18 
1697 1 2551 1 578 44 600 50 
588 1 
146 1 1583 4 2046 1 2560 577 
151 1 593 145 
592 1 
2552 1 2555 200 584 1 
1188 1 1839 279 2174 147 591 10 
578 1 
1690 1 2253 1147 589 159 
1435 1 260 325 587 1 
313 1 586 1 
2136 1 355 187 580 1 
1586 1 2174 1 2549 1 
437 1 
2452 1 2454 1 599 563 
1450 1 1454 1304 1731 2117 851 2884 
1445 1 455 1 597 2 
1696 1 2546 2287 583 3 
1838 1 2520 987 535 43 562 614 
2551 1 580 1 
323 1 604 168 909 2537 
1794 1 328 4 603 1 
1853 1 2013 1 2432 115 
2529 1 
1369 1 
1168 1 371 1 609 1507 
1153 1 1854 765 608 390 
1461 1 1979 1 2150 1 
1418 1 1855 10 798 1 
1992 1 2391 1 2499 560 
1431 1 150 21 846 1332 
1060 1 1075 1 1802 31 340 45 
1009 1 1065 4 229 1 
1287 1 
1001 1 1376 891 37 168 618 69 
1670 1 617 277 619 41 621 1060 
1074 1 1753 330 1961 1 618 1285 
1159 1 1453 13 292 1 
1071 1 37 163 41 1033 618 33 
1030 1 1195 1 2465 49 831 574 
1420 1 2549 24 858 31 
1675 1 2178 436 420 5 
1345 1 1554 18 2086 1010 
2087 1 2088 15 659 8 
1343 1 1345 388 628 764 
1436 1 1538 69 627 709 629 24 
1431 1 628 454 630 88 
1859 1 2086 4 629 69 
1773 1 
152 1 2215 1777 2216 35 
1212 1 1631 1 634 4 
1215 1 2165 6 633 77 
1984 1 2528 1 568 1 
1910 1 2116 425 639 710 
1910 1 639 500 910 1 
2115 1 2116 253 639 402 
636 1 637 3 638 1 
1384 1 1388 1 2223 1 
1137 1 1323 8 1423 1 773 1 
173 1 2283 15 649 1 
1994 1 29 1 644 1014 
1591 1 2173 414 643 69 
506 1 
171 1 173 523 184 359 
1126 1 2201 1 2270 1 
133 1 
2285 1 642 38 650 1 
2563 1 335 36 649 136 
1658 1 1815 6 652 27 
1659 1 651 40 708 6 
1226 1 1643 31 2436 317 654 32 
1225 1 1534 168 653 33 
2372 1 250 1 720 71 
181 1 183 558 2318 1445 
1323 1 1915 664 773 331 
2087 1 659 33 661 1 
1554 1 626 1042 658 364 
1526 1 1543 61 
1380 1 2086 2 658 94 
1378 1 1857 1 1860 6 
2085 1 2280 462 2326 592 576 69 
2271 1 2274 2170 667 2100 
2271 1 2438 1 456 168 
1782 1 2083 3471 2274 2318 668 1 
2262 1 2336 3615 664 24 
2263 1 2276 1 666 2866 751 1 
1451 1 744 751 751 712 
186 1 187 671 2091 1 
1711 1 1941 1 532 1 
1221 1 1456 3257 57 1664 673 960 
1455 1 56 271 672 1 
675 1 677 612 679 1 939 1 940 2 
674 1 676 1 941 1 943 1 
1495 1 1543 1 675 2 677 1 678 1 
674 1 676 575 678 1 679 1 
676 1 677 1 937 1 938 1 
1211 1 1570 361 674 1 677 2 
1324 1 1720 60 1791 401 1915 43 
1179 1 2013 16 2015 48 2349 1 
1131 1 1179 22 2226 31 
2316 1 
1179 1 
1179 1 
1172 1 1356 146 1363 1094 
952 1 
1574 1 240 26 689 64 
688 1 
1048 1 1140 1 2539 1 
234 1 692 58 800 1 861 1 
1928 1 280 123 691 1 799 1 
2036 1 2492 659 342 1 694 14 
444 1 693 1 695 527 
1765 1 1878 13 2047 510 694 1 
1630 1 2412 42 7 1 754 1 
1504 1 2428 1 2429 943 868 884 
1279 1 1514 52 2074 1 
1077 1 1081 241 1208 1 1653 1 
1279 1 525 516 838 1 
1871 1 288 1 563 10 
2303 1 2340 3360 2453 4062 
1675 1 2091 1851 705 1 
512 1 516 1 518 10 
1063 1 560 1 703 14 
1783 1 4 1 566 536 
1246 1 125 1 513 1 
1000 1 1626 783 652 448 
1822 1 710 81 713 1 
1427 1 159 77 709 271 
1427 1 2245 931 713 10 
1739 1 1906 1 2355 1 2360 37 
1821 1 709 37 711 78 
1827 1 1996 1 2397 1 
1054 1 1817 1 334 80 335 13 752 121 
1792 1 
2185 1 2301 60 718 1 
1063 1 66 698 717 1 
1521 1 1822 120 1824 1 2400 16 
2013 1 311 1841 312 1092 655 1 
2202 1 2216 1 2415 407 
1116 1 120 1086 212 1 
2062 1 726 1 733 1 
2247 1 2483 1 322 4 
1044 1 1289 1 973 1 
2053 1 723 1 729 1 
467 1 732 1 733 1 
1133 1 2468 701 77 4 
476 1 726 1 732 1 
2376 1 342 38 970 704 971 94 
1933 1 1936 1 354 1 
468 1 727 1 729 616 
514 1 723 1 727 1 
1501 1 2182 1 735 1 
1016 1 2459 547 734 1 
1016 1 25 1 944 1 
1475 1 1888 1 934 1 
1419 1 291 1 
1137 1 1138 92 1239 52 
1291 1 808 1 810 188 
1768 1 1895 12 896 2 
743 1 
2332 1 2531 742 742 788 
2443 1 2512 517 577 545 669 90 
1784 1 489 431 750 1 
1758 1 747 65 748 199 
746 1 
1974 1 2443 1 746 264 
1756 1 1785 96 2031 62 
1785 1 2534 1 745 1 
1782 1 2512 1362 668 8 669 970 
2238 1 2283 3 715 165 
1629 1 1986 1 79 1 
1282 1 1629 1 2041 1666 696 51 
1053 1 246 711 491 72 795 1 
1430 1 162 10776 2428 92 
1765 1 1868 461 2065 1362 
1914 1 2194 1540 245 2494 
2160 1 61 1205 768 3 941 160 
2430 1 766 1 768 283 
1528 1 764 96 939 149 
327 1 763 320 765 1 
1367 1 35 2125 762 49 
1472 1 761 1 943 1 
1421 1 2045 1 762 86 767 290 
2423 1 760 296 
1367 1 2560 362 765 1049 
759 1 760 54 
2421 1 2430 31 
115 1 1580 26 1871 18 2254 1 
1583 1 1587 135 2516 1 
1915 1 377 1 773 25 
1452 1 641 186 657 82 772 478 
1293 1 777 1 849 1 
1180 1 1186 1 1202 1 1797 2370 
2024 1 874 250 968 1 
1293 1 2220 78 774 1 
2530 1 
1020 1 1021 1 1879 415 783 9 
1887 1 1898 1 1957 2177 
1021 1 1194 125 1230 22 1879 1 
1096 1 1667 502 571 1 
779 1 785 960 886 1489 
1021 1 1234 1 886 346 
1646 1 783 1800 885 431 888 459 
1412 1 2239 1 2256 499 977 1 978 1 
158 1 2562 85 281 363 533 11 
1301 1 1703 4 789 199 
1424 1 1425 1 2 1 788 8 
1186 1 20 1 876 3364 880 21 
18 1 20 135 989 1 
1125 1 2550 1 2565 1 
1831 1 1832 103 797 1 
2147 1 408 498 412 1 42 60 
1297 1 142 7759 247 455 755 1 
1663 1 2106 240 528 590 855 1 
1830 1 36 1 793 1 
1282 1 1551 1 1994 1 611 836 
1532 1 236 1 692 22 800 3 
691 1 799 14 801 51 827 80 
234 1 241 276 800 133 
1532 1 236 1405 803 79 
1365 1 1650 1898 802 601 
1641 1 242 605 805 4208 
1236 1 243 1 804 4813 806 298 
805 1 807 1337 828 1 829 443 
237 1 2395 1050 806 1883 
1147 1 740 1 809 1 
808 1 
2457 1 50 276 740 47 
1147 1 1661 495 74 1 
1087 1 2254 46 817 1218 
1402 1 2457 1668 815 1826 
1921 1 2413 654 2522 492 
813 1 816 53 820 217 
1404 1 1625 24 815 276 
1502 1 62 1 812 1777 993 1 
1028 1 2012 588 2014 1020 
1923 1 2074 1 2196 1 
1557 1 2457 938 815 448 
1557 1 822 313 823 356 
821 1 
821 1 825 73 
1068 1 1998 19 2484 1 
1404 1 823 132 
1233 1 239 15 827 1 828 155 
236 1 241 1048 800 1 826 215 
1236 1 2395 42 806 98 826 1 
1312 1 237 91 243 45 806 1 
1574 1 1585 1 1633 1 2137 50 
1765 1 2065 61 622 761 861 87 
1112 1 1989 303 73 1 
1876 1 63 1 834 45 
833 1 
63 1 836 10 838 1 
835 1 
1278 1 
1278 1 700 10100 835 1 840 26 
842 1 
838 1 841 38 842 29 
840 1 
839 1 840 38 843 339 
842 1 
1159 1 1319 1 231 1 508 87 
1038 1 12 1 360 1 848 14 
1074 1 150 1 1753 6 613 1 
848 1 
1040 1 152 7 845 8 847 1 
1041 1 1084 1 774 1 
2107 1 2313 1232 39 85 
1722 1 1723 2568 2122 1 598 482 
1182 1 1317 381 1703 421 
1270 1 2544 1776 338 7864 
942 1 
1781 1 2435 1 528 1 796 698 
1764 1 1815 1 
2320 1 552 1 554 14 
1174 1 1440 1486 2463 1 623 99 
1674 1 266 228 860 661 
859 1 
1585 1 1928 1 691 10 831 1 
1421 1 2520 332 562 1 
1421 1 2045 1 2048 1 381 344 
137 1 1754 1 2546 1 60 160 
573 1 866 119 
865 1 
573 1 870 1 
1403 1 2054 1028 697 47 
1580 1 287 18 987 799 
2131 1 867 1 
1877 1 2225 157 
351 1 86 1 875 123 
2225 1 2259 196 874 1641 
2025 1 776 1 873 2872 
2131 1 351 414 872 84 
16 1 2418 1 790 3539 
359 1 374 1252 882 1118 
1772 1 
2093 1 2480 10909 881 643 
1667 1 21 63 790 49 
879 1 
374 1 877 5582 883 1431 
430 1 882 538 903 1192 
1773 1 1777 1 2480 1 351 1 
1237 1 785 4565 886 33 887 434 
783 1 784 1638 885 52 
1759 1 2538 1 885 406 
2538 1 785 1 891 3239 
2475 1 
1583 1 2046 62 2048 1 
888 1 
894 1 895 852 900 440 
1647 1 1814 1384 1969 224 
1122 1 892 70 895 11 
892 1 894 53 899 247 
1993 1 2323 1 741 1 
2497 1 899 1984 900 1 
1082 1 1773 58 1777 30 1820 1 
895 1 897 1041 930 271 
1707 1 892 513 897 2 
1172 1 1306 28 1307 2 1525 1 
1751 1 422 125 918 10 
1708 1 2068 190 883 3829 
2451 1 432 9 908 344 
430 1 
908 1 
1993 1 908 585 921 38 
904 1 906 3026 907 2403 
1828 1 296 1 603 1 
1187 1 1474 1 1627 1 637 616 
1331 1 1847 9 2109 1 
1227 1 
1869 1 1870 4113 936 3220 
1974 1 
916 1 
1151 1 2325 3716 915 1 
497 1 
1945 1 902 12 919 1038 
918 1 
1747 1 1945 1 921 1189 
2451 1 907 152 920 220 
1449 1 1451 467 1942 2861 1954 477 
999 1 
2033 1 2038 31 950 123 
1428 1 1730 1 2229 1 2235 92 
2038 1 397 44 928 189 974 221 
552 1 557 1 
1449 1 1954 313 2043 40 926 148 
1122 1 1146 1 1166 1 1719 1 
1700 1 1705 1 174 177 899 221 
2088 1 2509 15 343 218 
1016 1 1023 944 1942 1159 
2168 1 2483 1 
737 1 
1976 1 2093 6773 2404 1056 
2265 1 497 397 913 8047 
1474 1 678 1 938 714 
1108 1 678 1 937 1 
674 1 761 1 940 430 
22 1 674 1 939 1 
675 1 759 1 943 108 
1601 1 2466 1308 2564 1089 854 1038 
675 1 764 2 941 1 
1487 1 2415 1 736 1 
1222 1 1461 1 2207 102 
2183 1 2248 3252 519 1 
1164 1 1289 7 1743 423 48 1 
1007 1 1010 333 1952 39 284 161 
1010 1 1756 169 360 25 365 1 950 233 
924 1 949 114 974 694 
1724 1 2439 1 952 374 
1826 1 687 1685 951 812 
1439 1 1628 3 2332 922 2440 1 
1228 1 2440 2106 955 1 
1229 1 407 1 954 432 
101 1 2232 1 957 19 
228 1 956 121 96 262 
1459 1 1929 1654 2531 1 
492 1 
1066 1 1465 43 1825 52 
1173 1 1446 858 2426 2094 
102 1 1825 1 2079 1 2110 1 
1767 1 
1143 1 1982 26 2129 546 2207 1 
1044 1 1084 2 361 1 365 112 
2218 1 2221 1 967 1 
1535 1 2218 1 966 1 
2375 1 551 1 776 1 975 1 
2310 1 2340 27 2453 734 
1934 1 1936 491 730 1 
1635 1 2036 1 730 160 
1140 1 1169 1 2124 2293 
2220 1 2221 1 725 1 
1954 1 1974 1 926 207 950 118 
1120 1 559 1 968 1 976 186 
1498 1 975 1 977 5 982 15 
2175 1 550 1 786 309 976 1 
1466 1 2243 1 786 1 979 33 
1416 1 2358 969 978 1 980 391 
400 1 401 1 979 1 981 1 
1865 1 2298 23 538 1 980 1 
1835 1 550 1 559 834 976 1 
1552 1 1835 1 2255 1 2257 613 
1920 1 2075 3966 98 1 
1173 1 
988 1 
1209 1 1496 1 1559 1 287 1 869 50 
1522 1 1804 214 986 1 
1481 1 1577 47 19 1 791 115 
155 1 166 793 21 1 
2069 1 2492 15 992 1 
2069 1 2381 1 991 1 
115 1 2254 1489 817 169 
2034 1 2041 152 2314 1201 995 1333 
1760 1 1987 373 2447 787 994 1350 
1227 1 1768 11 1895 1 1896 222 
1170 1 1368 1 2477 1 
1321 1 1322 8 1484 43 83 1 
1499 1 2439 1 923 141 
1657 1 2433 679 708 772 
1796 1 1908 125 617 172 
2500 1 
1149 1 2005 671 517 717 
1475 1 1506 1 2007 103 
1006 1 1863 1 286 55 
1005 1 1863 93 1948 433 278 1166 
948 1 
1273 1 1559 1 163 1343 
1361 1 1364 1 615 13 
1012 1 284 32 948 6 949 1 
1012 1 
1010 1 1011 151 1013 40 
1012 1 
2051 1 403 694 405 1594 
1080 1 274 115 
735 1 736 232 932 992 
1023 1 
1019 1 1083 96 1645 14 2302 570 
1018 1 1020 1 1647 1 2297 36 
1019 1 1648 201 2297 3860 779 1 
1022 1 779 170 781 10 784 1 
1021 1 1089 1 1230 1 1231 306 
1017 1 1449 133 2051 372 932 1675 
1089 1 1100 1 1650 86 1968 1242 
1100 1 1588 285 1649 1 
1027 1 1509 210 2448 55 
1026 1 1508 2 2459 1 
1271 1 165 522 818 398 
1056 1 1057 573 1123 1151 
1031 1 1928 1 622 7 
1030 1 1194 285 1195 735 
158 1 1696 1 533 1 567 1180 
1197 1 1296 306 2561 34 28 1136 
289 1 558 1 567 43 
1127 1 1395 1 2370 141 
1485 1 1486 1 1933 1 2380 1 
1038 1 1041 91 1084 1 
1037 1 1040 1 13 28 845 1 
1040 1 105 1 152 9 
1038 1 1039 7 1041 1 848 1 
1037 1 1040 1 105 1 849 1 
1122 1 1150 1 1166 1 1932 1 
1309 1 157 1 2207 617 487 6702 
725 1 965 542 
1047 1 2318 1 571 157 
2020 1 
1045 1 
174 1 2210 3856 690 1 
1076 1 1348 453 2282 66 380 208 
1181 1 361 1 
1985 1 2317 1 253 1185 
1289 1 1292 178 1293 1 2357 1 
1290 1 244 1 333 1 755 85 
1290 1 2238 1 339 19 715 189 
100 1 1247 57 1479 4371 
1029 1 1159 1 2519 292 
1029 1 1058 218 1059 58 
1057 1 1059 507 2464 55 
1057 1 1058 521 1193 158 2461 44 
1364 1 614 90 
1358 1 2110 340 27 40 85 1626 
1305 1 1308 2 1424 1 367 440 
1360 1 2178 1 705 1 718 90 
1066 1 367 95 
1849 1 36 1 615 3 
1064 1 2206 1 960 52 
2100 1 
2450 1 511 1 824 1 
1088 1 1833 756 1983 127 
1071 1 
1070 1 1961 8 621 1167 
1332 1 1343 9 149 5 
1873 1 
1555 1 440 1 619 741 846 1 
1170 1 1193 215 1829 226 614 56 
1049 1 1775 85 1867 75 399 36 
1078 1 2513 1590 288 9654 699 1 
1077 1 1081 6 1889 1 1960 1 
1231 1 1643 224 2366 142 
1015 1 276 1 
1078 1 1550 9647 1920 54 699 1 
1083 1 1285 5 276 16 898 83 
1018 1 1082 1 2042 846 274 54 
1037 1 1206 336 849 1 965 1 
1847 1 2532 4368 318 656 
214 1 2434 1 570 1 
1907 1 62 70 812 1 
1069 1 1833 3563 2348 1 
1022 1 1024 1 122 328 1534 378 
1635 1 1935 1 2094 1 2376 8 
1654 1 1874 1 2094 1 
1093 1 1376 20 1849 514 
1092 1 37 40 44 537 
1095 1 1097 1 1099 499 
1094 1 2558 222 450 93 
1180 1 1202 105 1210 1 782 1 
1094 1 1098 38 1845 423 
1097 1 2060 43 450 186 
1094 1 1728 1 2558 356 
1024 1 1025 1 1968 333 
1102 1 1678 36 417 142 
1101 1 416 100 450 5 
2250 1 47 1 
1687 1 429 1166 
1581 1 
1398 1 1904 34 4 11 
1170 1 1193 1 292 361 
1528 1 1638 48 938 1 
1210 1 1220 1 1811 48 71 29 
1359 1 2103 1 230 153 
1192 1 1522 1 2103 417 
2495 1 2502 3611 832 1 
1203 1 2558 3592 
17 1 2119 1 2286 1 309 10 
1133 1 1169 171 2354 300 505 1 
1121 1 2073 1 722 1 
1192 1 138 1 230 1 560 5169 
1248 1 2405 382 93 3403 
1122 1 1129 2 1191 1 1674 1 
1498 1 1930 189 2375 187 975 903 
1116 1 1130 1 2138 804 
1042 1 1119 1 894 2919 929 22 
1029 1 1762 1 2182 435 2459 25 
1143 1 1244 1 2107 896 2109 14 
1885 1 434 2 792 1 
1131 1 1512 405 340 1 647 1 
1035 1 1398 1 38 1 505 1526 
1144 1 1221 17 57 1 
1119 1 1601 1 2124 1784 2565 9 
1121 1 1844 3247 1853 1 
1126 1 2231 1 2532 1 682 123 
1486 1 2475 23 374 709 
1115 1 1395 285 434 1 728 1 
1135 1 435 908 438 1 
1134 1 1324 25 1551 3 1855 210 
1791 1 2240 1 2241 1 
1238 1 1855 1 641 1 739 1 
1142 1 1423 1 1591 1 739 1 
1142 1 1241 1034 1322 1 83 10 
1366 1 690 23 972 1 
1321 1 2561 64 83 1 
1138 1 1139 3 1241 11 
1124 1 522 1414 526 119 964 1 
1128 1 1572 1 1573 11 
1496 1 1921 1 2369 3304 
1689 1 1719 1058 929 2 
1402 1 808 3 811 449 
1149 1 2002 1435 2511 1 
1003 1 1148 1 2001 2060 
1042 1 
2373 1 2431 1 2436 1 916 4454 
1155 1 1799 1 457 4 
1168 1 474 1055 609 229 
1155 1 1462 1 1798 1 
1152 1 1154 1 1156 13 
1155 1 1157 4 1798 1 
1156 1 1798 6 1903 1 
1608 1 1679 1 1682 4 2506 8 
1056 1 1753 1 620 1 844 1 
1373 1 2139 1 
1327 1 1373 1 160 1 
1661 1 371 56 72 1 
1180 1 1186 1 69 1 
1181 1 40 90 947 1 
2296 1 420 3100 569 48 
1042 1 1710 823 929 1 
1178 1 
111 1 1153 29 608 1 
1115 1 1173 2169 972 5411 
1075 1 1107 420 1581 82 997 1 
1371 1 149 1 453 430 457 1 
1358 1 294 41 686 46 901 1 
1169 1 961 1786 985 1279 
2258 1 2485 21 528 139 858 507 
324 1 49 1 82 1 
1177 1 138 1 2064 1851 
1176 1 1203 1 2064 1 
1167 1 1639 2385 1942 801 
681 1 682 54 684 2333 685 246 
1096 1 1163 1202 2021 1 775 1 
1050 1 1164 25 
1868 1 2137 583 852 1430 
1309 1 157 1 2203 83 2523 13 
1275 1 1992 60 2153 81 
1187 1 
1163 1 775 761 790 1 
1185 1 2004 558 2006 1 910 3 
1584 1 1586 2 2518 45 589 137 
2385 1 
1710 1 1715 165 1716 582 1932 114 
1119 1 1719 1 2124 1 2241 1 
1111 1 1117 1 1738 40 2184 2098 
1059 1 1075 38 1107 95 1802 1 
1031 1 1585 954 1928 100 280 914 781 1 
1031 1 1879 1 2559 527 622 47 
109 1 110 79 2191 3252 
1033 1 2455 1 2561 43 
1475 1 2344 7 431 18 447 2324 
1568 1 1761 1 1763 1304 579 32 
146 1 148 1 
1387 1 2452 344 304 1 455 1 
1096 1 1667 1 71 1 775 21 
1113 1 1177 973 1728 1 
1223 1 1282 1 1691 1 
1272 1 1273 1 2143 1 2511 94 
1084 1 1535 1 361 1 
2176 1 2503 1 331 3549 
1496 1 1565 26 699 2129 
115 1 1580 4 987 1 
1096 1 1109 1 1251 1 1778 3267 
1333 1 2166 1 22 964 679 514 
1213 1 633 1 97 12 
1212 1 1214 6 1216 41 
1213 1 1215 1 1218 21 
1214 1 634 56 99 1 
1213 1 1217 1 1218 17 
1216 1 2309 1 97 54 
1214 1 1216 20 2309 8 
1876 1 1891 1 1935 356 
1109 1 1251 99 1812 1 2184 1 
1128 1 1882 17 672 1282 
2129 1 2396 13 945 1304 
1204 1 2164 1396 527 2195 
1226 1 1589 27 1658 8 
1226 1 1589 595 654 330 
1224 1 1225 1 653 314 
1234 1 912 1 996 4170 
1229 1 1628 1 1892 17 954 1 
1228 1 1840 1 2420 120 955 114 
1022 1 122 2460 280 1 781 1 
1022 1 1079 1508 1534 35 
1314 1 1476 159 2030 140 2059 1 
1236 1 1365 944 236 123 826 7 
1227 1 1237 1 784 34 
1304 1 2389 2086 68 1407 
1233 1 1641 32 805 1 828 4 
1234 1 1759 1 885 30 
1137 1 1239 403 1418 237 
1238 1 1240 175 739 147 
1239 1 1242 1 1261 260 
1139 1 1142 72 2173 169 
1240 1 1418 114 1591 2 
1701 1 172 130 561 53 
1124 1 1443 1 2099 1 2132 10080 
175 1 176 130 177 1159 219 306 
2183 1 707 1 
1055 1 1316 64 1417 60 
1118 1 1249 2198 1742 1 
1248 1 2155 1 2554 1 
1772 1 2404 1486 
1210 1 1220 233 1778 236 1862 1 
178 1 203 35 2362 1 2527 215 
185 1 186 145 488 167 
1269 1 1326 1 1370 284 
1257 1 2181 1 2494 1 
1257 1 1467 1 2494 1 
1255 1 1256 1 1260 1 
2495 1 2502 35 409 17 
409 1 
1257 1 382 1 402 80 
1240 1 
1263 1 1264 91 
1262 1 2370 1 
1262 1 1266 1 2154 217 
2154 1 
1264 1 1267 1064 2157 78 
1266 1 
1744 1 2362 1545 2374 1604 
1254 1 1970 860 2510 1 
1464 1 2503 1 853 252 
1028 1 2143 1 2149 25 
1205 1 1273 45 165 827 
1008 1 1205 324 1272 48 
190 1 193 135 2371 346 
113 1 1184 3523 1461 281 487 1 
1277 1 1287 1 1925 1 63 1 
1276 1 1278 1 1925 28 
1277 1 1279 1 837 236 838 149 
1278 1 1281 1 698 12 700 540 
1290 1 1427 1061 333 35 339 1 
1279 1 1285 1 1918 51 
1204 1 17 1 754 31 798 1 
1284 1 1691 1 1986 1466 29 1 527 2791 
1283 1 1296 995 1981 1 28 1 493 1 
1082 1 1281 16 1916 825 2487 580 
1288 1 2119 286 2293 1 33 800 
1276 1 1595 1 1893 1 616 11 
1286 1 1289 1 1771 310 48 10 
104 1 1052 1 1288 21 725 2 947 8 
1053 1 1054 20 1280 22 491 1 
1294 1 50 206 740 1 
1052 1 2218 39 2222 634 40 1 
1052 1 2218 1 774 1 777 133 
1291 1 1476 11 1661 1 1880 1 
1500 1 1724 64 2077 1248 
1033 1 1284 1 1298 2466 1886 6 
1422 1 491 635 54 10 795 206 
1296 1 1426 2 2410 72 2455 1 
191 1 
1531 1 2141 1 2156 677 
102 1 1424 1 2110 1 68 243 788 243 
1523 1 1979 1 316 376 
1643 1 1759 1 2373 39 2436 330 
1235 1 1305 97 1306 1 1525 1 
1062 1 1304 1 1308 85 27 1 68 1 
1304 1 131 963 1313 1 901 16 
1313 1 1619 129 294 791 901 1 
1062 1 1305 1 1309 51 2203 96 
1043 1 1183 425 1308 1 1516 1 
1311 1 305 6 341 139 
1310 1 341 1 
1313 1 1315 1 1619 37 829 1 
1306 1 1307 21 1312 1 237 249 
1232 1 1315 76 242 1114 50 1 
1312 1 1314 1 2059 1 243 76 
1247 1 1413 203 1558 1 
1995 1 2047 317 852 2822 
1909 1 2170 1 2239 704 
1453 1 150 1340 508 118 844 1 
1328 1 
1141 1 2496 1 998 154 
1139 1 1423 1 290 1 998 1 
1324 1 641 1 657 570 
1135 1 1323 1 435 2 680 451 
1328 1 
1254 1 1327 1 1757 1 
1161 1 1326 1 1478 1 
1320 1 1325 1 1382 1 
440 1 
1873 1 
1844 1 2346 25 911 10662 
1072 1 1335 1 453 211 
1211 1 1570 1 2159 1645 2364 128 
1335 1 1436 30 1478 75 
1332 1 1334 45 1340 1 
1339 1 
1339 1 
1553 1 
1336 1 1337 1 1340 1 
1335 1 1339 256 1343 1 
1437 1 1576 1 2361 1 
1386 1 205 1 2374 264 
1072 1 1340 272 627 30 
1345 1 
1344 1 625 8 627 908 
1531 1 
1531 1 
1049 1 1349 4 375 303 
1348 1 373 1 376 102 
1352 1 1357 1 1375 1 
215 1 531 82 542 1 
1350 1 1353 389 1355 1 
1352 1 1354 51 1813 37 574 1 
1353 1 2017 234 2028 47 
1352 1 1357 1 2017 1 
124 1 295 333 686 1 
1350 1 1355 1 1807 1024 
1061 1 1172 18 1363 259 1525 655 
1110 1 1522 153 
1063 1 471 2 67 1 76 11 
1009 1 
1365 1 1557 16 1649 133 
1358 1 686 82 85 3680 
1009 1 1060 155 1829 1273 
1233 1 1362 102 1641 13 803 1747 
1140 1 2163 5 2554 1 
254 1 763 363 767 1379 
1453 1 150 1 2477 53 997 270 
2316 1 2346 18 607 71 
1254 1 1371 1 1374 7 
1171 1 1370 1 421 448 
1373 1 2507 1 499 541 
1160 1 1161 147 1372 1 
1370 1 1375 35 1805 16 
1350 1 1374 1 421 1 
1092 1 1578 29 1850 40 617 67 
1382 1 1384 1 2269 1 
1379 1 1380 55 1859 1 662 1 
1378 1 1382 1 2087 60 
1378 1 1381 1 661 1 
1380 1 
1328 1 1377 4 1379 8 1385 6 
1385 1 
1377 1 1385 1 640 120 
1382 1 1383 1 1384 1 1390 1 
1342 1 179 1 203 1 
1201 1 1444 1 1447 1 
1390 1 1391 1 640 1 
1393 1 
1385 1 1388 1 1393 1 
1388 1 1392 1 1397 1 
1391 1 1393 1 1394 7 
1389 1 1390 1 1392 1 
1392 1 1397 10 1940 1 
1035 1 1133 1 1396 6 505 178 
1395 1 2154 535 2468 660 305 434 
1391 1 1394 568 302 1 
1106 1 1127 1 1834 344 
303 1 
1401 1 1567 715 1626 971 
1400 1 1402 461 1569 118 1625 259 
1147 1 1401 112 813 252 
1405 1 35 1882 546 765 868 1 
1659 1 816 105 825 1 
1403 1 1406 52 35 465 
1405 1 
1468 1 
1410 1 1520 882 564 1019 
427 1 535 265 562 28 
1408 1 
117 1 1632 437 1911 43 2179 1 
1907 1 2171 1 786 1 
1316 1 1466 1 1795 11 
1415 1 1632 150 1636 1 2194 2438 
1414 1 1851 1 2399 75 
2243 1 2244 1463 401 1 979 44 
1247 1 2358 1333 400 2092 
1238 1 1242 231 611 2 
2425 1 738 30 
1693 1 2193 66 623 3142 
765 1 862 1 863 206 
1297 1 142 1239 161 1988 2228 1 
1138 1 1322 1 1452 4 641 1 
1062 1 113 1311 1301 42 789 1 
112 1 1426 33 789 12 
1298 1 1425 423 2 585 2152 1 2455 1 
1280 1 2544 410 710 1072 711 1194 
1769 1 2229 1 925 19 
1432 1 2144 78 2429 1 
1448 1 2429 1 756 11 
1436 1 154 73 613 117 629 51 
1429 1 
452 1 
2227 1 2417 1 452 590 
1441 1 2417 1492 2425 1 592 1070 
1334 1 1431 1 2419 610 628 114 
1341 1 1749 1 441 668 
1439 1 1457 383 2440 29 
1438 1 1458 900 953 1662 
2463 1 509 1095 858 1 
1435 1 425 179 
1535 1 1671 1 
1244 1 1504 5 2109 1 2231 1 
1387 1 1774 1581 306 3058 
106 1 2467 1529 599 1312 
1571 1 1721 96 961 1 
1387 1 2211 1 2452 482 402 182 
142 1 1430 16 2228 1 2229 1 
1023 1 922 131 928 142 
1735 1 2121 1 2505 2920 598 4036 
1965 1 669 689 922 154 
1423 1 290 1071 377 13 773 1457 
1319 1 1368 1 292 1 620 32 
2121 1 2122 1 438 1 598 2305 
1456 1 1470 14 532 1 673 3025 
1455 1 168 106 170 1 672 1019 
1438 1 1458 334 1460 6 
1439 1 1457 28 1459 1001 
1458 1 1460 733 958 703 
1457 1 1459 919 1929 382 
1275 1 2394 2424 610 1 945 743 
1154 1 1463 11 1592 376 
1462 1 1800 1 2338 79 
1270 1 2204 56 2523 12 
2204 1 2543 50 960 1 
1413 1 2358 1 978 719 
125 1 1256 1 2479 45 2498 240 
1407 1 2101 1 564 1 
129 1 1828 1 303 1 336 55 
127 1 1455 1 1473 29 1828 1 
1846 1 2029 1 574 1 
1521 1 764 1 
1470 1 303 1 329 6 532 24 
1570 1 1638 1 910 1 937 64 
1004 1 1198 3418 1921 1 737 7 
1232 1 1294 1 1493 1 358 9 
1818 1 2328 1 2531 205 
1327 1 1334 1 453 1 
1055 1 1537 1 1558 51 
127 1 1483 32 255 1 
1634 1 31 1 32 35 989 2 
2173 1 2561 313 28 1 83 116 
1480 1 
2385 1 2387 80 290 2517 998 1 
1036 1 1890 1 2381 552 2383 1 
1036 1 1132 370 1890 69 359 1 
1639 1 944 1 
1529 1 1566 1 298 1 
1490 1 
1489 1 1491 15 1711 3 
1490 1 
1711 1 
1476 1 1568 1 2030 6 235 187 
1499 1 1567 384 2433 1 363 1 
245 1 61 5 676 1 
1145 1 1208 61 517 1 987 5 
1506 1 1507 1 2001 325 
1120 1 1503 1 2175 1 976 1 
1494 1 2208 1 2420 1 999 107 
1295 1 1537 1 1550 1 1565 1 
1582 1 2414 53 734 1 
1552 1 1559 326 2014 6781 817 32 
1498 1 1556 1 1909 1354 1930 1 
1443 1 318 241 697 1 
1795 1 1911 208 2179 1492 
1004 1 1497 1 2007 1364 
1497 1 2005 1245 517 1 
1027 1 1762 9 2460 9 
1026 1 
1511 1 1515 40 2461 25 
1510 1 
1126 1 1513 77 1802 31 
1512 1 1515 4 2444 44 
1655 1 1820 1075 698 1 
1510 1 1513 32 2444 879 
113 1 1309 296 487 5560 
52 1 
36 1 
1566 1 1676 1 2246 1 298 1 
1408 1 
1472 1 2319 1 2397 1 719 1 
1111 1 1359 278 2184 22 988 1 
1302 1 78 244 81 1 
112 1 2152 53 2499 1 
1304 1 1358 1730 27 1 901 83 
117 1 1638 41 2179 1 660 2 
2398 1 
1108 1 2397 1 761 690 
124 1 1488 320 2104 1 2421 182 
1795 1 1911 1 2243 1 
1300 1 1346 63 1347 812 1538 589 
122 1 280 6 799 176 802 2260 
2156 1 
1089 1 1231 887 1968 1 654 30 
1206 1 1442 1 967 1 
1927 1 2127 1 2232 347 
1479 1 1500 1 1727 1 287 11 
1531 1 2086 405 628 139 
1541 1 
1619 1 294 1821 579 37 
1539 1 1547 1 1548 1 
1544 1 
245 1 660 1 676 1 
1542 1 1545 1 1547 1 2234 1 
1544 1 
1547 1 
1541 1 1544 1 1546 1 
1541 1 1549 1 1553 1 
1548 1 
1081 1 1500 7 1653 4868 2075 1 
1135 1 17 124 309 17 798 1 
1502 1 2172 513 2350 1 983 1 
1338 1 1548 1 1554 3 
1553 1 625 96 659 8 
1074 1 1858 1 2269 57 
1503 1 1564 1 1913 275 2009 79 
1362 1 1641 4 820 252 821 203 
1316 1 1479 1 
1008 1 1502 1 517 7 987 1 
2050 1 2051 194 
1797 1 2022 32 2159 1 2418 196 
1639 1 
1582 1 
1556 1 2004 1 2113 1 2115 772 
1208 1 1500 342 1653 2 287 1 
1488 1 1519 1 1636 1 2160 1710 
111 1 1400 325 1494 1 1569 1 
1199 1 1493 1 1662 694 
1401 1 1567 1 1661 604 371 246 
1333 1 1474 1 1627 134 679 1 
1446 1 1723 1686 2123 1 
1144 1 1573 2293 2168 1 
1144 1 1572 1 95 1282 
2 1 234 44 688 273 830 17 
11 1 2089 1 2299 1533 2462 1 
1341 1 2145 1 441 2389 
1634 1 30 1 989 1 
1376 1 1579 1 1796 75 
1578 1 
1209 1 770 1 869 746 
1105 1 1170 2637 1908 27 
1501 1 1563 385 
585 1 771 136 890 66 
1188 1 1839 60 2520 483 
1194 1 2065 456 234 30 830 55 861 1 
1188 1 2478 1457 2514 118 595 74 
2478 1 2514 1 771 80 
1025 1 1589 397 1658 140 
1224 1 1225 571 1588 379 1968 3 
1597 1 2058 1 
1138 1 1242 2 1994 804 644 72 
1462 1 1688 1 
1594 1 1595 2 64 1 
1593 1 
1287 1 1593 1 1596 1 
1595 1 1597 1 1893 378 
1590 1 1596 664 1598 464 
1597 1 1599 203 1600 1441 
1598 1 1953 1 2067 340 
1598 1 1874 1 2557 75 
1129 1 1674 262 2405 1 942 5090 
1603 1 2067 2532 
1602 1 2058 1329 
1606 1 1613 217 2067 1 
2504 1 
1604 1 1621 1 2504 1 
1609 1 1611 378 1682 1 
1158 1 1609 2 1613 1 
1607 1 1608 1 1610 137 1614 1 
1609 1 1611 45 1612 1 
1607 1 1610 20 1677 76 
1610 1 1616 1 1618 11 
1604 1 1608 1 1614 63 
1609 1 1613 168 1618 370 1624 464 
1616 1 1677 1 
1612 1 1615 1 1617 14 1623 1 
1616 1 
1612 1 1614 367 1656 1 
1307 1 1312 1 1540 1 2059 1337 
1621 1 1622 101 2504 19 
1606 1 1620 45 1624 407 
1620 1 1623 213 1656 1 
1616 1 1622 208 
1614 1 1621 999 1656 1 
1401 1 1626 186 816 35 
1400 1 1625 135 708 1 
1570 1 2004 1529 2364 1 910 36 
1228 1 1869 1538 1973 1 953 4078 
1630 1 753 1 754 204 
1629 1 2324 1 316 45 696 1 
2165 1 400 1 633 15 
1411 1 1414 1 1851 16 401 520 
1868 1 2065 1 830 1 
1481 1 1577 1 
1090 1 1652 175 2557 376 971 1 
1414 1 1566 1 2246 2 2401 1 
139 1 1651 81 2101 1 2249 77 
1108 1 1474 93 1526 1 1910 846 
1178 1 1487 1 1562 2281 231 1025 232 5495 
1914 1 2401 1 61 1 
1236 1 1365 359 1557 61 804 3390 
1651 1 2223 1 2249 1 
1079 1 1303 242 653 87 
1646 1 2042 527 2302 2 2536 1 
1018 1 1647 239 1969 124 274 1 
1644 1 2297 166 785 4408 
1019 1 1645 1 1648 3270 893 344 
1020 1 1647 1 1879 6211 2559 2980 
1025 1 1362 225 1650 1 
1024 1 122 1 1649 1426 803 1861 
1637 1 1642 14 2224 5705 
1635 1 1876 791 2488 829 
1550 1 1565 1 699 1525 
1091 1 1891 152 2548 4443 359 13 
1514 1 
1618 1 1622 1 1624 1 
1000 1 1727 106 1815 1 
1224 1 1588 130 1659 88 651 47 
1404 1 1658 46 652 24 
1664 1 
1162 1 1294 7 1569 1 811 545 
1568 1 2030 78 2059 1 
1781 1 2205 1 415 1356 796 619 
1660 1 1665 190 1666 1 
1664 1 
1664 1 1669 1 2058 1 
1202 1 782 1 880 1361 
1669 1 
1666 1 1668 1 
1908 1 2477 1 618 1109 
1442 1 1673 91 
2084 1 235 1 358 522 
1671 1 
1119 1 1601 5957 2471 129 859 903 
187 1 624 137 703 203 
1519 1 2102 1707 579 1 
1611 1 1615 1 
1101 1 428 13 429 104 
1158 1 1680 3 1683 1 
1679 1 
1682 1 
1158 1 1607 1 1681 1 
1679 1 1685 1 519 1 
2322 1 368 11 369 75 
1683 1 1686 502 
1685 1 
1104 1 417 293 
1592 1 406 1 
1146 1 1915 1 2241 288 
1698 1 1839 58 2214 1214 591 162 
1204 1 1283 133 1994 868 
1695 1 2445 1 2506 114 
1420 1 
1695 1 1955 1 2506 250 
1692 1 1694 1 2177 3 
1032 1 136 1 1697 231 600 143 
158 1 1696 196 2219 1 583 1 
1690 1 2193 6 2219 156 
1955 1 
1702 1 2497 357 930 1 
1243 1 1704 1 2506 1 
1700 1 1704 155 
240 1 788 388 852 3007 
1701 1 1702 1 2190 1 
1955 1 2190 50 930 1 
1707 1 
1706 1 1708 1 900 2 
1707 1 903 524 
514 1 
1166 1 1190 1058 1712 94 
1490 1 1492 17 671 119 
1710 1 
1714 1 1717 368 377 1 
1713 1 1715 14 1716 1 1717 4 
1190 1 1714 22 1890 883 
1190 1 1714 3 377 59 
1713 1 1714 9 1718 599 
1717 1 1890 1 290 486 
1146 1 1191 1 929 10 
1791 1 2095 386 680 652 
1446 1 1725 146 2040 73 
2040 1 2462 475 851 342 
1571 1 2040 95 851 1347 
1295 1 1751 44 951 1 
1721 1 1726 19 2089 10 
1725 1 
100 1 1537 654 1657 1 
1099 1 1203 199 1843 9 2052 1 
2462 1 
144 1 148 1815 1792 16 2489 21 925 1 
1732 1 1735 1 598 1 
1731 1 
1734 1 1866 1 2090 1 
1733 1 
1450 1 1731 1 1736 134 
1735 1 
1739 1 2299 28 2356 480 
1192 1 1862 1 560 205 
1737 1 1740 158 712 1 
1739 1 
40 1 565 1335 6 1 
1248 1 2501 2 73 1 88 1 
2360 1 565 12 947 1 
1268 1 1745 1 190 302 
1744 1 
1864 1 2127 1 2351 3 
1840 1 1892 2 1993 1 920 260 
1852 1 2402 1813 2406 1 346 198 
1437 1 2515 1025 442 3 
344 1 345 113 350 555 
1724 1 2431 1 902 299 
473 1 475 1 476 1 
1159 1 2477 69 619 1 846 1 
2106 1 2551 1970 60 1 864 1 
1788 1 269 421 275 122 285 73 
1758 1 1790 12 749 29 949 303 
1326 1 460 1 
1756 1 2443 10 577 279 746 150 
1237 1 1303 1 1766 1 887 1 
995 1 
1199 1 1763 862 2246 1 
1123 1 1508 54 2464 191 
1199 1 1761 1 235 2408 
2436 1 856 256 
695 1 757 1 831 2192 
1759 1 2093 755 2373 1 
1991 1 42 3281 963 1 
1976 1 741 57 996 1 
141 1 1428 648 2146 4031 
1999 1 431 154 
1288 1 2140 186 2305 28 
1250 1 357 2964 878 1885 
631 1 884 1 898 1326 
1444 1 1776 90 
1076 1 1779 1936 2279 1 
1774 1 
2042 1 2536 180 884 5 898 1 
1210 1 1251 657 191 1 
1775 1 1899 28 
1806 1 1867 1 2128 4639 
1663 1 398 6841 855 998 
2083 1 666 285 751 54 
565 1 706 2 8 1 
1785 1 2512 1 577 374 745 62 
1784 1 1786 210 749 86 750 36 
1785 1 1787 32 2031 1 2534 700 
1786 1 1788 1 1841 1 269 307 
1755 1 1787 1 2082 1 572 762 
1790 1 1938 162 284 109 
1756 1 1789 1 2031 1 269 13 
1136 1 1720 66 680 38 
1730 1 66 23 67 1146 716 1 
1962 1 233 20 2434 1 
296 1 297 1 604 1 
1413 1 1505 2805 1530 1 
1001 1 1578 83 1829 1 
1561 1 2021 1 2166 39 775 1 
1154 1 1156 6 1157 1 
1152 1 
1463 1 1903 1 
1804 1 262 1 494 15 
1193 1 1512 1 2461 76 614 68 
1804 1 
1801 1 1803 79 1811 304 1812 185 988 505 
1374 1 1807 1 
1780 1 2000 1 2072 1 5 1 
1357 1 1805 222 
1809 1 
1808 1 1811 149 71 84 
1878 1 1969 514 274 62 
1109 1 1804 278 1809 140 1812 617 
1220 1 1804 240 1811 907 
1353 1 217 14 2198 1 
2465 1 2559 1 893 930 
1657 1 651 127 856 1 
1817 1 1821 1 2245 2419 
1816 1 334 1 339 117 715 96 
1477 1 1984 1 2345 122 
123 1 212 1 2442 1 
1514 1 1916 3120 898 97 
1816 1 1822 1 2310 219 713 51 
1821 1 2311 37 709 52 719 1 
2104 1 2319 1 
159 1 2386 151 719 7 
102 1 2076 1 960 1 962 562 
1840 1 2420 971 952 5210 
2167 1 714 916 
1469 1 1470 1 909 1 
1075 1 1364 204 1796 45 1908 495 
143 1 1831 87 797 1 
1830 1 52 81 793 7 
793 1 
1069 1 1088 1 337 1628 
1398 1 2354 601 2355 1 505 735 
549 1 556 11 982 1 983 6 
1837 1 36 1 44 906 
1836 1 
1839 1 2214 84 2562 369 601 2 
1584 1 1690 17 1838 2 589 180 
1229 1 1747 1 1826 405 
1787 1 2082 1 2534 1 270 1 
229 1 
1728 1 1845 102 478 271 
1130 1 1331 1 233 1 
1097 1 1843 2 352 11 
1471 1 272 55 
1085 1 2000 1 911 1 
2513 1 
1065 1 1092 4 1850 1 
1376 1 1849 1 229 5 
1415 1 1632 1 2298 1 
1748 1 
1130 1 2403 1 605 1 
2008 1 539 1739 609 1971 
1135 1 1137 476 611 1 
1973 1 2332 391 90 1 91 1 
1861 1 2269 3301 662 4 
1555 1 1859 24 1861 20 
1378 1 1858 39 1860 7 630 4 
1859 1 1861 21 662 8 
1857 1 1858 26 1860 18 
1251 1 1738 163 2091 1 2184 935 
1005 1 1006 95 1881 1 2308 1 
1746 1 1875 337 2352 956 
1880 1 1926 943 539 5 981 1 
1733 1 2163 1 2505 1 
1076 1 1780 2443 2118 1 2470 379 
1182 1 1633 57 757 611 
1628 1 1892 93 2265 233 913 1 
497 1 84 1 913 3725 
2359 1 701 1 770 1 
440 1 
1073 1 1330 17 440 163 449 1 
1091 1 1600 408 1893 1 
1864 1 
1219 1 1652 1 833 35 
2025 1 2026 175 2149 1074 871 50 
1810 1 1883 149 2465 1 695 384 
1195 1 1648 1 779 141 781 166 
1294 1 1865 1 358 1 72 1 
1863 1 1938 5 285 53 
1221 1 2337 20 51 1 
1878 1 2036 473 276 1 
2282 1 2293 270 390 31 
1125 1 249 581 2564 178 
1296 1 2410 1 2422 124 2499 689 
1889 1 1957 1 780 1658 
737 1 
1078 1 1887 1607 2352 1713 
1485 1 1486 1 1715 1 1718 1662 
1219 1 1654 225 2380 1 
1228 1 1747 2867 1869 141 84 5395 
1287 1 1596 1 1874 6229 63 26 
1922 1 2196 14 
2366 1 741 1 84 1 996 39 
1897 1 1976 207 996 1 
1896 1 490 2 
2359 1 2528 1 780 41 
1779 1 1900 12 
1899 1 2118 401 2212 15 
1950 1 2019 117 
1904 1 
1157 1 1800 118 457 1 
1106 1 1902 160 2355 216 
1906 1 
1905 1 53 40 712 1 
1087 1 1412 1 2172 99 
1001 1 1581 32 1670 580 1829 3 
1318 1 1503 14 1913 863 2175 1 
1638 1 2179 1 636 22 637 1 
1411 1 1505 261 1530 50 
1914 1 2399 1371 2401 50 
1556 1 1909 1 1931 646 
1640 1 1912 212 758 430 
1689 1 657 205 680 3601 772 101 
1285 1 1820 1 1917 400 
1916 1 
1281 1 
2365 1 2522 919 
1081 1 2127 58 984 1 
1145 1 1475 1 431 1 814 8 
1894 1 1923 102 1925 1 
1922 1 1924 359 819 149 
1923 1 
1276 1 1277 25 1922 279 
1865 1 2039 219 358 1 
1536 1 1929 1 2345 1 
1030 1 1194 1 692 1 861 1 
1460 1 1927 1043 958 1 
1120 1 1503 1 2010 213 
1913 1 2115 154 2170 452 
1042 1 1190 47 2475 1 430 125 
1036 1 1937 90 731 1 
2377 1 2379 157 970 748 
1090 1 1219 1 2377 130 
1937 1 731 150 970 1686 
1933 1 1936 81 2379 53 
1789 1 1881 255 1946 58 1948 126 1958 20 
2087 1 
1394 1 
1943 1 1944 40 671 1 
1178 1 1966 119 922 218 932 6 
1941 1 
1941 1 
918 1 920 9222 
1938 1 
1956 1 
1006 1 1938 207 1972 16 
1972 1 
1901 1 2016 3 2018 168 
2016 1 2018 6 2027 79 
1971 1 1972 1 2353 50 948 322 
140 1 1599 609 2557 1 
922 1 928 60 974 1155 
1694 1 1699 503 1705 1 
1947 1 1975 65 285 7 
1887 1 563 49 780 1 
1938 1 
1971 1 
1078 1 288 1 563 1 
1071 1 2223 1 2269 29 619 8 
1 1 1793 1 2071 1 
2026 1 2145 560 2266 919 2267 1 
1965 1 
1451 1 1964 1 2443 185 
1942 1 2186 29 25 783 
1971 1 
1024 1 1100 1516 1534 1 1589 17 
1645 1 1810 770 893 287 
1269 1 153 1 458 1 
1952 1 1959 22 1967 234 
1948 1 1949 173 1952 1 
1628 1 1856 1 2265 557 
748 1 914 4979 974 1 
1956 1 
1768 1 1896 1747 490 1 935 2129 
1978 1 2289 66 310 1236 378 101 
1977 1 
1302 1 1990 1 610 805 
2150 1 2394 255 423 1 426 36 
1284 1 1986 14 1992 1 2422 1 
156 1 1983 407 2348 524 964 572 
1069 1 1982 87 2097 211 
1818 1 2347 1 635 1 
1051 1 2097 199 2147 625 
1283 1 1981 1 1990 130 753 17 
1988 1 2041 1 2161 78 995 375 
1987 1 2162 1 7 32 
2479 1 2495 1 2498 1 832 443 
1979 1 1986 1 1992 4 2324 1 
1767 1 2099 1242 2428 1 
1184 1 1981 345 1990 1 612 11 
1747 1 896 1 907 2320 
1591 1 1691 1040 643 1 798 1 
1317 1 2187 1 330 215 
2306 1 2386 302 2400 1 714 1 
23 1 2456 1 451 4 
2013 1 2199 1 824 1 
1770 1 2114 1406 
1806 1 1847 38 2098 1 
1149 1 1497 2311 2002 44 
1148 1 2001 5 2007 13 
2005 1 
1187 1 1564 49 1627 1 2113 1 
1003 1 1507 2157 2003 997 
1187 1 2115 1 2407 3153 
1004 1 1506 755 2002 71 
1854 1 2165 1 400 100 538 8 
1556 1 2010 272 2011 23 
1930 1 2009 328 2112 10 
2009 1 
2350 1 818 535 
1998 1 605 1 681 49 720 10 
1502 1 818 1375 
681 1 
1950 1 1951 49 2029 290 
1354 1 1355 1 2027 39 
1950 1 1951 4 
1901 1 
1046 1 2021 1 2386 1 
1180 1 1797 523 2020 1 2167 1 
15 1 1561 1 2023 1 2158 430 
2022 1 2024 514 80 136 
114 1 2023 1 2375 1 776 1 
1877 1 2151 88 2225 1 874 1 
1877 1 1963 56 2482 1 
1951 1 2017 83 2028 1 
1354 1 2027 1 2029 18 
1471 1 2016 357 2028 48 
1232 1 1493 2084 1662 1 
1786 1 1790 2 749 91 
2033 1 
2032 1 2035 65 924 14 
17 1 2447 8 994 45 
2033 1 2037 5 
1883 1 2488 1 693 1 971 998 
2035 1 2038 1855 
2037 1 924 213 926 221 
1926 1 2298 723 2398 3 
1721 1 1722 174 1723 94 
1987 1 7 25 754 1 994 110 
1083 1 1644 489 1777 527 
2044 1 403 395 928 374 
2043 1 2049 99 
2046 1 2560 1 765 768 863 7 
2045 1 2048 1 585 13 890 1 
1317 1 330 304 695 54 
2046 1 381 1 863 1 890 82 
2044 1 2050 290 
1560 1 2049 9 
1014 1 1023 632 1560 315 
1728 1 2133 189 273 1 
2062 1 475 1 726 1 
379 1 546 1 868 1554 
109 1 475 2 479 1 482 116 
2552 1 347 30 348 12 
2545 1 2552 2 428 31 
1590 1 1603 793 1666 1 
1232 1 1315 18 1619 1 1662 1 
1098 1 2408 16 352 1 
138 1 2064 1 448 153 
109 1 2053 279 723 266 
2408 1 346 63 418 1 
1176 1 1177 510 2061 1 
1585 1 1633 4 757 1068 831 60 
2111 1 2317 1 2428 23 
1599 1 1602 2458 1604 66 561 1 
140 1 172 7 903 302 
465 1 991 234 992 1 
121 1 2117 1 2491 5 
1962 1 2138 342 2200 1 
123 1 1806 1 2073 2731 2126 10 
1116 1 2072 1 2403 30 
698 1 819 1 
1550 1 2077 3137 984 1 
1825 1 2079 1 2543 3966 
1295 1 2075 1 98 215 
124 1 2079 94 2104 1 87 450 
159 1 2076 134 2078 1 962 1 
171 1 2081 1 2489 368 
2080 1 2111 2332 
1788 1 1841 97 272 1 574 1 
1782 1 2419 1225 666 1 
1672 1 
2276 1 2512 1 489 1 663 6 
1538 1 625 773 630 285 661 1 
1379 1 1939 138 626 1538 658 5 
2233 1 626 35 931 1 
1575 1 1725 22 2356 1 
11 1 1733 1 33 5 
1862 1 670 315 703 611 
52 1 
1766 1 2538 68 879 1285 935 1 
1090 1 1091 9 140 1 2557 1 
1720 1 2123 520 2240 1 2242 1 
2098 1 2118 284 2119 1 
1983 1 1985 268 2147 1 
2000 1 2096 1 2163 1 
1244 1 1991 1 42 6369 
1067 1 139 1 2101 873 261 41 
1468 1 1637 1 2100 15 44 88 
1676 1 295 622 298 1 
1110 1 1111 322 2409 1 
1529 1 159 1 1823 1 2078 58 
2435 1 260 42 332 1 
1754 1 2205 63 580 2419 796 1 
1124 1 2200 1 850 951 
137 1 139 1 2249 3434 336 1 
1124 1 1443 1 2532 1 911 1 
1061 1 1301 462 87 1 962 1 
2066 1 2081 1 503 1 
2010 1 2113 28 2364 183 
1564 1 2004 599 2112 1 
1999 1 2529 1 431 891 
1564 1 1931 1 2006 282 638 640 
2171 1 636 1 638 363 
2070 1 2200 104 502 1 
1867 1 1900 657 2096 1 2286 605 
1114 1 1286 1 2096 479 2120 1 
2119 1 2121 1 2505 4401 309 1 
1450 1 1454 1 2120 139 436 111 
1454 1 2123 1 2242 116 851 2227 
1571 1 2095 1264 2122 184 2426 1 
1129 1 1191 1 2426 379 972 1 
2501 1 520 1 73 391 
2072 1 2128 2 2372 2538 
1536 1 1746 1510 1920 1 
1780 1 2126 1 399 420 
1222 1 414 1394 426 26 964 25 
214 1 2162 7 2312 3223 
357 1 870 1056 875 57 
1244 1 42 79 526 17 
108 1 2052 241 2134 1 
2133 1 2135 838 2189 115 
2134 1 
126 1 355 1 594 972 
1182 1 2187 1 830 1 
1121 1 2071 1 214 1083 
1160 1 2541 330 
104 1 1771 697 2305 1 
1300 1 
2149 1 2151 45 2260 211 
1205 1 1271 24 2482 68 
1429 1 2229 1 
1576 1 1963 1 2482 3 
1769 1 
1985 1 2097 3782 794 288 
327 1 35 206 427 13 546 231 
1271 1 1877 98 2142 214 2482 1 
1980 1 316 4 369 200 610 3047 
2025 1 2142 1 2350 21 551 3 
1426 1 1524 1 2162 1 
1184 1 2390 436 2393 2242 
1264 1 1265 1463 1396 329 
1249 1 2268 131 
1300 1 1533 11 2169 2482 
1266 1 
2022 1 2159 1 2364 56 2375 1 
1333 1 1561 220 2158 1 2166 449 
1566 1 2421 1 759 126 
1987 1 212 3 2410 1 
1988 1 2130 1 2152 461 
1366 1 1866 57 2098 786 
1223 1 
1631 1 2008 32 634 1 
1211 1 1797 1 2159 1 2167 32 
1827 1 2021 3 2166 1 22 1 
1572 1 2458 1 410 663 933 12 
2156 1 
1318 1 1931 566 2171 1 
1412 1 2116 1 2170 725 
1552 1 1907 158 2255 23 62 1 
1241 1 1482 530 29 1 644 1838 
2253 1 589 340 595 20 
1498 1 1909 18 2239 1 977 1 
1207 1 244 3399 252 1 337 1 
1695 1 
1063 1 2185 12 624 1478 
1411 1 1505 1 1526 194 1910 1 
252 1 337 1 70 809 
1255 1 402 1 
1123 1 2519 1 734 1 
1246 1 946 1 
1192 1 1220 61 1522 26 1862 876 
2178 1 420 11 717 1529 
1966 1 231 690 25 1 
1995 1 2137 1 2455 1 
126 1 167 46 264 117 
108 1 2134 133 486 1 
1704 1 1705 427 
1196 1 482 24 
2195 1 24 2488 511 1 
1420 1 1698 6 2253 1 578 358 
117 1 1414 1 758 1888 
2192 1 2199 1 2202 1 2450 1 
1894 1 819 3 
433 1 464 170 
1813 1 217 28 2540 1 
1998 1 2195 1 2201 1 2226 1 
2071 1 2107 1 2117 1 
2199 1 2202 1 647 986 
2195 1 2201 28 721 1 
1183 1 1308 864 2206 1 27 24 367 1 
1464 1 1465 1037 2206 18 
1663 1 2106 8 2250 1 555 1 
1066 1 2203 1 2204 18 2523 1 
1043 1 2348 38 945 1 964 701 
1499 1 363 1 407 38 96 1 
297 1 303 1 319 839 
1048 1 2416 12 
1447 1 2268 1 325 47 
1900 1 2279 7 2293 498 
293 1 94 1 
158 1 1690 1215 1838 90 2219 301 
2217 1 2294 1 24 1 632 1 
2411 1 632 1 721 3772 
104 1 105 46 2215 1 2357 44 
1292 1 1293 1 966 1 967 1 
1697 1 1698 148 2214 499 
105 1 777 1 973 1 
9 1 966 1 973 54 
1292 1 2357 1 3 11 
1642 1 1961 8 2224 8 640 2 
1651 1 2223 108 41 459 
2025 1 871 115 873 526 
2199 1 2484 2 682 1 
1434 1 2230 2 2406 467 2463 213 
1422 1 1448 1 2229 1 2235 1 
1428 1 1448 1 2144 1 2228 1 2429 1 925 202 
2227 1 347 1 452 412 454 88 
1131 1 1443 33 340 1 
1536 1 228 325 956 604 
2088 1 51 1 55 1 
1544 1 
161 1 2228 46 2489 1 925 1 
2237 1 424 423 426 133 
2236 1 413 21 424 1293 
1054 1 491 32 54 1 752 174 
1318 1 2175 8 2243 1 786 1 
1136 1 2095 1 2426 1 
1136 1 1191 228 1689 268 
2095 1 2122 1658 435 1 
1416 1 1530 1 2239 1 978 1 
1416 1 
1816 1 339 138 711 18 
1519 1 1636 1 1761 1723 2399 1 
724 1 
2553 1 520 1 73 1 946 1 
1637 1 1642 241 2108 1 302 25 
1103 1 2205 59 257 1 60 1 
128 1 133 1 135 32 
128 1 132 168 134 3 
2174 1 2193 363 591 13 
770 1 812 1 993 762 
2172 1 2256 1653 549 60 983 7 
2255 1 550 1891 786 316 
2350 1 556 1 983 750 
1174 1 581 462 582 1276 
873 1 
2142 1 
2262 1 2263 98 2264 49 
2261 1 2264 1 667 129 
2261 1 2264 1 668 49 
2261 1 2262 1 2263 43 
1869 1 1973 724 90 128 936 240 
1963 1 
1963 1 
2155 1 2211 1 2502 1 
1377 1 1555 1 1857 103 1961 25 
2411 1 2484 1 647 3 
2272 1 664 2395 665 2883 
2271 1 2273 44 
2272 1 2274 1 
2273 1 664 2089 666 131 
2276 1 2288 148 2290 1 
2085 1 2275 119 668 88 
2290 1 2291 40 
2284 1 2294 209 2305 1 
1775 1 2212 1 2282 455 
2291 1 2336 30 663 42 
2288 1 2291 25 
1049 1 1884 14 2279 104 2284 102 
147 1 642 190 752 29 
2278 1 2282 468 380 1413 390 33 
649 1 
1114 1 2118 2433 2470 1 
2294 1 373 4 378 398 
2275 1 2281 24 
1977 1 312 1 375 968 399 2532 
2275 1 2277 12 
2277 1 2280 1 2281 1 
2326 1 2327 87 2342 343 
1286 1 1884 297 2212 29 389 106 
2215 1 2278 137 2287 239 
451 1 49 336 
1165 1 184 619 2301 1 
1019 1 1020 3225 1646 1 2302 6525 
1851 1 2039 1 401 486 981 1 
10 1 1575 65 1737 31 
525 1 
2296 1 66 8 717 1 
1018 1 1644 1 2297 1322 
2304 1 69 1 702 225 
2303 1 2306 141 2307 1322 
1771 1 2140 1 2278 244 
1996 1 2304 1702 2307 98 
2304 1 2306 107 69 1 
1863 1 
1217 1 1218 1 99 1 
1821 1 2311 193 334 1 969 780 
1822 1 2310 1 2400 44 2453 1 
2130 1 2331 450 2412 5 
2315 1 2331 22 850 632 
994 1 
2313 1 
1369 1 2349 718 683 9319 
1051 1 162 5162 2066 1 
1045 1 569 110 656 1 69 330 
1521 1 1823 49 2321 1 
2337 1 313 1 857 442 
2319 1 
1684 1 2331 1986 2412 1 
896 1 
1630 1 1990 15 81 6 
916 1 
2292 1 2341 57 663 51 
2292 1 2329 7 2330 102 
1477 1 2332 1 91 160 92 163 
2327 1 2333 331 2342 1 
2327 1 2333 6 2334 49 
2312 1 2313 2587 2322 21 
1856 1 2328 120 743 15 953 1 
2329 1 2330 75 2335 150 
2330 1 2335 299 2339 1 
2333 1 2334 78 2339 56 
2280 1 2339 1 667 10 
1882 1 2320 1 2456 1260 
1463 1 151 42 2343 1 
2334 1 2335 1 2336 381 
334 1 702 1 969 1629 
2326 1 2342 395 421 34 
2292 1 2329 37 2341 1 
160 1 2338 1 2508 101 
1198 1 433 15 447 434 
1818 1 1927 1855 2347 1 2531 1 
1331 1 1369 111 2349 1 
1984 1 2345 1 2351 1 2528 1 
1088 1 157 970 1982 1 2207 1 
2316 1 2346 1 681 1 
1552 1 2012 871 2151 183 2257 92 
1746 1 2347 878 2352 1 
1864 1 1889 1824 2351 1 2528 316 
1952 1 
1115 1 1834 777 2356 1 
1834 1 1904 296 2356 498 712 1885 
1737 1 2089 2933 2354 494 2355 73 
1052 1 2217 1 2222 65 
1417 1 1466 5 979 948 
1871 1 1898 1 2566 7606 
1743 1 566 6 712 250 
1341 1 2362 45 2511 448 
1252 1 1268 1795 205 4 2361 2108 
256 1 293 1 419 1222 
1333 1 1627 30 2112 181 2158 1 
1919 1 2367 381 2566 227 288 1 
1079 1 1895 1 
2365 1 2368 18 2413 1 
2367 1 2369 3654 2513 248 
1145 1 2368 1 2413 1007 
1035 1 1263 180 
1274 1 2374 1 
2126 1 372 100 655 1 
1151 1 1303 893 1766 7884 
1268 1 1342 1 195 1 2371 1 
1120 1 2024 16 2158 2722 968 1 
1090 1 2377 1 730 709 
1934 1 1935 194 2376 1 2378 1 
2377 1 
1934 1 1937 106 2380 129 
1036 1 1891 3215 2379 2 
1485 1 2382 1 992 158 
2381 1 
1485 1 2384 268 2387 1 
2383 1 
1189 1 1484 1 465 210 
1824 1 1996 1 2020 86 
1484 1 2383 149 2388 64 
2387 1 
1235 1 131 1 238 51 2395 72 
112 1 2153 71 2392 74 
2392 1 612 105 78 1 
2390 1 2391 574 2393 970 
2153 1 2392 215 78 706 
1461 1 1980 1 2396 703 
2389 1 239 141 807 681 828 28 
1222 1 2394 569 426 66 
1521 1 1528 312 2400 1 714 1 
1527 1 2039 1 235 2826 2399 328 
1415 1 1912 1 2246 293 2398 106 
1996 1 2311 1 2397 176 719 1 
1636 1 1640 1 1912 160 
1748 1 345 345 45 3895 
1853 1 2073 1 372 22 
1250 1 490 186 935 7156 
1118 1 1601 495 2466 1 2471 127 
1748 1 2227 1 282 644 349 562 
2006 1 
2060 1 2063 154 350 303 417 75 
2103 1 
1298 1 1886 10 2161 1 
2216 1 2270 255 511 1 
2312 1 2322 53 696 13 
2367 1 2369 1217 814 734 
1501 1 24 3422 2432 2089 
2441 1 721 1 944 1922 
2210 1 513 1 
1434 1 1435 1 2424 3508 
116 1 1561 1 876 1222 
1436 1 154 1 2083 7 2438 4 
1229 1 1499 1 1826 1801 
1529 1 2160 95 769 48 
1886 1 1981 148 493 425 
2427 1 2430 149 766 918 
2417 1 
1419 1 1435 2060 
2123 1 2124 1 2240 1 961 1824 
2423 1 
1991 1 2066 39 697 873 756 1 
1429 1 1430 1 2229 1 697 1 
2423 1 760 433 769 1 
1151 1 1751 1 422 121 
2414 1 2434 1 605 1 
1000 1 1494 1 2439 1 
1086 1 1793 1 2432 1 
2105 1 2485 1 398 152 855 4003 
1151 1 1303 1 1764 205 653 45 
257 1 495 1 70 1 
153 1 2419 1 665 892 
2433 1 951 895 999 1 
1438 1 953 345 954 1 
2415 1 2442 1 250 1 
1819 1 2441 1 5 1 
1758 1 1965 205 744 46 748 1 
1513 1 1515 1897 2446 1 
1692 1 266 11 520 1 
2444 1 2448 1737 2460 132 
2034 1 2470 534 995 872 
1026 1 2446 283 
178 1 219 1 
1068 1 2195 1 311 1 
422 1 904 3914 921 1500 
1201 1 1447 1 2500 114 597 1 
2311 1 702 613 969 60 
251 1 597 1 
1197 1 1298 5 1426 1 2187 1 
1997 1 2337 1 307 1 
242 1 810 667 813 1449 820 1077 
2168 1 415 1815 
1027 1 1123 14 735 2 
1508 1 2446 671 2461 1070 2464 1446 
1059 1 1510 21 1802 93 2460 1507 
1575 1 1722 626 1729 1888 
1440 1 2227 341 260 1 858 1545 
1058 1 1762 55 2460 1137 
1814 1 1878 55 622 1 
2405 1 249 101 93 133 942 5747 
1445 1 2468 1036 77 1220 
1396 1 2467 87 2469 1 728 719 
106 1 2468 610 305 2051 
121 1 1867 19 2286 335 2447 178 
1674 1 2405 1 2501 331 266 1382 
389 1 390 11 463 20 
492 1 92 684 
384 1 386 1 387 194 396 1 
1132 1 1932 4 889 4555 
2553 1 
1368 1 1670 1 1753 1 997 102 
1586 1 1587 650 2516 4 
1467 1 1989 26 2553 1 
357 1 879 1 884 201 
388 1 460 1 544 16 
2026 1 2143 1 2145 1 2149 1 
307 1 724 1 933 182 
2226 1 2270 1 824 1 
1174 1 2435 1340 260 1362 509 1 
264 1 
1285 1 2488 11 276 1 525 1 
1652 1 2036 1 2487 259 
147 1 1730 590 2080 1 2235 413 
2508 1 314 1 326 4 
2070 1 2493 6 2539 81 
354 1 693 58 991 90 
2491 1 436 1 438 301 
1255 1 1256 1 
1112 1 1258 1 1989 1 
1321 1 444 108 465 1 
1700 1 172 361 897 26 
1467 1 1989 1 382 209 
1524 1 1886 851 612 1 
1002 1 2452 1 88 540 
1742 1 2125 502 2471 1 
1112 1 1258 29 2268 276 
1207 1 1270 630 338 1 
1605 1 1606 1 1620 16 
1450 1 1866 614 2120 1 
1158 1 1692 1 1694 195 1701 163 
1372 1 2541 1 510 1 
151 1 2343 1 2490 1 
149 1 2510 1 931 1 
1269 1 2509 1 343 1 
1148 1 1205 17 2361 1 
1784 1 2085 131 744 489 751 1 
1077 1 1848 212 2368 1 
1586 1 1587 1 2549 275 
1749 1 193 751 194 1 
2478 1 2517 242 771 72 
2516 1 2518 6 381 5 
1188 1 2517 436 2520 550 
1056 1 2182 1 231 1 
1584 1 2518 190 601 64 862 240 
252 1 253 1 419 1 
1919 1 2526 244 814 598 
1183 1 1464 1 2206 1007 
461 1 468 1 476 2 
406 1 
2522 1 2529 925 
1252 1 182 70 
1898 1 2347 1 2352 1 635 334 
2114 1 2526 1379 606 1 
217 1 510 29 778 444 
1477 1 2345 1 743 1 958 913 
1085 1 1131 1 2109 1 
2535 1 
1786 1 1841 1 750 29 
2533 1 2537 3 2540 1 
1644 1 1777 1 2538 5431 
2535 1 
2093 1 2536 1 887 1105 888 3292 
2491 1 2550 1156 690 1561 
2198 1 2535 2 506 1 
2139 1 2507 1 506 1 
211 1 215 1 216 1 
1465 1 2076 1 2544 101 
1427 1 2543 1 333 1097 853 2099 
2057 1 2555 28 2556 1 
2551 1 600 1 864 1 
2555 1 
1654 1 
2514 1 595 27 623 449 
2539 1 2554 1 792 1758 
1754 1 2546 76 583 6 602 63 
2056 1 2057 4 588 627 
2248 1 2476 1 2479 1 
1249 1 1366 10 2550 2716 
2545 1 2547 1 588 54 
2545 1 454 4 
1600 1 1635 1 1953 55 2094 490 
1095 1 1099 1 1113 357 
1195 1 1648 24 1814 16 
145 1 2045 300 585 250 767 2231 
1033 1 1141 2564 1197 13 1482 1 
1838 1 535 282 787 112 
650 1 
1885 1 2565 4 942 1825 
1129 1 2564 278 792 9 
2359 1 2365 1136 498 69 
































































































































































































































































































































































































































































































































































































































































































































































































































































































































































































































































































































































































































































































































































































































































































































































































































































































































































































































