53
47
50
50
53
67
58
50
50
70
70
14
65
91
49
49
54
49
49
49
49
49
91
65
76
91
57
54
54
49
49
49
70
58
88
72
72
60
57
66
72
70
91
72
83
91
91
70
91
29
98
72
67
64
98
98
98
57
89
89
44
32
39
37
56
56
56
57
64
56
49
33
59
33
89
57
61
55
55
40
55
91
68
43
46
44
46
59
32
31
32
31
59
91
98
31
15
15
16
5
16
46
57
50
65
61
82
67
51
82
25
55
55
40
5
49
41
49
49
62
62
47
53
44
61
89
98
98
88
98
29
98
98
98
98
71
71
51
71
37
52
56
72
52
52
52
50
52
73
54
96
65
79
75
49
58
57
87
30
79
50
56
14
14
14
49
90
98
98
98
64
48
64
48
18
18
18
19
19
63
64
19
64
63
51
51
51
51
51
5
51
5
5
5
19
19
19
19
19
19
19
19
19
19
12
12
19
12
85
12
85
62
75
58
80
85
85
85
12
85
85
85
85
85
85
85
75
31
72
51
63
69
53
46
33
47
27
47
47
47
47
27
27
56
26
50
56
60
59
53
60
56
50
52
89
56
88
99
99
82
88
66
88
89
51
59
98
89
78
80
89
78
67
43
78
39
78
80
61
47
88
82
59
78
79
80
15
2
88
70
83
63
50
29
29
88
88
29
61
88
88
89
89
61
61
61
91
91
70
53
53
53
96
88
91
55
91
58
89
77
89
91
91
88
61
89
87
89
98
46
56
99
57
64
63
88
56
57
55
52
61
45
79
83
83
83
83
83
83
83
44
51
45
37
81
37
44
33
37
14
66
16
25
76
76
76
55
57
57
57
30
53
65
48
65
65
68
65
87
65
87
61
76
79
62
79
79
79
62
65
80
80
80
79
80
79
77
99
65
16
16
60
77
77
76
77
32
70
59
90
90
70
58
58
81
82
83
83
58
63
95
13
57
57
82
58
88
82
83
48
2
13
4
61
69
70
4
74
19
71
20
2
46
46
2
2
2
51
71
82
91
83
94
83
61
79
81
79
79
79
67
2
62
4
47
2
57
82
67
67
67
25
82
16
82
82
51
51
82
82
82
51
82
51
51
67
55
51
80
43
64
31
55
66
56
58
32
2
80
85
80
58
56
80
60
94
75
54
83
80
65
85
61
51
85
85
17
85
59
59
80
58
85
85
37
58
54
90
90
85
80
98
88
85
87
85
85
33
33
85
85
80
79
79
85
52
85
85
32
32
40
96
90
96
89
40
96
88
40
51
37
87
17
88
67
67
88
3
64
53
51
78
44
78
78
80
77
90
29
89
81
81
90
83
87
96
82
83
89
90
89
82
96
81
87
4
60
69
60
89
87
89
89
88
63
2
53
33
33
54
74
55
54
52
72
37
72
54
54
63
72
45
83
63
73
74
73
73
73
73
44
65
15
15
3
40
40
40
41
74
74
63
54
54
94
64
76
98
63
63
25
25
43
26
53
64
70
74
74
26
74
71
80
75
75
75
75
75
77
51
99
98
98
41
41
44
44
44
40
70
53
52
53
52
52
46
17
47
47
74
47
47
45
46
46
58
50
39
17
37
2
64
51
85
51
67
61
25
30
64
64
66
64
30
64
56
56
56
30
53
76
62
51
91
76
51
57
61
51
34
37
51
51
63
63
76
2
83
68
29
26
31
31
77
80
77
77
77
80
80
77
64
54
69
50
56
46
26
44
44
41
88
88
30
87
44
87
44
44
5
89
70
68
65
49
12
65
95
47
2
46
49
47
43
45
32
87
47
47
49
49
74
72
70
56
90
72
69
46
46
46
47
47
27
27
27
27
30
30
29
33
5
28
0
28
28
5
17
39
28
27
27
28
52
28
27
47
27
29
46
45
61
39
39
39
39
39
37
39
39
39
39
39
54
14
54
14
14
76
57
69
54
57
59
90
43
96
83
59
59
45
87
87
89
44
44
44
50
5
44
12
44
12
12
44
49
48
44
44
49
44
48
48
44
45
47
45
43
48
87
43
48
47
48
48
13
48
34
48
48
29
13
48
13
48
13
13
13
88
40
62
43
32
77
15
15
32
13
13
13
13
77
17
76
50
77
96
77
48
48
77
77
90
2
43
32
41
41
41
41
41
59
41
76
58
59
67
78
77
77
17
17
31
31
32
31
31
32
31
55
68
46
70
58
76
50
50
40
64
45
38
68
65
77
40
32
32
16
16
16
16
40
32
15
68
66
15
66
49
49
46
45
5
69
69
43
63
68
17
25
72
59
17
12
80
80
78
14
72
78
78
78
78
76
43
76
76
45
45
45
47
26
76
45
26
52
52
14
63
46
45
88
14
88
60
37
65
65
14
14
76
48
55
76
51
30
51
59
65
66
50
50
56
64
16
63
72
72
72
52
46
45
63
45
71
55
72
52
56
71
71
73
71
71
71
65
2
17
26
43
17
39
43
76
58
58
32
56
26
37
37
72
72
67
67
49
67
82
67
45
82
82
91
83
65
66
63
40
66
66
66
61
67
62
60
62
51
59
59
40
58
48
63
57
74
53
60
98
68
53
52
48
60
69
74
68
74
55
68
74
68
70
58
98
2
48
30
12
12
48
15
81
16
81
81
81
81
60
63
80
79
30
64
66
63
68
69
16
68
65
94
29
68
90
91
67
67
69
52
49
66
46
57
54
40
49
40
87
46
68
68
66
65
46
47
82
70
2
33
52
61
66
67
54
12
66
56
17
5
66
40
15
16
16
15
16
15
16
37
66
98
58
54
26
26
26
43
17
17
47
26
29
47
43
46
27
43
68
68
68
70
68
48
70
18
59
16
61
61
43
66
19
51
95
60
60
60
61
59
60
68
60
60
60
60
60
60
12
79
57
17
14
14
5
58
39
39
39
39
55
37
54
54
54
39
67
37
64
64
55
29
50
50
29
15
54
56
54
51
73
46
54
43
29
57
29
29
57
57
61
61
29
27
27
27
16
46
40
54
72
68
55
70
70
72
95
94
72
71
71
62
94
49
94
75
73
73
73
73
73
20
19
73
73
73
73
73
65
65
95
80
95
85
95
95
29
95
45
66
63
72
28
46
71
47
62
87
54
53
95
95
80
80
95
95
72
74
74
74
74
74
74
74
73
74
19
61
74
99
74
99
99
99
99
60
61
99
60
89
25
28
28
88
28
87
87
72
88
87
88
16
32
41
26
26
16
16
68
83
83
87
50
55
55
47
47
64
50
50
56
54
50
83
83
82
75
20
32
31
83
82
50
62
61
60
69
61
56
77
69
77
68
63
69
98
98
32
31
31
31
58
77
77
55
57
16
61
72
88
98
78
30
98
41
2
33
31
94
16
98
49
68
98
70
45
48
76
44
99
99
99
99
33
25
44
17
12
42
17
15
63
17
42
58
41
12
12
52
52
53
53
53
53
39
53
55
72
72
29
88
30
66
55
55
45
40
33
41
44
41
73
47
73
26
50
31
5
73
73
29
73
73
26
73
73
73
73
73
73
17
54
17
73
73
71
42
28
16
17
76
49
69
63
40
15
44
25
29
30
40
69
98
98
47
70
20
49
52
52
5
65
63
89
87
46
89
87
26
26
38
55
81
37
37
37
38
37
38
38
38
59
38
38
38
38
38
38
38
38
38
38
38
38
38
38
38
38
38
29
38
38
38
38
38
28
28
40
31
69
55
15
16
46
49
37
26
71
40
69
26
27
71
43
43
45
45
45
47
28
47
71
37
17
37
39
38
5
26
26
37
33
29
81
37
37
37
49
37
37
71
50
33
50
59
51
29
38
83
60
60
38
38
59
57
59
59
83
77
68
87
70
31
83
48
31
89
89
90
48
48
48
48
46
48
48
48
48
48
51
68
99
68
68
68
68
68
68
45
48
70
69
69
69
13
70
60
5
67
69
50
69
69
67
67
69
69
70
51
66
66
67
59
67
5
5
3
43
83
5
83
13
82
63
89
78
77
79
77
43
69
33
52
33
43
46
43
70
17
52
2
64
44
34
61
62
61
43
66
62
65
99
75
67
77
80
78
78
78
79
78
70
56
53
88
41
52
40
81
81
81
66
52
66
66
95
53
95
66
66
47
66
66
85
47
25
64
64
31
62
34
55
30
30
30
46
17
30
88
71
72
72
72
56
60
32
72
72
87
89
17
80
72
67
53
67
78
62
2
72
72
26
83
53
33
74
31
71
71
71
71
71
66
80
3
16
62
65
46
31
32
5
71
71
38
3
37
12
47
46
33
79
98
34
62
59
55
2
2
3
45
37
43
38
39
26
43
43
2
62
62
95
66
81
66
67
67
32
71
42
41
41
26
40
26
70
39
39
37
2
3
2
39
39
39
39
16
32
46
32
42
40
68
37
34
34
34
37
79
74
99
99
77
99
99
13
79
79
79
78
95
95
78
38
77
48
79
2
79
78
17
71
58
12
77
77
69
78
45
47
79
78
79
31
77
79
43
53
53
54
58
55
58
56
3
70
54
69
58
61
54
70
54
13
70
46
30
91
52
2
62
12
12
12
40
12
40
12
16
49
49
49
17
53
17
53
95
95
95
95
30
49
49
40
40
17
17
95
95
95
29
79
76
76
62
77
34
77
76
16
69
69
43
77
76
87
89
46
87
76
76
76
67
51
50
82
83
83
38
29
82
51
51
83
67
46
52
38
48
45
74
58
53
53
39
15
57
15
46
57
50
56
78
75
33
80
73
74
74
70
67
51
72
44
37
69
62
56
62
70
72
72
29
66
30
82
89
57
71
57
46
56
40
40
2
40
40
58
62
62
69
70
69
69
68
59
53
3
65
58
58
44
70
67
67
67
90
46
58
80
64
73
17
12
50
20
52
70
88
17
54
17
55
54
60
61
73
60
49
49
44
62
55
62
54
16
40
49
90
73
40
40
32
70
87
42
56
31
63
41
56
60
63
59
66
63
63
54
89
67
48
82
65
90
26
52
39
4
94
52
58
51
51
57
55
81
55
58
31
88
61
61
62
50
87
65
76
50
50
90
65
65
50
71
71
12
52
82
56
50
83
62
31
74
73
50
57
57
64
16
69
68
69
16
16
64
26
91
59
71
89
98
98
89
5
32
32
32
81
12
17
75
75
75
75
31
12
17
61
71
76
75
75
75
75
79
80
79
65
62
80
79
65
63
65
63
62
65
79
65
79
79
80
62
65
91
63
45
16
70
37
56
45
64
64
65
64
64
80
16
64
30
58
57
69
58
53
56
64
30
96
30
58
13
54
15
80
75
31
75
75
57
31
75
75
75
75
91
77
75
64
80
75
77
2
32
53
3
56
53
17
3
3
78
60
66
70
50
16
2
66
12
12
50
40
2
26
2
0
0
60
5
53
43
19
49
34
34
34
37
37
45
45
68
68
46
30
68
68
27
55
54
54
55
57
27
57
30
33
26
30
26
83
53
43
59
82
40
83
66
55
76
58
0
65
76
61
82
49
75
17
44
55
44
82
82
68
44
52
50
44
13
65
25
58
90
43
56
75
17
31
62
62
77
53
59
71
69
71
19
52
13
59
64
60
54
91
28
81
63
71
71
69
83
71
47
59
60
61
61
62
59
62
31
79
48
59
63
87
61
44
79
20
91
52
82
89
39
39
50
88
74
46
74
60
61
47
48
61
55
59
59
61
57
38
69
48
80
77
73
79
12
77
2
89
5
87
87
87
63
87
58
0
55
82
77
2
19
3
2
95
32
52
94
80
94
43
94
43
74
94
80
85
57
57
83
89
82
37
89
74
89
83
59
74
83
82
37
67
47
87
68
87
63
59
59
2
21
21
4
3
30
4
22
3
3
4
4
1
1
19
19
19
81
81
95
95
14
14
15
15
14
14
19
14
1
74
39
1
1
1
20
67
75
2
2
8
8
22
22
22
22
22
22
20
24
21
20
18
18
42
42
15
15
21
21
8
9
9
21
21
9
10
18
9
10
10
92
92
75
5
81
39
81
84
84
81
42
42
0
0
5
5
30
30
84
84
84
84
94
94
94
94
94
94
28
28
41
41
88
28
28
27
57
35
27
0
1
92
94
94
95
95
10
10
95
95
10
10
95
95
1
1
10
10
8
8
67
36
36
73
8
8
34
34
7
7
8
8
22
22
84
84
8
8
94
94
85
85
86
86
84
81
81
84
78
78
11
81
11
94
18
27
11
27
24
24
11
11
88
88
28
28
30
30
10
10
93
59
20
93
47
76
93
93
93
91
91
91
91
93
90
93
94
78
96
8
8
28
5
7
7
7
7
15
3
3
1
1
33
33
88
88
28
28
11
11
91
91
91
88
75
91
97
69
22
97
27
21
21
54
97
97
91
91
91
96
1
1
1
1
93
5
5
21
21
23
23
4
33
33
34
34
41
19
41
41
36
36
42
42
21
21
23
23
18
18
23
23
23
41
30
30
27
27
18
18
26
24
36
94
24
28
28
36
99
96
36
94
94
94
94
36
36
41
41
53
34
53
18
34
28
28
25
25
64
36
64
36
36
28
28
36
89
33
33
25
25
33
33
35
3
92
28
0
34
34
24
24
55
41
18
18
5
96
96
91
91
30
14
14
78
78
24
24
1
39
43
1
81
81
81
92
92
84
84
85
85
96
96
92
92
86
86
84
84
78
78
84
84
84
84
59
72
80
11
26
34
26
18
22
15
15
36
36
21
21
35
54
30
35
29
29
27
27
91
91
80
86
45
75
75
36
36
95
35
35
60
94
75
11
76
75
96
51
84
28
11
91
91
11
11
0
0
24
70
23
24
96
23
23
0
0
96
96
39
39
34
90
90
9
9
41
9
9
9
9
24
24
10
36
36
44
34
34
7
7
90
90
97
97
90
24
80
90
0
1
36
36
21
1
1
92
92
24
92
92
35
35
1
1
18
18
7
7
4
4
10
9
92
5
4
11
10
2
18
10
24
24
23
23
9
9
9
3
3
89
97
97
94
94
97
15
77
97
97
4
7
7
97
97
97
97
97
97
92
92
92
93
93
50
93
93
93
11
84
14
44
84
76
74
90
70
90
90
90
90
35
11
11
7
7
9
9
23
23
12
23
23
58
27
27
23
23
19
35
24
8
35
24
21
9
24
21
24
5
5
28
28
29
15
28
29
41
10
28
28
43
14
14
18
18
42
42
27
28
81
49
18
23
15
90
90
18
18
18
24
24
24
18
24
20
20
24
42
37
24
23
23
8
40
41
10
92
92
52
20
43
24
25
25
4
4
3
3
94
94
97
97
0
0
0
0
97
7
0
17
14
13
13
58
15
26
22
15
26
13
17
27
13
74
0
0
10
10
97
97
2
2
4
4
97
93
36
36
11
9
9
93
93
82
8
8
10
10
20
20
20
23
23
93
93
12
12
15
15
97
97
13
13
40
97
24
25
20
24
24
24
36
34
3
24
24
95
24
24
21
21
96
96
41
41
21
21
15
15
4
4
4
4
19
96
96
4
4
27
4
4
8
8
42
42
78
97
97
69
87
92
92
92
92
96
42
42
41
41
99
41
41
99
99
42
42
42
42
20
20
19
19
34
34
36
36
4
4
18
20
20
33
33
33
33
38
38
65
20
64
33
33
31
31
15
15
14
14
38
95
34
47
36
36
25
25
41
13
71
14
13
93
1
1
32
2
8
39
15
8
8
8
1
7
7
76
76
84
94
26
10
10
9
9
9
83
10
7
75
14
72
74
84
7
10
10
8
8
0
0
86
61
0
86
35
36
36
20
20
7
7
50
39
56
25
25
28
28
39
39
3
3
0
6
6
6
6
82
3
3
13
14
14
21
21
97
45
22
4
4
0
4
1
30
30
27
27
45
45
25
25
23
91
38
11
25
25
87
31
76
33
33
45
79
7
45
33
33
37
33
71
1
33
32
74
32
39
36
36
1
45
53
1
36
63
97
97
3
25
2
25
25
17
27
27
27
42
20
3
3
11
74
30
62
30
93
29
29
3
3
81
31
31
31
69
9
4
86
1
1
8
8
9
9
22
22
1
1
42
10
8
6
6
11
11
11
62
63
10
73
10
53
42
42
86
86
1
11
9
9
47
1
21
71
1
7
29
29
21
21
34
34
6
6
34
34
29
29
26
26
6
6
21
21
3
3
0
34
57
0
3
3
35
7
98
37
7
72
3
3
0
0
60
60
8
86
35
15
86
93
93
1
11
92
3
3
1
4
4
7
7
9
9
41
92
92
90
90
18
18
85
85
84
9
84
84
84
84
85
84
10
85
8
25
25
29
29
31
90
4
38
7
7
46
14
5
8
92
63
93
8
0
0
10
10
6
6
6
6
6
6
35
32
82
0
32
35
13
6
6
6
6
6
6
86
86
84
84
84
84
10
10
86
86
18
18
24
24
6
6
79
79
86
86
6
6
13
86
86
11
86
91
11
6
56
96
6
18
92
92
93
93
18
43
96
0
68
96
24
85
85
99
99
47
9
9
9
9
92
92
87
87
20
20
24
24
23
0
34
20
0
4
7
7
13
98
23
13
95
48
5
14
11
10
14
73
40
92
42
42
45
45
92
64
7
15
7
86
14
14
9
5
86
14
5
86
86
15
82
85
85
14
14
76
93
35
35
96
11
93
93
13
13
13
13
87
87
13
13
86
86
10
86
86
13
13
12
12
14
35
35
15
15
17
17
12
12
20
22
22
32
32
95
8
8
13
13
14
8
8
95
28
1
70
55
12
12
6
6
8
8
22
22
5
5
7
7
23
23
86
86
11
11
42
42
92
92
98
98
9
9
0
88
62
0
6
6
8
8
99
99
9
9
21
21
96
96
23
23
96
96
84
84
99
99
93
93
94
94
84
84
86
86
66
81
23
64
71
78
38
95
78
10
10
13
7
31
12
7
7
7
0
52
36
36
5
5
43
16
16
20
32
64
20
20
18
18
34
34
20
27
27
25
25
2
20
35
35
19
94
94
36
36
16
18
23
23
76
76
95
95
9
9
9
9
9
27
27
5
87
10
10
19
19
20
34
86
20
32
32
21
21
34
34
28
28
27
27
22
22
81
90
20
20
56
63
18
23
72
29
23
74
22
22
98
98
93
93
94
94
93
93
21
21
8
21
21
8
35
35
25
25
57
89
89
93
93
22
22
35
35
5
21
21
11
11
1
1
65
88
58
96
96
54
94
94
96
20
8
20
93
48
16
16
18
18
20
20
4
44
82
4
23
21
96
7
7
19
67
42
6
34
8
0
19
19
6
6
99
99
99
99
35
35
35
35
86
86
86
6
76
11
6
52
40
84
7
36
36
12
12
22
57
21
22
6
6
6
6
84
84
84
84
78
78
6
99
4
23
99
74
30
22
22
11
11
35
35
22
22
98
98
81
81
11
11
97
36
0
86
86
99
99
7
84
84
18
18
87
35
35
24
95
93
93
96
96
56
97
88
99
99
75
79
86
55
42
60
32
32
42
67
42
82
42
21
42
42
19
19
4
7
92
1
22
92
90
90
81
55
22
22
33
33
45
97
97
23
97
97
22
22
35
35
22
22
81
81
23
23
22
22
34
34
19
19
39
18
24
24
23
18
23
81
81
86
86
86
81
78
86
19
78
66
19
36
14
99
78
78
11
11
96
96
97
97
19
19
10
10
93
93
45
35
35
34
34
92
92
83
12
11
92
92
36
92
92
81
93
93
14
64
35
35
31
96
96
97
97
35
35
10
10
11
11
4
27
25
25
25
25
35
35
26
3
36
31
41
36
25
42
42
98
20
93
97
20
41
22
18
32
22
97
97
92
92
42
42
23
23
