4326 3864 001
120 1 1962 1 5 1364 
1426 1 1574 18 789 532 
2222 1 8 5 9 1 
1106 1 706 1 8 22 
1 1 1806 1 2442 1124 
1741 1 
1988 1 2041 1 696 40 
1783 1 3 825 4 1 
2221 1 3 324 
11 1 2299 2486 33 293 
10 1 1575 64 2090 1 
845 1 
1038 1 
82 1 94 81 
119 1 2022 1 32 1 
18 1 19 556 876 1 
1114 1 1282 4 1551 568 2034 1 
16 1 19 65 791 122 
16 1 18 475 989 320 
790 1 791 1 
880 1 990 65 
1211 1 2167 405 940 1 
1997 1 26 29 314 1 
2192 1 2215 1250 2414 1 
1966 1 2186 5 736 1 
23 1 43 1 
1061 1 1305 52 1525 114 2203 1 367 1 
1033 1 1284 1 1482 1 29 1 
1283 1 2173 1 28 1 643 430 
1577 1 166 1 
1481 1 32 1 
1481 1 15 3777 31 1 
10 1 1286 44 2090 1 48 126 
413 1 414 214 522 811 
1403 1 1405 915 2148 1 763 217 
1065 1 1518 150 1836 1 797 1 
1093 1 41 26 617 615 621 127 
1127 1 
368 1 413 18 423 20 850 91 
1164 1 1292 132 1741 851 
2224 1 37 613 621 190 
1767 1 2099 38 2132 3097 794 1 
26 1 46 1 47 1 94 1 
1093 1 1836 791 2101 72 
107 1 2402 1 344 4 
43 1 451 1 
1103 1 43 39 49 1 
1288 1 33 1 947 71 
1175 1 2295 1 47 1 
1291 1 1314 28 810 1 
170 1 1882 1 2233 12 
1517 1 1831 80 2092 63 
1906 1 
1297 1 161 1 2238 850 
168 1 170 1 2233 435 
267 1 57 255 673 92 
1128 1 56 1 672 1 95 1518 
76 1 
137 1 255 75 336 1 60 856 
1754 1 2250 1 271 99 59 1 864 1 
1495 1 1640 647 759 371 
1087 1 2172 104 817 1 
1276 1 1893 1 833 1 835 1 
1593 1 
256 1 67 63 
171 1 1792 409 2301 1343 718 1 
1360 1 1792 1 65 1 
1235 1 1301 1 1305 208 
1163 1 2303 444 2307 210 2318 1 
2180 1 2437 1064 503 1 
1109 1 1202 4004 1809 1 
1162 1 1880 1 539 1 
1742 1 2125 1 2248 1 832 1 
811 1 
326 1 328 1 
107 1 1360 305 58 525 
2467 1 434 185 728 18 
1523 1 2391 3 2393 1 493 7 
493 1 527 1 753 1 81 1 
114 1 2023 3057 
1523 1 2324 1 79 1 
1175 1 14 13 
1139 1 1141 27 1482 1 998 176 
1870 1 1892 1 1895 2918 
1061 1 1363 9 87 1 
573 1 872 28 
2078 1 2110 1103 85 96 
1742 1 2500 1 93 14 
492 1 90 131 91 1 
1856 1 2265 25 89 4 
1856 1 2328 1 89 186 92 79 
2328 1 2473 3797 91 173 
1118 1 2466 1511 88 98 
14 1 2213 73 43 1 
1573 1 267 32 57 1620 
101 1 2208 53 957 1109 
100 1 1212 1 1217 1 98 1 
101 1 2077 1 97 1 984 46 
101 1 1215 350 2309 421 362 1 
1055 1 1727 23 97 1 
956 1 96 149 98 1 99 172 
1301 1 1825 1 962 140 
467 1 469 62 486 1 
1289 1 2140 1 2217 1 
1039 1 1041 198 2217 1 2220 1 
1445 1 2469 42 279 1 
45 1 473 14 76 1 
2133 1 2189 1 484 541 
1196 1 2055 129 2062 608 477 342 
1196 1 344 858 478 1 
1168 1 1567 154 472 1 
113 1 1425 307 1524 797 2390 613 
112 1 1275 110 1424 1666 1516 1211 
2024 1 80 1947 
1209 1 770 1272 993 960 
118 1 119 1151 2418 14 
1411 1 1526 714 2194 1 
116 1 
116 1 15 895 
1 1 121 741 722 1 
120 1 2070 1 2470 472 
1089 1 1230 1 1532 56 1650 28 
1819 1 2072 1 570 7 
1356 1 1529 7 2078 1 298 1 
1467 1 707 1 
2136 1 2188 1 555 826 
130 1 1470 3 1480 1 
130 1 2251 1 2252 41 
132 1 1469 1 255 1 
127 1 128 1 133 24 
1306 1 237 6 2389 4 
129 1 2252 70 
130 1 2251 1 648 1 
135 1 2252 5 
134 1 2251 90 
137 1 139 93 1696 1 
136 1 2108 188 59 1 864 1 
1117 1 1176 1 2061 457 273 1 
136 1 1637 1310 2100 12 2108 1 
1953 1 2068 1 2094 491 561 1 
144 1 1769 19 254 5 
1422 1 1448 809 162 537 795 1 
1830 1 
141 1 145 2 1730 1 
144 1 254 2 2560 1 
1200 1 148 1 585 1 
161 1 2283 65 2489 5275 
1200 1 146 1 1730 1 
1072 1 1171 8 2509 1 
1319 1 1368 1 613 1 846 55 
2338 1 2508 1 586 20 
1039 1 632 246 848 1 
160 1 1970 226 2438 1 
1431 1 213 73 2419 35 508 1 
166 1 990 1 
1982 1 414 2152 526 1 
1043 1 1183 111 2348 1 331 1 
1032 1 1697 1 2214 66 787 537 
1824 1 2079 1 2104 1 710 1 
1161 1 153 1 2343 1 
1422 1 147 2102 2235 1 54 123 
142 1 2317 6131 247 11051 756 11836 
1008 1 164 288 165 603 
163 1 
1028 1 1272 668 163 816 
155 1 30 27 990 1 
2188 1 267 1 410 737 
1456 1 169 66 532 1 55 5 
168 1 
1456 1 51 1 55 1 
2080 1 646 8 66 1 
1243 1 2068 1869 2497 329 
180 1 642 15 646 466 
1048 1 266 3 930 174 
1245 1 
1245 1 
1245 1 
1252 1 182 117 2449 1 439 656 
1386 1 195 1 204 1 
173 1 181 1 335 1 
180 1 183 1 656 93 
178 1 2527 27 
181 1 184 1 656 583 
183 1 2296 290 569 373 646 178 
1253 1 189 60 569 58 
1253 1 189 1 670 15 
1675 1 188 1 670 758 
187 1 189 32 420 14 
185 1 186 1 188 39 
1274 1 1744 1 192 48 
1299 1 1778 1 488 146 
190 1 
1274 1 194 1 2515 813 
193 1 201 1 2515 1 
179 1 196 1 197 1 2374 1 
195 1 
195 1 198 1 199 1 
197 1 
197 1 200 1 201 1 
199 1 
194 1 199 1 202 1 
201 1 
1252 1 1386 1 210 1 
179 1 206 1 439 1 
1342 1 206 1 2362 1 
204 1 205 1 207 1 210 448 
206 1 
210 1 
220 1 536 1 
203 1 206 499 208 1 
2542 1 534 1 537 1 
1819 1 2161 1 722 770 
154 1 
1086 1 2130 5 2138 1 
1351 1 2542 1 501 1 537 1 
217 1 2542 1 523 1 534 65 
1813 1 216 1 2198 1 2530 3 
225 1 530 1 547 1 
1245 1 2449 1 
209 1 221 1 540 1 
220 1 222 1 541 3 548 1 
221 1 223 1 543 1 545 1 
222 1 224 1 544 1 
223 1 
218 1 226 1 536 1 
225 1 530 1 534 1 
395 1 
2232 1 407 702 957 19 
1842 1 1850 145 615 27 
1110 1 1117 179 265 1 448 205 
1639 1 2186 1 2519 735 844 3938 
1639 1 
1793 1 1844 60 570 1 
1574 1 1585 4931 280 64 691 209 801 17 
1493 1 1672 422 1763 1 2398 138 
1233 1 799 43 802 55 827 185 
131 1 1313 1248 807 200 829 851 
2389 1 239 218 240 110 
238 1 2395 14 241 174 826 27 
1703 1 238 193 241 359 688 818 
239 1 240 864 801 617 827 1407 
1314 1 243 912 2457 340 804 2001 
1315 1 242 364 805 273 829 345 
1053 1 2176 1 246 159 338 1 
1495 1 1543 228 758 1 
244 1 247 204 253 3191 755 1546 
162 1 246 1681 795 726 
249 1 251 752 
1885 1 2466 868 248 1 
2441 1 372 1 655 1 
2454 1 248 593 
2176 1 2180 93 2521 1 
1051 1 246 281 2521 350 
1367 1 141 5 145 3 
129 1 1480 536 59 335 
2363 1 495 1 65 2 
2250 1 2437 1 301 1404 
259 1 398 1 
258 1 
2105 1 2463 452 2485 331 592 2957 
2100 1 263 64 558 2279 
1801 1 
261 1 300 1 301 691 
2188 1 2486 1 271 624 
230 1 
174 1 2445 263 2471 1098 859 213 
167 1 56 803 95 1855 
271 1 
1755 1 1787 88 1790 1 
1841 1 
264 1 268 73 60 374 
1846 1 2082 120 277 1 572 159 
138 1 2052 174 470 1 560 1 
1015 1 1083 244 1645 1 1810 1 
1755 1 572 125 575 123 
1080 1 1082 291 1883 11 2487 1 
272 1 575 1 
1006 1 
106 1 341 17 455 35 
1194 1 1230 134 1532 1 234 1 692 1 
379 1 427 71 787 1 
2406 1 
409 1 
1010 1 1789 98 948 128 
1755 1 1881 2 1956 1 
1005 1 
1537 1 1565 1 869 1 987 13 
1077 1 1960 1 2365 1 701 102 
1034 1 564 1 
1322 1 1452 1 1484 2171 1718 1 
509 1 738 446 
1107 1 1453 24 620 145 
2213 1 2363 1218 300 1 
1172 1 1307 972 1540 1 295 98 
1356 1 2102 642 294 82 579 12 
1794 1 300 604 909 1 
1794 1 2209 1 301 1 
124 1 1488 1 1519 1 2102 426 
325 1 
263 1 293 1 296 1 
257 1 263 1 297 1 
1397 1 2249 1 303 236 336 8 
1399 1 1469 216 1473 50 2209 65 302 1 
1201 1 306 32 341 1 
1310 1 1396 1 2469 2277 
1444 1 304 17 
2456 1 2483 43 322 256 
322 1 
1114 1 1551 1 2120 1 436 123 
1977 1 311 6 312 1 
2450 1 310 194 720 1 
2289 1 310 325 720 1229 
2320 1 315 6 593 1 
23 1 2490 1 315 1 
313 1 314 1 317 1 
1302 1 1630 8 2150 1 
315 1 321 30 323 1 
1085 1 1504 1 495 1 
2209 1 321 37 328 319 
321 1 324 1 343 460 
317 1 319 1 320 1 
307 1 308 5 724 1 
317 1 603 1 
1175 1 320 1 326 44 
2211 1 299 1 382 42 
2490 1 324 1 75 1 
2148 1 562 423 762 1 
319 1 604 1 75 60 
1473 1 
1995 1 2047 2 444 1 
1207 1 157 1521 337 974 
2105 1 398 1 
1053 1 1280 1 2544 1 338 22 
1817 1 2310 276 2340 1 715 1 
180 1 650 1 715 1 
1469 1 2108 1 302 1 59 78 
1833 1 2176 211 2180 70 331 1 
244 1 2503 11 333 1 853 32 
1054 1 1280 73 1817 1 2245 5 
1126 1 2231 1 614 1 
1310 1 1311 15 279 15 304 1489 
353 1 693 773 730 1 
2510 1 320 1 931 1 
110 1 1750 116 45 1507 
1750 1 2402 588 346 205 
1748 1 2063 9 345 80 349 43 
2056 1 2230 103 349 45 
2056 1 349 20 418 35 
2406 1 346 91 347 149 348 40 
1750 1 2408 329 352 326 
872 1 875 808 884 66 
1845 1 2060 1 350 43 478 1 
342 1 
2492 1 356 9 731 6 
2136 1 581 194 594 1 
354 1 
1772 1 2131 2372 2480 3497 
1476 1 1672 1 1880 4403 1926 35 
1486 1 1654 1 877 65 
366 1 845 5 949 1 
1050 1 1206 1 965 1 
363 1 474 26 99 264 
1494 1 2208 22 362 1 472 1 
365 1 366 70 383 231 
364 1 949 15 965 1 
360 1 364 55 397 38 
1062 1 1064 1 2203 1 27 25 
1684 1 370 6 39 19 
1684 1 2150 67 370 307 
368 1 369 429 423 261 
1162 1 1569 94 608 55 
2372 1 2403 1 250 1 
1349 1 2287 9 380 77 
1132 1 877 1255 882 37 
1348 1 2289 534 376 139 
1349 1 375 108 378 93 
1452 1 1713 1 1716 76 772 1 
1977 1 2287 192 376 98 
2054 1 281 923 533 578 
1049 1 2284 105 373 134 
2048 1 2517 47 863 1 
1260 1 2498 1 325 449 
364 1 
2474 1 388 588 459 1 
389 1 
2474 1 
2474 1 388 453 393 1 
2481 1 384 655 387 1061 392 1 
2293 1 2472 49 385 18 
1884 1 2284 24 2472 15 
392 1 
388 1 391 77 393 99 531 41 
387 1 392 29 394 23 395 162 
393 1 456 1040 507 1 
227 1 393 28 507 62 531 17 
2474 1 456 1 458 1 
366 1 403 1 926 287 
1781 1 2435 1 258 2371 332 1541 
1076 1 2128 1563 2289 39 
1417 1 1631 139 2008 1979 980 1 
1416 1 1632 1 2298 1 980 164 
1260 1 1447 1 2181 124 
1014 1 2043 219 397 489 
406 1 
1014 1 
1688 1 2525 1 404 4 
2208 1 228 1 955 124 
794 1 
1258 1 1259 786 283 1825 
167 1 2168 918 411 79 
410 1 
794 1 
2237 1 34 233 39 36 
156 1 2129 16 34 982 
1663 1 2458 1255 582 427 
1102 1 428 112 
1101 1 1687 122 2408 163 
2063 1 348 1 429 343 
2363 1 2521 285 502 1788 
1165 1 188 3 2185 1 624 1816 
1371 1 1375 583 2341 9 
2431 1 2451 279 902 1487 
1980 1 370 248 39 116 424 81 
2236 1 2237 1 423 1 
1441 1 452 1 
1980 1 2129 1 2236 1 2396 224 
1409 1 2148 72 281 1 
1678 1 2057 40 416 208 
1104 1 1678 10 418 367 
1932 1 883 6211 905 14 
1198 1 1770 1 1921 387 2114 1 
904 1 
2197 1 2344 1 462 255 
1125 1 1133 27 77 290 
1134 1 1324 1 2242 313 
2121 1 2493 1 309 1 
464 1 596 84 
1134 1 1454 1 2493 1 
178 1 204 1 
1074 1 1329 133 1872 13 1873 93 
1437 1 1576 1 
1749 1 445 693 462 1 
444 1 
2496 1 330 571 443 374 694 1 
442 1 446 8 466 274 
445 1 447 362 466 706 
1198 1 2344 1 446 1 
2061 1 230 24 
1873 1 
1095 1 1098 27 1102 114 
1997 1 2295 1 46 1 
1433 1 1434 357 2230 11 425 1 
1171 1 1332 53 1478 284 
2230 1 2556 104 
1201 1 279 10 599 1 
394 1 396 10 457 1 665 1 
1152 1 1171 1 1903 11 456 1 
1970 1 396 1 459 1 
384 1 458 1 460 1 
1757 1 2481 1 459 1 
2524 1 469 1 471 1 
433 1 442 236 466 1 
2472 1 
2197 1 437 261 
2069 1 2385 1 2496 108 
445 1 446 1 462 4 
103 1 468 1 727 1 
2524 1 467 1 732 1 
103 1 461 1 470 1111 
273 1 469 1 471 1 
1360 1 461 1 470 1 
111 1 363 243 474 1 
107 1 1752 1 479 1 
1153 1 362 306 472 8 
1752 1 2053 1 2055 1 
1752 1 2524 1 729 1 
109 1 478 291 484 331 
110 1 1843 110 352 8 477 443 
2055 1 473 1 480 169 
479 1 481 1 483 399 
480 1 482 1 
2055 1 2191 18 481 5 
480 1 
108 1 477 606 485 124 
484 1 
103 1 2189 1 514 1 
1043 1 1275 9158 1516 6585 
1253 1 191 145 571 1278 
2085 1 504 773 745 1 
1897 1 1976 151 2404 86 
1290 1 1297 1 2238 26 755 5 
2473 1 89 1 959 1 
1284 1 2422 1 78 1 79 1 
1801 1 
2437 1 256 38 318 1 
522 1 
1870 1 917 105 936 271 
2566 1 
1372 1 501 1 507 79 
523 1 
215 1 499 1 504 1 
2117 1 419 1 503 1 
2111 1 502 15 70 50 
489 1 501 1 512 1 
1115 1 1127 1 1395 34 1834 888 
2540 1 2541 1 645 1 
394 1 395 13 499 1 
1319 1 154 1929 844 1 
1440 1 2485 753 291 1262 
2507 1 2530 1 521 86 
1068 1 2192 1203 2411 119 
504 1 515 1 704 1 
2416 1 707 1 
1709 1 486 1 733 1 
512 1 
523 1 524 73 704 1 
1003 1 1496 22 1507 8 1559 1 
704 1 
1683 1 520 1 946 1 
2125 1 2248 1 2445 2 519 1 
510 1 
1143 1 34 1418 496 1955 
216 1 500 129 516 43 
516 1 
2300 1 2487 703 700 1 
1143 1 156 33 2132 1 
1223 1 1283 1 79 181 
1174 1 529 955 796 184 855 1 
528 1 
218 1 226 1 
1351 1 392 183 395 25 
1455 1 1473 1 168 606 671 33 
1032 1 379 1 567 419 787 1 
211 1 216 1 226 1 
1409 1 2562 137 601 85 
209 1 225 1 547 17 
211 1 215 28 540 98 
2008 1 539 1226 981 1 
1854 1 1865 1 538 1199 72 7 
220 1 537 277 541 153 
221 1 540 149 542 7 
1351 1 541 26 543 1 
222 1 542 1 544 1 
223 1 2481 7 543 1 
222 1 548 1 
1403 1 2054 227 2148 1 
218 1 536 1 
221 1 545 1 
1835 1 2255 1 550 101 
2256 1 549 1 977 2 982 1 
2151 1 556 719 968 555 
554 1 857 1 927 1 
555 1 
552 1 857 1 
126 1 2205 3 553 1 
1835 1 2257 338 551 1145 559 170 
927 1 
1034 1 261 1 564 1 
556 1 975 560 982 926 
1117 1 1738 1 273 9 705 1178 
1243 1 140 910 2067 6 
1409 1 327 49 601 27 862 33 
1957 1 1960 1 701 1 
1408 1 1468 1 289 1 558 1 
1741 1 1743 1099 1783 427 566 14 
2360 1 565 821 706 18 
1032 1 1034 1430 533 213 
635 1 
1165 1 184 318 185 89 2318 1929 
1086 1 123 1 233 1 
1045 1 488 985 782 1 
1788 1 272 1 275 1 575 1 
86 1 865 1 867 1 
1353 1 1471 1 2082 1 
275 1 277 94 572 1 
663 1 
1758 1 1784 353 744 249 
2193 1 580 3 583 181 590 27 
1199 1 1540 1 1676 806 295 14 
2106 1 578 165 594 476 602 1 
2258 1 355 1 582 451 
2258 1 415 1662 581 25 
1697 1 2551 1 578 28 600 33 
588 1 
146 1 1583 4 2046 1 2560 453 
151 1 593 83 
592 1 
2552 1 2555 150 584 1 
1188 1 1839 431 2174 144 591 8 
578 1 
1690 1 2253 1068 589 189 
1435 1 260 281 587 1 
313 1 586 1 
2136 1 355 171 580 1 
1586 1 2174 1 2549 1 
437 1 
2452 1 2454 1 599 561 
1450 1 1454 862 1731 1907 851 3067 
1445 1 455 1 597 7 
1696 1 2546 2308 583 3 
1838 1 2520 870 535 49 562 516 
2551 1 580 1 
323 1 604 126 909 2169 
1794 1 328 1 603 1 
1853 1 2013 1 2432 98 
2529 1 
1369 1 
1168 1 371 1 609 1419 
1153 1 1854 612 608 288 
1461 1 1979 1 2150 3 
1418 1 1855 20 798 1 
1992 1 2391 1 2499 564 
1431 1 150 3 846 1351 
1060 1 1075 1 1802 27 340 82 
1009 1 1065 8 229 1 
1287 1 
1001 1 1376 874 37 166 618 89 
1670 1 617 203 619 53 621 869 
1074 1 1753 220 1961 1 618 937 
1159 1 1453 2 292 1 
1071 1 37 151 41 871 618 49 
1030 1 1195 1 2465 46 831 535 
1420 1 2549 16 858 23 
1675 1 2178 352 420 11 
1345 1 1554 5 2086 854 
2087 1 2088 10 659 16 
1343 1 1345 450 628 597 
1436 1 1538 26 627 530 629 12 
1431 1 628 432 630 48 
1859 1 2086 1 629 36 
1773 1 
152 1 2215 1385 2216 25 
1212 1 1631 1 634 11 
1215 1 2165 36 633 68 
1984 1 2528 1 568 1 
1910 1 2116 515 639 657 
1910 1 639 392 910 1 
2115 1 2116 203 639 414 
636 1 637 1 638 1 
1384 1 1388 1 2223 1 
1137 1 1323 12 1423 1 773 1 
173 1 2283 14 649 1 
1994 1 29 1 644 868 
1591 1 2173 502 643 70 
506 1 
171 1 173 519 184 323 
1126 1 2201 1 2270 1 
133 1 
2285 1 642 39 650 1 
2563 1 335 31 649 129 
1658 1 1815 1 652 23 
1659 1 651 52 708 4 
1226 1 1643 35 2436 236 654 42 
1225 1 1534 108 653 26 
2372 1 250 1 720 81 
181 1 183 524 2318 1243 
1323 1 1915 494 773 288 
2087 1 659 28 661 1 
1554 1 626 830 658 353 
1526 1 1543 79 
1380 1 2086 6 658 54 
1378 1 1857 1 1860 6 
2085 1 2280 390 2326 510 576 67 
2271 1 2274 2830 667 1502 
2271 1 2438 1 456 197 
1782 1 2083 3164 2274 1869 668 1 
2262 1 2336 2850 664 29 
2263 1 2276 1 666 2140 751 4 
1451 1 744 728 751 888 
186 1 187 680 2091 1 
1711 1 1941 1 532 48 
1221 1 1456 2849 57 1424 673 918 
1455 1 56 170 672 1 
675 1 677 651 679 1 939 1 940 1 
674 1 676 1 941 1 943 1 
1495 1 1543 1 675 1 677 1 678 1 
674 1 676 576 678 1 679 1 
676 1 677 1 937 1 938 1 
1211 1 1570 295 674 1 677 1 
1324 1 1720 43 1791 338 1915 21 
1179 1 2013 14 2015 33 2349 1 
1131 1 1179 2 2226 5 
2316 1 
1179 1 
1179 1 
1172 1 1356 95 1363 976 
952 1 
1574 1 240 24 689 55 
688 1 
1048 1 1140 1 2539 1 
234 1 692 47 800 1 861 1 
1928 1 280 96 691 1 799 1 
2036 1 2492 629 342 1 694 11 
444 1 693 1 695 603 
1765 1 1878 14 2047 486 694 1 
1630 1 2412 39 7 1 754 1 
1504 1 2428 1 2429 843 868 727 
1279 1 1514 55 2074 1 
1077 1 1081 325 1208 1 1653 1 
1279 1 525 459 838 1 
1871 1 288 1 563 12 
2303 1 2340 2841 2453 3267 
1675 1 2091 1868 705 1 
512 1 516 1 518 13 
1063 1 560 1 703 13 
1783 1 4 8 566 420 
1246 1 125 1 513 1 
1000 1 1626 765 652 289 
1822 1 710 67 713 1 
1427 1 159 80 709 450 
1427 1 2245 1357 713 23 
1739 1 1906 1 2355 1 2360 25 
1821 1 709 97 711 80 
1827 1 1996 1 2397 1 
1054 1 1817 1 334 74 335 36 752 100 
1792 1 
2185 1 2301 29 718 1 
1063 1 66 854 717 1 
1521 1 1822 107 1824 1 2400 7 
2013 1 311 1632 312 940 655 1 
2202 1 2216 1 2415 241 
1116 1 120 1156 212 1 
2062 1 726 1 733 1 
2247 1 2483 1 322 2 
1044 1 1289 1 973 1 
2053 1 723 1 729 1 
467 1 732 1 733 1 
1133 1 2468 739 77 4 
476 1 726 1 732 1 
2376 1 342 31 970 524 971 56 
1933 1 1936 2 354 1 
468 1 727 1 729 718 
514 1 723 1 727 1 
1501 1 2182 1 735 1 
1016 1 2459 497 734 1 
1016 1 25 1 944 1 
1475 1 1888 1 934 1 
1419 1 291 1 
1137 1 1138 136 1239 3 
1291 1 808 1 810 199 
1768 1 1895 1 896 1 
743 1 
2332 1 2531 1019 742 898 
2443 1 2512 788 577 415 669 92 
1784 1 489 426 750 1 
1758 1 747 50 748 237 
746 1 
1974 1 2443 1 746 307 
1756 1 1785 42 2031 41 
1785 1 2534 1 745 1 
1782 1 2512 1508 668 4 669 773 
2238 1 2283 1 715 232 
1629 1 1986 1 79 1 
1282 1 1629 1 2041 1427 696 43 
1053 1 246 681 491 105 795 1 
1430 1 162 11172 2428 204 
1765 1 1868 403 2065 1415 
1914 1 2194 1467 245 2532 
2160 1 61 1174 768 8 941 122 
2430 1 766 1 768 256 
1528 1 764 112 939 128 
327 1 763 266 765 1 
1367 1 35 1243 762 29 
1472 1 761 1 943 1 
1421 1 2045 1 762 82 767 269 
2423 1 760 237 
1367 1 2560 257 765 895 
759 1 760 41 
2421 1 2430 43 
115 1 1580 15 1871 14 2254 1 
1583 1 1587 80 2516 1 
1915 1 377 1 773 57 
1452 1 641 170 657 99 772 445 
1293 1 777 1 849 1 
1180 1 1186 1 1202 1 1797 2434 
2024 1 874 229 968 1 
1293 1 2220 91 774 1 
2530 1 
1020 1 1021 1 1879 404 783 26 
1887 1 1898 1 1957 2295 
1021 1 1194 90 1230 20 1879 1 
1096 1 1667 328 571 1 
779 1 785 706 886 1242 
1021 1 1234 1 886 460 
1646 1 783 1614 885 300 888 662 
1412 1 2239 1 2256 349 977 1 978 1 
158 1 2562 87 281 316 533 6 
1301 1 1703 5 789 205 
1424 1 1425 7 2 1 788 19 
1186 1 20 1 876 3472 880 11 
18 1 20 143 989 1 
1125 1 2550 1 2565 1 
1831 1 1832 66 797 1 
2147 1 408 428 412 37 42 64 
1297 1 142 8299 247 820 755 1 
1663 1 2106 207 528 491 855 1 
1830 1 36 1 793 1 
1282 1 1551 1 1994 1 611 724 
1532 1 236 1 692 6 800 2 
691 1 799 14 801 47 827 96 
234 1 241 533 800 99 
1532 1 236 1153 803 47 
1365 1 1650 1878 802 605 
1641 1 242 518 805 3335 
1236 1 243 1 804 4538 806 213 
805 1 807 1360 828 1 829 382 
237 1 2395 1237 806 1673 
1147 1 740 1 809 1 
808 1 
2457 1 50 341 740 28 
1147 1 1661 264 74 1 
1087 1 2254 52 817 1214 
1402 1 2457 1396 815 1638 
1921 1 2413 656 2522 484 
813 1 816 14 820 215 
1404 1 1625 33 815 135 
1502 1 62 1 812 1895 993 1 
1028 1 2012 564 2014 1062 
1923 1 2074 1 2196 1 
1557 1 2457 1073 815 372 
1557 1 822 245 823 318 
821 1 
821 1 825 48 
1068 1 1998 11 2484 1 
1404 1 823 60 
1233 1 239 12 827 1 828 101 
236 1 241 551 800 1 826 245 
1236 1 2395 101 806 161 826 1 
1312 1 237 51 243 30 806 1 
1574 1 1585 1 1633 1 2137 64 
1765 1 2065 82 622 850 861 61 
1112 1 1989 196 73 1 
1876 1 63 1 834 30 
833 1 
63 1 836 7 838 6 
835 1 
1278 1 
1278 1 700 10315 835 1 840 34 
842 1 
838 1 841 57 842 39 
840 1 
839 1 840 41 843 434 
842 1 
1159 1 1319 1 231 1 508 40 
1038 1 12 1 360 1 848 55 
1074 1 150 1 1753 3 613 1 
848 1 
1040 1 152 129 845 33 847 1 
1041 1 1084 1 774 23 
2107 1 2313 1708 39 97 
1722 1 1723 2486 2122 1 598 452 
1182 1 1317 423 1703 357 
1270 1 2544 1593 338 7705 
942 1 
1781 1 2435 1 528 1 796 490 
1764 1 1815 1 
2320 1 552 1 554 13 
1174 1 1440 1267 2463 1 623 69 
1674 1 266 325 860 728 
859 1 
1585 1 1928 1 691 3 831 1 
1421 1 2520 336 562 1 
1421 1 2045 1 2048 1 381 335 
137 1 1754 1 2546 1 60 99 
573 1 866 102 
865 1 
573 1 870 1 
1403 1 2054 964 697 37 
1580 1 287 26 987 755 
2131 1 867 1 
1877 1 2225 96 
351 1 86 1 875 152 
2225 1 2259 193 874 1439 
2025 1 776 1 873 2491 
2131 1 351 423 872 126 
16 1 2418 1 790 3835 
359 1 374 1233 882 1252 
1772 1 
2093 1 2480 10117 881 685 
1667 1 21 50 790 34 
879 1 
374 1 877 6199 883 1648 
430 1 882 468 903 1019 
1773 1 1777 1 2480 1 351 1 
1237 1 785 4781 886 35 887 415 
783 1 784 1653 885 41 
1759 1 2538 1 885 315 
2538 1 785 6 891 2459 
2475 1 
1583 1 2046 72 2048 1 
888 1 
894 1 895 833 900 467 
1647 1 1814 1316 1969 246 
1122 1 892 96 895 1 
892 1 894 37 899 243 
1993 1 2323 5 741 1 
2497 1 899 2367 900 1 
1082 1 1773 62 1777 4 1820 1 
895 1 897 1270 930 205 
1707 1 892 625 897 1 
1172 1 1306 13 1307 1 1525 1 
1751 1 422 144 918 1 
1708 1 2068 162 883 2927 
2451 1 432 3 908 298 
430 1 
908 1 
1993 1 908 476 921 51 
904 1 906 2963 907 2371 
1828 1 296 4 603 1 
1187 1 1474 1 1627 1 637 391 
1331 1 1847 25 2109 1 
1227 1 
1869 1 1870 5804 936 2940 
1974 1 
916 1 
1151 1 2325 3382 915 1 
497 1 
1945 1 902 6 919 1037 
918 1 
1747 1 1945 1 921 750 
2451 1 907 104 920 136 
1449 1 1451 438 1942 2516 1954 435 
999 1 
2033 1 2038 90 950 177 
1428 1 1730 1 2229 1 2235 51 
2038 1 397 49 928 210 974 205 
552 1 557 1 
1449 1 1954 239 2043 21 926 119 
1122 1 1146 1 1166 1 1719 1 
1700 1 1705 1 174 158 899 197 
2088 1 2509 8 343 209 
1016 1 1023 708 1942 1107 
2168 1 2483 1 
737 1 
1976 1 2093 7319 2404 1752 
2265 1 497 500 913 9193 
1474 1 678 1 938 672 
1108 1 678 1 937 1 
674 1 761 1 940 385 
22 1 674 1 939 1 
675 1 759 1 943 163 
1601 1 2466 1310 2564 1043 854 1348 
675 1 764 1 941 1 
1487 1 2415 1 736 1 
1222 1 1461 1 2207 89 
2183 1 2248 3053 519 1 
1164 1 1289 12 1743 527 48 1 
1007 1 1010 286 1952 36 284 142 
1010 1 1756 173 360 37 365 1 950 182 
924 1 949 164 974 789 
1724 1 2439 1 952 271 
1826 1 687 1537 951 924 
1439 1 1628 1 2332 1075 2440 1 
1228 1 2440 2486 955 1 
1229 1 407 1 954 459 
101 1 2232 1 957 15 
228 1 956 92 96 215 
1459 1 1929 1689 2531 1 
492 1 
1066 1 1465 37 1825 44 
1173 1 1446 901 2426 2166 
102 1 1825 1 2079 1 2110 1 
1767 1 
1143 1 1982 29 2129 416 2207 1 
1044 1 1084 12 361 1 365 45 
2218 1 2221 1 967 1 
1535 1 2218 1 966 1 
2375 1 551 1 776 1 975 1 
2310 1 2340 15 2453 846 
1934 1 1936 453 730 1 
1635 1 2036 1 730 125 
1140 1 1169 1 2124 1190 
2220 1 2221 1 725 6 
1954 1 1974 1 926 133 950 147 
1120 1 559 1 968 1 976 205 
1498 1 975 1 977 1 982 5 
2175 1 550 1 786 383 976 1 
1466 1 2243 1 786 1 979 99 
1416 1 2358 965 978 1 980 349 
400 1 401 1 979 1 981 1 
1865 1 2298 22 538 1 980 1 
1835 1 550 1 559 783 976 1 
1552 1 1835 1 2255 6 2257 670 
1920 1 2075 4526 98 1 
1173 1 
988 1 
1209 1 1496 1 1559 1 287 1 869 100 
1522 1 1804 201 986 1 
1481 1 1577 47 19 1 791 88 
155 1 166 616 21 1 
2069 1 2492 13 992 1 
2069 1 2381 1 991 1 
115 1 2254 1427 817 223 
2034 1 2041 117 2314 946 995 1151 
1760 1 1987 330 2447 708 994 1080 
1227 1 1768 1 1895 1 1896 387 
1170 1 1368 1 2477 1 
1321 1 1322 19 1484 50 83 1 
1499 1 2439 1 923 215 
1657 1 2433 1093 708 781 
1796 1 1908 86 617 71 
2500 1 
1149 1 2005 286 517 568 
1475 1 1506 1 2007 174 
1006 1 1863 1 286 55 
1005 1 1863 90 1948 346 278 838 
948 1 
1273 1 1559 1 163 1007 
1361 1 1364 1 615 20 
1012 1 284 22 948 2 949 1 
1012 1 
1010 1 1011 72 1013 35 
1012 1 
2051 1 403 522 405 546 
1080 1 274 151 
735 1 736 170 932 811 
1023 1 
1019 1 1083 41 1645 17 2302 666 
1018 1 1020 1 1647 1 2297 16 
1019 1 1648 255 2297 3419 779 1 
1022 1 779 136 781 1 784 1 
1021 1 1089 1 1230 1 1231 260 
1017 1 1449 122 2051 326 932 1427 
1089 1 1100 1 1650 87 1968 1073 
1100 1 1588 99 1649 1 
1027 1 1509 115 2448 40 
1026 1 1508 15 2459 1 
1271 1 165 378 818 512 
1056 1 1057 504 1123 1076 
1031 1 1928 1 622 6 
1030 1 1194 296 1195 562 
158 1 1696 5 533 1 567 1117 
1197 1 1296 314 2561 33 28 921 
289 1 558 1 567 66 
1127 1 1395 1 2370 120 
1485 1 1486 1 1933 1 2380 1 
1038 1 1041 92 1084 1 
1037 1 1040 1 13 56 845 1 
1040 1 105 1 152 80 
1038 1 1039 7 1041 1 848 4 
1037 1 1040 1 105 1 849 1 
1122 1 1150 1 1166 1 1932 1 
1309 1 157 1 2207 383 487 6824 
725 1 965 429 
1047 1 2318 1 571 113 
2020 1 
1045 1 
174 1 2210 3759 690 1 
1076 1 1348 283 2282 20 380 139 
1181 1 361 1 
1985 1 2317 1 253 1031 
1289 1 1292 152 1293 1 2357 1 
1290 1 244 1 333 1 755 131 
1290 1 2238 1 339 39 715 268 
100 1 1247 64 1479 5269 
1029 1 1159 1 2519 394 
1029 1 1058 140 1059 71 
1057 1 1059 559 2464 68 
1057 1 1058 510 1193 147 2461 34 
1364 1 614 89 
1358 1 2110 350 27 62 85 1382 
1305 1 1308 1 1424 1 367 302 
1360 1 2178 1 705 1 718 43 
1066 1 367 37 
1849 1 36 1 615 6 
1064 1 2206 1 960 28 
2100 1 
2450 1 511 1 824 1 
1088 1 1833 644 1983 320 
1071 1 
1070 1 1961 7 621 896 
1332 1 1343 8 149 3 
1873 1 
1555 1 440 1 619 630 846 1 
1170 1 1193 206 1829 142 614 49 
1049 1 1775 45 1867 41 399 22 
1078 1 2513 1767 288 9568 699 1 
1077 1 1081 6 1889 1 1960 1 
1231 1 1643 212 2366 99 
1015 1 276 1 
1078 1 1550 10361 1920 60 699 1 
1083 1 1285 4 276 30 898 38 
1018 1 1082 1 2042 894 274 58 
1037 1 1206 251 849 1 965 1 
1847 1 2532 4695 318 1059 
214 1 2434 1 570 1 
1907 1 62 82 812 1 
1069 1 1833 2430 2348 1 
1022 1 1024 1 122 268 1534 356 
1635 1 1935 1 2094 1 2376 135 
1654 1 1874 1 2094 1 
1093 1 1376 19 1849 434 
1092 1 37 44 44 529 
1095 1 1097 3 1099 541 
1094 1 2558 297 450 87 
1180 1 1202 64 1210 1 782 1 
1094 1 1098 25 1845 742 
1097 1 2060 33 450 114 
1094 1 1728 1 2558 228 
1024 1 1025 1 1968 186 
1102 1 1678 41 417 163 
1101 1 416 171 450 22 
2250 1 47 36 
1687 1 429 1051 
1581 1 
1398 1 1904 75 4 10 
1170 1 1193 1 292 428 
1528 1 1638 68 938 1 
1210 1 1220 1 1811 24 71 1 
1359 1 2103 1 230 86 
1192 1 1522 1 2103 449 
2495 1 2502 3476 832 1 
1203 1 2558 3043 
17 1 2119 1 2286 1 309 6 
1133 1 1169 108 2354 116 505 1 
1121 1 2073 1 722 1 
1192 1 138 1 230 1 560 5300 
1248 1 2405 332 93 3351 
1122 1 1129 1 1191 1 1674 1 
1498 1 1930 180 2375 237 975 609 
1116 1 1130 1 2138 451 
1042 1 1119 3 894 2466 929 11 
1029 1 1762 1 2182 224 2459 12 
1143 1 1244 1 2107 2638 2109 7 
1885 1 434 1 792 1 
1131 1 1512 366 340 1 647 1 
1035 1 1398 1 38 1 505 1104 
1144 1 1221 5 57 1 
1119 1 1601 1 2124 1877 2565 11 
1121 1 1844 3167 1853 1 
1126 1 2231 1 2532 1 682 22 
1486 1 2475 26 374 646 
1115 1 1395 223 434 1 728 1 
1135 1 435 768 438 1 
1134 1 1324 17 1551 1 1855 171 
1791 1 2240 1 2241 1 
1238 1 1855 1 641 1 739 1 
1142 1 1423 1 1591 1 739 1 
1142 1 1241 835 1322 1 83 18 
1366 1 690 30 972 1 
1321 1 2561 64 83 1 
1138 1 1139 6 1241 12 
1124 1 522 1267 526 88 964 1 
1128 1 1572 1 1573 10 
1496 1 1921 1 2369 3620 
1689 1 1719 986 929 2 
1402 1 808 1 811 425 
1149 1 2002 1239 2511 1 
1003 1 1148 1 2001 2005 
1042 1 
2373 1 2431 1 2436 1 916 3729 
1155 1 1799 1 457 9 
1168 1 474 1200 609 229 
1155 1 1462 1 1798 1 
1152 1 1154 1 1156 46 
1155 1 1157 2 1798 3 
1156 1 1798 22 1903 1 
1608 1 1679 1 1682 2 2506 15 
1056 1 1753 1 620 1 844 1 
1373 1 2139 1 
1327 1 1373 1 160 1 
1661 1 371 96 72 1 
1180 1 1186 1 69 1 
1181 1 40 70 947 1 
2296 1 420 2403 569 14 
1042 1 1710 590 929 1 
1178 1 
111 1 1153 25 608 1 
1115 1 1173 2293 972 4602 
1075 1 1107 529 1581 43 997 1 
1371 1 149 1 453 359 457 1 
1358 1 294 85 686 33 901 1 
1169 1 961 2094 985 1275 
2258 1 2485 1 528 102 858 437 
324 1 49 1 82 1 
1177 1 138 1 2064 1555 
1176 1 1203 1 2064 1 
1167 1 1639 1897 1942 735 
681 1 682 39 684 2158 685 183 
1096 1 1163 1434 2021 1 775 1 
1050 1 1164 26 
1868 1 2137 525 852 1296 
1309 1 157 1 2203 63 2523 11 
1275 1 1992 45 2153 54 
1187 1 
1163 1 775 822 790 1 
1185 1 2004 463 2006 1 910 1 
1584 1 1586 2 2518 16 589 195 
2385 1 
1710 1 1715 98 1716 752 1932 70 
1119 1 1719 1 2124 1 2241 1 
1111 1 1117 1 1738 43 2184 2304 
1059 1 1075 7 1107 53 1802 1 
1031 1 1585 870 1928 47 280 847 781 1 
1031 1 1879 1 2559 608 622 74 
109 1 110 56 2191 3231 
1033 1 2455 1 2561 67 
1475 1 2344 1 431 2 447 2468 
1568 1 1761 1 1763 788 579 15 
146 1 148 1 
1387 1 2452 369 304 1 455 1 
1096 1 1667 1 71 1 775 27 
1113 1 1177 770 1728 1 
1223 1 1282 1 1691 1 
1272 1 1273 1 2143 1 2511 63 
1084 1 1535 1 361 1 
2176 1 2503 1 331 3073 
1496 1 1565 1 699 2053 
115 1 1580 4 987 1 
1096 1 1109 1 1251 1 1778 3565 
1333 1 2166 1 22 801 679 437 
1213 1 633 1 97 19 
1212 1 1214 1 1216 11 
1213 1 1215 1 1218 14 
1214 1 634 62 99 1 
1213 1 1217 1 1218 22 
1216 1 2309 1 97 72 
1214 1 1216 32 2309 15 
1876 1 1891 1 1935 301 
1109 1 1251 58 1812 1 2184 1 
1128 1 1882 15 672 1282 
2129 1 2396 11 945 1308 
1204 1 2164 1318 527 1804 
1226 1 1589 25 1658 12 
1226 1 1589 406 654 371 
1224 1 1225 1 653 293 
1234 1 912 1 996 4923 
1229 1 1628 1 1892 1 954 1 
1228 1 1840 1 2420 185 955 184 
1022 1 122 1694 280 1 781 1 
1022 1 1079 1412 1534 24 
1314 1 1476 147 2030 152 2059 1 
1236 1 1365 826 236 176 826 1 
1227 1 1237 1 784 49 
1304 1 2389 1922 68 1424 
1233 1 1641 50 805 1 828 18 
1234 1 1759 1 885 10 
1137 1 1239 414 1418 199 
1238 1 1240 147 739 113 
1239 1 1242 1 1261 256 
1139 1 1142 26 2173 139 
1240 1 1418 137 1591 1 
1701 1 172 124 561 46 
1124 1 1443 1 2099 1 2132 17819 
175 1 176 171 177 1285 219 394 
2183 1 707 7 
1055 1 1316 52 1417 65 
1118 1 1249 2319 1742 1 
1248 1 2155 1 2554 1 
1772 1 2404 1589 
1210 1 1220 143 1778 897 1862 1 
178 1 203 1 2362 1 2527 312 
185 1 186 103 488 259 
1269 1 1326 1 1370 297 
1257 1 2181 1 2494 1 
1257 1 1467 1 2494 1 
1255 1 1256 1 1260 1 
2495 1 2502 42 409 71 
409 1 
1257 1 382 1 402 97 
1240 1 
1263 1 1264 93 
1262 1 2370 1 
1262 1 1266 1 2154 118 
2154 1 
1264 1 1267 785 2157 80 
1266 1 
1744 1 2362 1189 2374 1768 
1254 1 1970 614 2510 1 
1464 1 2503 3 853 259 
1028 1 2143 1 2149 6 
1205 1 1273 14 165 694 
1008 1 1205 319 1272 59 
190 1 193 104 2371 283 
113 1 1184 3065 1461 339 487 1 
1277 1 1287 1 1925 4 63 1 
1276 1 1278 1 1925 32 
1277 1 1279 1 837 210 838 96 
1278 1 1281 1 698 26 700 598 
1290 1 1427 1309 333 65 339 1 
1279 1 1285 1 1918 46 
1204 1 17 1 754 15 798 7 
1284 1 1691 1 1986 1103 29 1 527 2312 
1283 1 1296 868 1981 1 28 1 493 1 
1082 1 1281 16 1916 667 2487 454 
1288 1 2119 240 2293 2 33 789 
1276 1 1595 1 1893 1 616 19 
1286 1 1289 1 1771 239 48 7 
104 1 1052 1 1288 10 725 1 947 1 
1053 1 1054 38 1280 29 491 1 
1294 1 50 173 740 1 
1052 1 2218 22 2222 678 40 1 
1052 1 2218 1 774 1 777 166 
1291 1 1476 13 1661 1 1880 1 
1500 1 1724 100 2077 1448 
1033 1 1284 1 1298 1455 1886 53 
1422 1 491 1020 54 6 795 309 
1296 1 1426 1 2410 87 2455 1 
191 1 
1531 1 2141 1 2156 520 
102 1 1424 1 2110 1 68 287 788 177 
1523 1 1979 1 316 215 
1643 1 1759 1 2373 44 2436 289 
1235 1 1305 101 1306 1 1525 1 
1062 1 1304 1 1308 101 27 1 68 1 
1304 1 131 987 1313 1 901 22 
1313 1 1619 97 294 811 901 1 
1062 1 1305 1 1309 33 2203 83 
1043 1 1183 412 1308 1 1516 1 
1311 1 305 8 341 87 
1310 1 341 1 
1313 1 1315 1 1619 61 829 1 
1306 1 1307 35 1312 1 237 213 
1232 1 1315 34 242 1067 50 1 
1312 1 1314 1 2059 1 243 31 
1247 1 1413 210 1558 1 
1995 1 2047 264 852 2935 
1909 1 2170 1 2239 569 
1453 1 150 1009 508 100 844 1 
1328 1 
1141 1 2496 3 998 205 
1139 1 1423 1 290 1 998 1 
1324 1 641 1 657 590 
1135 1 1323 1 435 1 680 400 
1328 1 
1254 1 1327 1 1757 1 
1161 1 1326 1 1478 1 
1320 1 1325 1 1382 7 
440 1 
1873 1 
1844 1 2346 27 911 11016 
1072 1 1335 1 453 166 
1211 1 1570 1 2159 1662 2364 135 
1335 1 1436 16 1478 61 
1332 1 1334 34 1340 1 
1339 1 
1339 1 
1553 1 
1336 1 1337 1 1340 1 
1335 1 1339 198 1343 1 
1437 1 1576 1 2361 1 
1386 1 205 1 2374 168 
1072 1 1340 297 627 22 
1345 1 
1344 1 625 8 627 833 
1531 1 
1531 1 
1049 1 1349 1 375 250 
1348 1 373 1 376 60 
1352 1 1357 1 1375 1 
215 1 531 79 542 1 
1350 1 1353 323 1355 1 
1352 1 1354 27 1813 36 574 1 
1353 1 2017 203 2028 46 
1352 1 1357 1 2017 1 
124 1 295 308 686 1 
1350 1 1355 1 1807 1036 
1061 1 1172 1 1363 273 1525 855 
1110 1 1522 148 
1063 1 471 1 67 1 76 1 
1009 1 
1365 1 1557 14 1649 114 
1358 1 686 87 85 4888 
1009 1 1060 190 1829 1031 
1233 1 1362 152 1641 10 803 1606 
1140 1 2163 1 2554 1 
254 1 763 272 767 588 
1453 1 150 1 2477 45 997 279 
2316 1 2346 8 607 79 
1254 1 1371 4 1374 4 
1171 1 1370 1 421 401 
1373 1 2507 1 499 482 
1160 1 1161 157 1372 1 
1370 1 1375 23 1805 11 
1350 1 1374 1 421 1 
1092 1 1578 21 1850 24 617 97 
1382 1 1384 1 2269 1 
1379 1 1380 25 1859 1 662 1 
1378 1 1382 118 2087 12 
1378 1 1381 1 661 1 
1380 1 
1328 1 1377 4 1379 8 1385 10 
1385 1 
1377 1 1385 1 640 149 
1382 1 1383 1 1384 6 1390 1 
1342 1 179 1 203 1 
1201 1 1444 1 1447 1 
1390 1 1391 4 640 1 
1393 1 
1385 1 1388 3 1393 7 
1388 1 1392 1 1397 3 
1391 1 1393 1 1394 30 
1389 1 1390 1 1392 1 
1392 1 1397 7 1940 1 
1035 1 1133 1 1396 8 505 257 
1395 1 2154 503 2468 628 305 576 
1391 1 1394 478 302 1 
1106 1 1127 1 1834 114 
303 1 
1401 1 1567 590 1626 1001 
1400 1 1402 442 1569 168 1625 153 
1147 1 1401 75 813 178 
1405 1 35 1314 546 370 868 1 
1659 1 816 67 825 9 
1403 1 1406 35 35 304 
1405 1 
1468 1 
1410 1 1520 668 564 809 
427 1 535 271 562 32 
1408 1 
117 1 1632 415 1911 54 2179 1 
1907 1 2171 1 786 1 
1316 1 1466 5 1795 28 
1415 1 1632 134 1636 1 2194 2195 
1414 1 1851 1 2399 34 
2243 1 2244 1319 401 1 979 54 
1247 1 2358 1424 400 2310 
1238 1 1242 199 611 1 
2425 1 738 1 
1693 1 2193 25 623 2783 
765 1 862 1 863 271 
1297 1 142 1606 161 1328 2228 1 
1138 1 1322 1 1452 1 641 1 
1062 1 113 1221 1301 27 789 23 
112 1 1426 28 789 2 
1298 1 1425 346 2 446 2152 1 2455 1 
1280 1 2544 346 710 1044 711 1352 
1769 1 2229 1 925 35 
1432 1 2144 95 2429 1 
1448 1 2429 1 756 6 
1436 1 154 28 613 101 629 54 
1429 1 
452 1 
2227 1 2417 1 452 485 
1441 1 2417 1092 2425 1 592 986 
1334 1 1431 1 2419 627 628 60 
1341 1 1749 1 441 636 
1439 1 1457 518 2440 6 
1438 1 1458 1138 953 2115 
2463 1 509 978 858 1 
1435 1 425 215 
1535 1 1671 1 
1244 1 1504 19 2109 1 2231 1 
1387 1 1774 1739 306 2375 
106 1 2467 1567 599 884 
1571 1 1721 54 961 1 
1387 1 2211 1 2452 331 402 155 
142 1 1430 25 2228 1 2229 1 
1023 1 922 84 928 76 
1735 1 2121 1 2505 2699 598 4082 
1965 1 669 851 922 130 
1423 1 290 770 377 19 773 1477 
1319 1 1368 1 292 1 620 15 
2121 1 2122 1 438 1 598 1968 
1456 1 1470 36 532 3 673 2331 
1455 1 168 90 170 1 672 858 
1438 1 1458 152 1460 4 
1439 1 1457 38 1459 1148 
1458 1 1460 869 958 787 
1457 1 1459 923 1929 457 
1275 1 2394 2509 610 1 945 690 
1154 1 1463 23 1592 421 
1462 1 1800 1 2338 31 
1270 1 2204 62 2523 26 
2204 1 2543 48 960 1 
1413 1 2358 1 978 864 
125 1 1256 1 2479 38 2498 277 
1407 1 2101 1 564 1 
129 1 1828 1 303 1 336 40 
127 1 1455 1 1473 72 1828 1 
1846 1 2029 1 574 1 
1521 1 764 1 
1470 1 303 1 329 6 532 53 
1570 1 1638 1 910 1 937 45 
1004 1 1198 2494 1921 1 737 2 
1232 1 1294 1 1493 1 358 20 
1818 1 2328 1 2531 238 
1327 1 1334 1 453 1 
1055 1 1537 1 1558 23 
127 1 1483 51 255 1 
1634 1 31 1 32 56 989 4 
2173 1 2561 221 28 1 83 151 
1480 1 
2385 1 2387 57 290 2088 998 1 
1036 1 1890 1 2381 526 2383 1 
1036 1 1132 296 1890 20 359 1 
1639 1 944 1 
1529 1 1566 1 298 1 
1490 1 
1489 1 1491 23 1711 3 
1490 1 
1711 1 
1476 1 1568 27 2030 28 235 186 
1499 1 1567 331 2433 1 363 1 
245 1 61 4 676 1 
1145 1 1208 31 517 1 987 1 
1506 1 1507 1 2001 227 
1120 1 1503 1 2175 1 976 1 
1494 1 2208 1 2420 1 999 77 
1295 1 1537 1 1550 1 1565 1 
1582 1 2414 75 734 1 
1552 1 1559 94 2014 6762 817 51 
1498 1 1556 1 1909 1518 1930 1 
1443 1 318 232 697 1 
1795 1 1911 211 2179 1182 
1004 1 1497 1 2007 1131 
1497 1 2005 1398 517 1 
1027 1 1762 7 2460 12 
1026 1 
1511 1 1515 35 2461 14 
1510 1 
1126 1 1513 91 1802 65 
1512 1 1515 8 2444 119 
1655 1 1820 1362 698 1 
1510 1 1513 38 2444 1131 
113 1 1309 231 487 5580 
52 1 
36 1 
1566 1 1676 1 2246 1 298 1 
1408 1 
1472 1 2319 1 2397 1 719 1 
1111 1 1359 352 2184 25 988 1 
1302 1 78 258 81 1 
112 1 2152 29 2499 1 
1304 1 1358 1885 27 1 901 47 
117 1 1638 29 2179 1 660 1 
2398 1 
1108 1 2397 1 761 822 
124 1 1488 274 2104 1 2421 220 
1795 1 1911 1 2243 1 
1300 1 1346 40 1347 832 1538 389 
122 1 280 6 799 212 802 1759 
2156 1 
1089 1 1231 1723 1968 1 654 38 
1206 1 1442 1 967 1 
1927 1 2127 1 2232 350 
1479 1 1500 1 1727 1 287 5 
1531 1 2086 361 628 121 
1541 1 
1619 1 294 1649 579 24 
1539 1 1547 1 1548 1 
1544 1 
245 1 660 1 676 1 
1542 1 1545 1 1547 1 2234 1 
1544 1 
1547 1 
1541 1 1544 1 1546 1 
1541 1 1549 1 1553 1 
1548 1 
1081 1 1500 27 1653 5637 2075 1 
1135 1 17 110 309 14 798 1 
1502 1 2172 590 2350 1 983 1 
1338 1 1548 1 1554 1 
1553 1 625 152 659 8 
1074 1 1858 1 2269 36 
1503 1 1564 1 1913 284 2009 121 
1362 1 1641 15 820 399 821 229 
1316 1 1479 1 
1008 1 1502 1 517 1 987 1 
2050 1 2051 212 
1797 1 2022 45 2159 1 2418 170 
1639 1 
1582 1 
1556 1 2004 1 2113 1 2115 634 
1208 1 1500 155 1653 11 287 1 
1488 1 1519 1 1636 1 2160 2082 
111 1 1400 202 1494 1 1569 2 
1199 1 1493 1 1662 489 
1401 1 1567 1 1661 699 371 224 
1333 1 1474 1 1627 670 679 1 
1446 1 1723 1476 2123 1 
1144 1 1573 1598 2168 1 
1144 1 1572 1 95 1093 
2 1 234 32 688 273 830 5 
11 1 2089 1 2299 1130 2462 1 
1341 1 2145 1 441 2464 
1634 1 30 1 989 1 
1376 1 1579 1 1796 55 
1578 1 
1209 1 770 1 869 718 
1105 1 1170 1434 1908 18 
1501 1 1563 276 
585 1 771 78 890 39 
1188 1 1839 23 2520 517 
1194 1 2065 356 234 22 830 66 861 1 
1188 1 2478 1343 2514 149 595 78 
2478 1 2514 1 771 40 
1025 1 1589 269 1658 120 
1224 1 1225 386 1588 261 1968 2 
1597 1 2058 1 
1138 1 1242 1 1994 648 644 85 
1462 1 1688 1 
1594 1 1595 1 64 1 
1593 1 
1287 1 1593 1 1596 1 
1595 1 1597 1 1893 265 
1590 1 1596 511 1598 372 
1597 1 1599 163 1600 1268 
1598 1 1953 1 2067 325 
1598 1 1874 1 2557 62 
1129 1 1674 277 2405 1 942 5474 
1603 1 2067 2013 
1602 1 2058 1187 
1606 1 1613 190 2067 1 
2504 1 
1604 1 1621 1 2504 1 
1609 1 1611 388 1682 2 
1158 1 1609 1 1613 1 
1607 1 1608 1 1610 118 1614 1 
1609 1 1611 32 1612 1 
1607 1 1610 13 1677 41 
1610 1 1616 1 1618 4 
1604 1 1608 2 1614 38 
1609 1 1613 117 1618 272 1624 376 
1616 1 1677 1 
1612 1 1615 1 1617 1 1623 1 
1616 1 
1612 1 1614 246 1656 1 
1307 1 1312 1 1540 1 2059 1041 
1621 1 1622 62 2504 17 
1606 1 1620 37 1624 299 
1620 1 1623 224 1656 1 
1616 1 1622 185 
1614 1 1621 838 1656 1 
1401 1 1626 182 816 40 
1400 1 1625 161 708 1 
1570 1 2004 1341 2364 1 910 18 
1228 1 1869 1453 1973 1 953 4169 
1630 1 753 1 754 187 
1629 1 2324 1 316 13 696 1 
2165 1 400 1 633 15 
1411 1 1414 1 1851 11 401 345 
1868 1 2065 1 830 2 
1481 1 1577 1 
1090 1 1652 123 2557 384 971 1 
1414 1 1566 1 2246 26 2401 1 
139 1 1651 61 2101 1 2249 72 
1108 1 1474 63 1526 1 1910 851 
1178 1 1487 1 1562 2412 231 894 232 5110 
1914 1 2401 1 61 1 
1236 1 1365 331 1557 35 804 3002 
1651 1 2223 22 2249 1 
1079 1 1303 195 653 77 
1646 1 2042 423 2302 3 2536 1 
1018 1 1647 282 1969 108 274 1 
1644 1 2297 270 785 4660 
1019 1 1645 1 1648 2730 893 158 
1020 1 1647 1 1879 5774 2559 2559 
1025 1 1362 338 1650 1 
1024 1 122 1 1649 1288 803 1728 
1637 1 1642 9 2224 5749 
1635 1 1876 646 2488 761 
1550 1 1565 1 699 1894 
1091 1 1891 125 2548 4780 359 5 
1514 1 
1618 1 1622 1 1624 2 
1000 1 1727 65 1815 1 
1224 1 1588 94 1659 65 651 20 
1404 1 1658 11 652 5 
1664 1 
1162 1 1294 32 1569 1 811 334 
1568 1 2030 87 2059 1 
1781 1 2205 1 415 1161 796 322 
1660 1 1665 149 1666 1 
1664 1 
1664 1 1669 1 2058 1 
1202 1 782 1 880 1131 
1669 1 
1666 1 1668 1 
1908 1 2477 1 618 890 
1442 1 1673 86 
2084 1 235 1 358 541 
1671 1 
1119 1 1601 5579 2471 147 859 771 
187 1 624 66 703 210 
1519 1 2102 1450 579 1 
1611 1 1615 1 
1101 1 428 28 429 94 
1158 1 1680 4 1683 1 
1679 1 
1682 1 
1158 1 1607 1 1681 1 
1679 1 1685 1 519 1 
2322 1 368 14 369 67 
1683 1 1686 368 
1685 1 
1104 1 417 447 
1592 1 406 1 
1146 1 1915 1 2241 227 
1698 1 1839 55 2214 1402 591 193 
1204 1 1283 109 1994 592 
1695 1 2445 1 2506 39 
1420 1 
1695 1 1955 1 2506 176 
1692 1 1694 1 2177 10 
1032 1 136 1 1697 162 600 148 
158 1 1696 196 2219 1 583 1 
1690 1 2193 5 2219 105 
1955 1 
1702 1 2497 175 930 1 
1243 1 1704 1 2506 1 
1700 1 1704 102 
240 1 788 382 852 2707 
1701 1 1702 1 2190 1 
1955 1 2190 22 930 1 
1707 1 
1706 1 1708 1 900 16 
1707 1 903 377 
514 1 
1166 1 1190 757 1712 63 
1490 1 1492 19 671 133 
1710 1 
1714 1 1717 293 377 1 
1713 1 1715 7 1716 1 1717 1 
1190 1 1714 15 1890 594 
1190 1 1714 1 377 19 
1713 1 1714 3 1718 564 
1717 1 1890 1 290 391 
1146 1 1191 1 929 12 
1791 1 2095 391 680 685 
1446 1 1725 82 2040 111 
2040 1 2462 365 851 207 
1571 1 2040 40 851 1299 
1295 1 1751 69 951 1 
1721 1 1726 28 2089 3 
1725 1 
100 1 1537 550 1657 1 
1099 1 1203 161 1843 5 2052 1 
2462 1 
144 1 148 1812 1792 1 2489 1 925 1 
1732 1 1735 1 598 1 
1731 1 
1734 1 1866 1 2090 1 
1733 1 
1450 1 1731 1 1736 112 
1735 1 
1739 1 2299 15 2356 459 
1192 1 1862 1 560 203 
1737 1 1740 131 712 1 
1739 1 
40 1 565 1408 6 1 
1248 1 2501 5 73 1 88 1 
2360 1 565 45 947 1 
1268 1 1745 1 190 174 
1744 1 
1864 1 2127 1 2351 3 
1840 1 1892 4 1993 1 920 332 
1852 1 2402 1519 2406 1 346 176 
1437 1 2515 989 442 1 
344 1 345 91 350 498 
1724 1 2431 1 902 270 
473 1 475 1 476 1 
1159 1 2477 53 619 1 846 1 
2106 1 2551 1535 60 1 864 1 
1788 1 269 393 275 172 285 44 
1758 1 1790 17 749 17 949 247 
1326 1 460 1 
1756 1 2443 10 577 323 746 140 
1237 1 1303 1 1766 1 887 1 
995 1 
1199 1 1763 797 2246 1 
1123 1 1508 41 2464 104 
1199 1 1761 1 235 2703 
2436 1 856 162 
695 1 757 2 831 2393 
1759 1 2093 706 2373 1 
1991 1 42 3520 963 1 
1976 1 741 122 996 1 
141 1 1428 532 2146 4204 
1999 1 431 127 
1288 1 2140 166 2305 7 
1250 1 357 2485 878 1695 
631 1 884 1 898 970 
1444 1 1776 66 
1076 1 1779 1898 2279 1 
1774 1 
2042 1 2536 133 884 2 898 1 
1210 1 1251 1488 191 1 
1775 1 1899 12 
1806 1 1867 1 2128 4324 
1663 1 398 6138 855 878 
2083 1 666 372 751 12 
565 1 706 1 8 2 
1785 1 2512 1 577 321 745 47 
1784 1 1786 227 749 35 750 49 
1785 1 1787 5 2031 1 2534 876 
1786 1 1788 4 1841 1 269 238 
1755 1 1787 1 2082 1 572 784 
1790 1 1938 75 284 100 
1756 1 1789 1 2031 4 269 21 
1136 1 1720 50 680 20 
1730 1 66 24 67 633 716 1 
1962 1 233 22 2434 1 
296 1 297 1 604 1 
1413 1 1505 2347 1530 1 
1001 1 1578 55 1829 1 
1561 1 2021 1 2166 22 775 1 
1154 1 1156 17 1157 1 
1152 1 
1463 1 1903 1 
1804 1 262 1 494 21 
1193 1 1512 1 2461 77 614 51 
1804 1 
1801 1 1803 23 1811 250 1812 318 988 537 
1374 1 1807 1 
1780 1 2000 1 2072 1 5 1 
1357 1 1805 358 
1809 1 
1808 1 1811 103 71 66 
1878 1 1969 361 274 26 
1109 1 1804 300 1809 95 1812 539 
1220 1 1804 246 1811 776 
1353 1 217 1 2198 1 
2465 1 2559 1 893 909 
1657 1 651 61 856 1 
1817 1 1821 1 2245 2556 
1816 1 334 1 339 122 715 118 
1477 1 1984 1 2345 45 
123 1 212 1 2442 1 
1514 1 1916 3359 898 94 
1816 1 1822 1 2310 99 713 32 
1821 1 2311 15 709 34 719 1 
2104 1 2319 1 
159 1 2386 102 719 11 
102 1 2076 1 960 1 962 569 
1840 1 2420 770 952 5341 
2167 1 714 823 
1469 1 1470 1 909 1 
1075 1 1364 263 1796 68 1908 1574 
143 1 1831 49 797 1 
1830 1 52 73 793 1 
793 1 
1069 1 1088 1 337 1169 
1398 1 2354 551 2355 1 505 989 
549 1 556 5 982 1 983 22 
1837 1 36 1 44 838 
1836 1 
1839 1 2214 69 2562 224 601 1 
1584 1 1690 15 1838 1 589 161 
1229 1 1747 1 1826 784 
1787 1 2082 1 2534 1 270 2 
229 1 
1728 1 1845 134 478 319 
1130 1 1331 3 233 1 
1097 1 1843 2 352 10 
1471 1 272 41 
1085 1 2000 1 911 1 
2513 1 
1065 1 1092 3 1850 1 
1376 1 1849 1 229 16 
1415 1 1632 1 2298 1 
1748 1 
1130 1 2403 1 605 1 
2008 1 539 1713 609 2026 
1135 1 1137 395 611 1 
1973 1 2332 450 90 1 91 1 
1861 1 2269 2823 662 2 
1555 1 1859 24 1861 5 
1378 1 1858 37 1860 9 630 1 
1859 1 1861 9 662 8 
1857 1 1858 3 1860 12 
1251 1 1738 126 2091 1 2184 1191 
1005 1 1006 68 1881 1 2308 1 
1746 1 1875 334 2352 977 
1880 1 1926 689 539 1 981 1 
1733 1 2163 1 2505 1 
1076 1 1780 2663 2118 1 2470 337 
1182 1 1633 41 757 522 
1628 1 1892 47 2265 229 913 9 
497 1 84 1 913 4436 
2359 1 701 1 770 1 
440 1 
1073 1 1330 14 440 163 449 1 
1091 1 1600 319 1893 1 
1864 1 
1219 1 1652 1 833 33 
2025 1 2026 118 2149 1364 871 32 
1810 1 1883 84 2465 1 695 375 
1195 1 1648 1 779 111 781 172 
1294 1 1865 1 358 1 72 1 
1863 1 1938 6 285 43 
1221 1 2337 51 51 1 
1878 1 2036 314 276 1 
2282 1 2293 116 390 22 
1125 1 249 638 2564 157 
1296 1 2410 1 2422 122 2499 739 
1889 1 1957 1 780 1795 
737 1 
1078 1 1887 1828 2352 1911 
1485 1 1486 1 1715 1 1718 1265 
1219 1 1654 212 2380 1 
1228 1 1747 4128 1869 100 84 5234 
1287 1 1596 1 1874 8016 63 18 
1922 1 2196 6 
2366 1 741 1 84 1 996 11 
1897 1 1976 57 996 1 
1896 1 490 4 
2359 1 2528 1 780 16 
1779 1 1900 14 
1899 1 2118 273 2212 14 
1950 1 2019 123 
1904 1 
1157 1 1800 111 457 1 
1106 1 1902 103 2355 175 
1906 1 
1905 1 53 103 712 1 
1087 1 1412 1 2172 76 
1001 1 1581 17 1670 641 1829 1 
1318 1 1503 20 1913 744 2175 1 
1638 1 2179 1 636 29 637 1 
1411 1 1505 262 1530 36 
1914 1 2399 1372 2401 34 
1556 1 1909 1 1931 721 
1640 1 1912 238 758 376 
1689 1 657 165 680 3295 772 71 
1285 1 1820 1 1917 520 
1916 1 
1281 1 
2365 1 2522 890 
1081 1 2127 88 984 1 
1145 1 1475 1 431 1 814 23 
1894 1 1923 93 1925 1 
1922 1 1924 331 819 149 
1923 1 
1276 1 1277 18 1922 247 
1865 1 2039 191 358 1 
1536 1 1929 1 2345 1 
1030 1 1194 1 692 1 861 1 
1460 1 1927 1149 958 1 
1120 1 1503 1 2010 168 
1913 1 2115 238 2170 212 
1042 1 1190 37 2475 1 430 59 
1036 1 1937 107 731 1 
2377 1 2379 137 970 808 
1090 1 1219 1 2377 114 
1937 1 731 175 970 1342 
1933 1 1936 85 2379 61 
1789 1 1881 238 1946 72 1948 141 1958 9 
2087 1 
1394 1 
1943 1 1944 27 671 1 
1178 1 1966 85 922 112 932 63 
1941 1 
1941 1 
918 1 920 8781 
1938 1 
1956 1 
1006 1 1938 242 1972 25 
1972 1 
1901 1 2016 163 2018 142 
2016 1 2018 6 2027 48 
1971 1 1972 1 2353 34 948 292 
140 1 1599 467 2557 1 
922 1 928 48 974 1018 
1694 1 1699 391 1705 1 
1947 1 1975 52 285 4 
1887 1 563 13 780 1 
1938 1 
1971 1 
1078 1 288 1 563 1 
1071 1 2223 1 2269 21 619 15 
1 1 1793 1 2071 1 
2026 1 2145 630 2266 937 2267 1 
1965 1 
1451 1 1964 1 2443 122 
1942 1 2186 19 25 720 
1971 1 
1024 1 1100 1707 1534 1 1589 9 
1645 1 1810 569 893 259 
1269 1 153 1 458 1 
1952 1 1959 12 1967 159 
1948 1 1949 141 1952 1 
1628 1 1856 1 2265 466 
748 1 914 4476 974 1 
1956 1 
1768 1 1896 1941 490 1 935 4364 
1978 1 2289 43 310 1092 378 69 
1977 1 
1302 1 1990 1 610 813 
2150 1 2394 197 423 1 426 24 
1284 1 1986 9 1992 1 2422 1 
156 1 1983 246 2348 453 964 465 
1069 1 1982 53 2097 220 
1818 1 2347 1 635 1 
1051 1 2097 200 2147 601 
1283 1 1981 1 1990 65 753 39 
1988 1 2041 1 2161 25 995 268 
1987 1 2162 1 7 37 
2479 1 2495 1 2498 1 832 380 
1979 1 1986 1 1992 7 2324 1 
1767 1 2099 1064 2428 1 
1184 1 1981 227 1990 1 612 13 
1747 1 896 1 907 2246 
1591 1 1691 847 643 1 798 1 
1317 1 2187 1 330 200 
2306 1 2386 197 2400 1 714 1 
23 1 2456 1 451 2 
2013 1 2199 1 824 1 
1770 1 2114 1248 
1806 1 1847 56 2098 1 
1149 1 1497 2419 2002 42 
1148 1 2001 4 2007 11 
2005 1 
1187 1 1564 60 1627 1 2113 1 
1003 1 1507 2101 2003 947 
1187 1 2115 1 2407 2766 
1004 1 1506 699 2002 53 
1854 1 2165 1 400 99 538 5 
1556 1 2010 262 2011 39 
1930 1 2009 244 2112 13 
2009 1 
2350 1 818 532 
1998 1 605 1 681 51 720 15 
1502 1 818 1577 
681 1 
1950 1 1951 43 2029 315 
1354 1 1355 1 2027 34 
1950 1 1951 7 
1901 1 
1046 1 2021 1 2386 1 
1180 1 1797 376 2020 1 2167 1 
15 1 1561 1 2023 1 2158 461 
2022 1 2024 455 80 89 
114 1 2023 1 2375 1 776 1 
1877 1 2151 112 2225 1 874 1 
1877 1 1963 62 2482 1 
1951 1 2017 45 2028 1 
1354 1 2027 1 2029 15 
1471 1 2016 384 2028 47 
1232 1 1493 2212 1662 1 
1786 1 1790 4 749 54 
2033 1 
2032 1 2035 89 924 11 
17 1 2447 26 994 44 
2033 1 2037 6 
1883 1 2488 1 693 1 971 820 
2035 1 2038 1867 
2037 1 924 238 926 170 
1926 1 2298 741 2398 4 
1721 1 1722 231 1723 62 
1987 1 7 41 754 1 994 140 
1083 1 1644 448 1777 527 
2044 1 403 264 928 292 
2043 1 2049 45 
2046 1 2560 1 765 813 863 1 
2045 1 2048 1 585 13 890 1 
1317 1 330 357 695 32 
2046 1 381 1 863 1 890 95 
2044 1 2050 211 
1560 1 2049 10 
1014 1 1023 520 1560 332 
1728 1 2133 212 273 1 
2062 1 475 1 726 1 
379 1 546 1 868 1370 
109 1 475 1 479 1 482 105 
2552 1 347 540 348 14 
2545 1 2552 1 428 28 
1590 1 1603 563 1666 1 
1232 1 1315 40 1619 1 1662 1 
1098 1 2408 34 352 3 
138 1 2064 4 448 113 
109 1 2053 268 723 368 
2408 1 346 65 418 2 
1176 1 1177 422 2061 4 
1585 1 1633 1 757 1148 831 90 
2111 1 2317 1 2428 41 
1599 1 1602 1748 1604 53 561 1 
140 1 172 1 903 266 
465 1 991 230 992 1 
121 1 2117 1 2491 6 
1962 1 2138 447 2200 1 
123 1 1806 1 2073 2334 2126 1 
1116 1 2072 1 2403 34 
698 1 819 4 
1550 1 2077 2513 984 1 
1825 1 2079 1 2543 4106 
1295 1 2075 1 98 181 
124 1 2079 98 2104 1 87 451 
159 1 2076 261 2078 1 962 1 
171 1 2081 1 2489 389 
2080 1 2111 2236 
1788 1 1841 158 272 1 574 1 
1782 1 2419 1176 666 1 
1672 1 
2276 1 2512 1 489 1 663 27 
1538 1 625 657 630 273 661 2 
1379 1 1939 34 626 1260 658 5 
2233 1 626 32 931 1 
1575 1 1725 21 2356 1 
11 1 1733 1 33 2 
1862 1 670 348 703 450 
52 1 
1766 1 2538 114 879 1419 935 4 
1090 1 1091 16 140 1 2557 1 
1720 1 2123 256 2240 8 2242 1 
2098 1 2118 296 2119 1 
1983 1 1985 257 2147 1 
2000 1 2096 1 2163 1 
1244 1 1991 1 42 8580 
1067 1 139 1 2101 726 261 42 
1468 1 1637 3 2100 14 44 70 
1676 1 295 645 298 1 
1110 1 1111 334 2409 1 
1529 1 159 1 1823 1 2078 80 
2435 1 260 29 332 1 
1754 1 2205 54 580 2125 796 1 
1124 1 2200 1 850 1491 
137 1 139 1 2249 4493 336 1 
1124 1 1443 1 2532 1 911 1 
1061 1 1301 547 87 1 962 1 
2066 1 2081 1 503 1 
2010 1 2113 38 2364 134 
1564 1 2004 318 2112 1 
1999 1 2529 1 431 834 
1564 1 1931 1 2006 310 638 560 
2171 1 636 1 638 344 
2070 1 2200 89 502 1 
1867 1 1900 487 2096 1 2286 980 
1114 1 1286 1 2096 500 2120 1 
2119 1 2121 1 2505 4336 309 1 
1450 1 1454 1 2120 192 436 143 
1454 1 2123 1 2242 170 851 2075 
1571 1 2095 1182 2122 171 2426 1 
1129 1 1191 1 2426 388 972 1 
2501 1 520 1 73 433 
2072 1 2128 1 2372 2624 
1536 1 1746 933 1920 1 
1780 1 2126 1 399 464 
1222 1 414 1516 426 57 964 19 
214 1 2162 5 2312 2945 
357 1 870 1182 875 43 
1244 1 42 62 526 27 
108 1 2052 183 2134 1 
2133 1 2135 878 2189 123 
2134 1 
126 1 355 1 594 927 
1182 1 2187 1 830 1 
1121 1 2071 1 214 1165 
1160 1 2541 346 
104 1 1771 591 2305 1 
1300 1 
2149 1 2151 41 2260 162 
1205 1 1271 4 2482 64 
1429 1 2229 1 
1576 1 1963 1 2482 1 
1769 1 
1985 1 2097 3237 794 236 
327 1 35 245 427 40 546 149 
1271 1 1877 89 2142 185 2482 1 
1980 1 316 1 369 122 610 2820 
2025 1 2142 1 2350 45 551 8 
1426 1 1524 1 2162 1 
1184 1 2390 357 2393 1925 
1264 1 1265 1151 1396 117 
1249 1 2268 128 
1300 1 1533 5 2169 1981 
1266 1 
2022 1 2159 1 2364 50 2375 1 
1333 1 1561 248 2158 1 2166 464 
1566 1 2421 1 759 123 
1987 1 212 4 2410 1 
1988 1 2130 1 2152 420 
1366 1 1866 20 2098 722 
1223 1 
1631 1 2008 38 634 1 
1211 1 1797 1 2159 1 2167 34 
1827 1 2021 1 2166 1 22 1 
1572 1 2458 1 410 547 933 6 
2156 1 
1318 1 1931 362 2171 1 
1412 1 2116 1 2170 660 
1552 1 1907 131 2255 17 62 1 
1241 1 1482 601 29 1 644 1450 
2253 1 589 381 595 17 
1498 1 1909 36 2239 1 977 1 
1207 1 244 2838 252 1 337 1 
1695 1 
1063 1 2185 17 624 1700 
1411 1 1505 1 1526 118 1910 1 
252 1 337 1 70 953 
1255 1 402 1 
1123 1 2519 1 734 6 
1246 1 946 1 
1192 1 1220 84 1522 50 1862 1073 
2178 1 420 11 717 1311 
1966 1 231 592 25 1 
1995 1 2137 1 2455 1 
126 1 167 24 264 84 
108 1 2134 124 486 1 
1704 1 1705 317 
1196 1 482 20 
2195 1 24 1987 511 1 
1420 1 1698 4 2253 1 578 309 
117 1 1414 1 758 1730 
2192 1 2199 1 2202 1 2450 1 
1894 1 819 4 
433 1 464 183 
1813 1 217 29 2540 1 
1998 1 2195 1 2201 1 2226 1 
2071 1 2107 1 2117 1 
2199 1 2202 1 647 1060 
2195 1 2201 18 721 1 
1183 1 1308 747 2206 1 27 24 367 1 
1464 1 1465 1165 2206 14 
1663 1 2106 11 2250 1 555 1 
1066 1 2203 1 2204 16 2523 1 
1043 1 2348 28 945 1 964 704 
1499 1 363 1 407 30 96 1 
297 1 303 1 319 1534 
1048 1 2416 2 
1447 1 2268 1 325 53 
1900 1 2279 4 2293 394 
293 1 94 1 
158 1 1690 1274 1838 77 2219 154 
2217 1 2294 1 24 1 632 1 
2411 1 632 1 721 2280 
104 1 105 27 2215 1 2357 33 
1292 1 1293 1 966 1 967 51 
1697 1 1698 161 2214 192 
105 1 777 1 973 1 
9 1 966 1 973 49 
1292 1 2357 1 3 5 
1642 1 1961 1 2224 3 640 1 
1651 1 2223 124 41 361 
2025 1 871 94 873 409 
2199 1 2484 1 682 1 
1434 1 2230 1 2406 257 2463 164 
1422 1 1448 1 2229 1 2235 1 
1428 1 1448 1 2144 1 2228 1 2429 1 925 168 
2227 1 347 2 452 513 454 62 
1131 1 1443 27 340 1 
1536 1 228 298 956 881 
2088 1 51 1 55 1 
1544 1 
161 1 2228 42 2489 1 925 1 
2237 1 424 410 426 82 
2236 1 413 10 424 1113 
1054 1 491 31 54 1 752 265 
1318 1 2175 22 2243 1 786 1 
1136 1 2095 1 2426 1 
1136 1 1191 226 1689 201 
2095 1 2122 1672 435 1 
1416 1 1530 1 2239 1 978 1 
1416 1 
1816 1 339 284 711 16 
1519 1 1636 1 1761 1701 2399 1 
724 1 
2553 1 520 1 73 1 946 1 
1637 1 1642 201 2108 1 302 28 
1103 1 2205 20 257 1 60 1 
128 1 133 1 135 46 
128 1 132 72 134 4 
2174 1 2193 232 591 9 
770 1 812 1 993 825 
2172 1 2256 1928 549 92 983 12 
2255 1 550 2167 786 360 
2350 1 556 1 983 807 
1174 1 581 251 582 791 
873 1 
2142 1 
2262 1 2263 109 2264 52 
2261 1 2264 1 667 42 
2261 1 2264 1 668 94 
2261 1 2262 1 2263 78 
1869 1 1973 530 90 123 936 102 
1963 1 
1963 1 
2155 1 2211 1 2502 1 
1377 1 1555 1 1857 115 1961 17 
2411 1 2484 1 647 4 
2272 1 664 1830 665 3561 
2271 1 2273 26 
2272 1 2274 1 
2273 1 664 1693 666 110 
2276 1 2288 92 2290 1 
2085 1 2275 132 668 123 
2290 1 2291 55 
2284 1 2294 120 2305 1 
1775 1 2212 1 2282 177 
2291 1 2336 37 663 19 
2288 1 2291 23 
1049 1 1884 18 2279 93 2284 61 
147 1 642 154 752 26 
2278 1 2282 234 380 1123 390 14 
649 1 
1114 1 2118 2036 2470 1 
2294 1 373 5 378 265 
2275 1 2281 29 
1977 1 312 1 375 776 399 2363 
2275 1 2277 17 
2277 1 2280 1 2281 1 
2326 1 2327 56 2342 278 
1286 1 1884 137 2212 31 389 52 
2215 1 2278 114 2287 206 
451 1 49 297 
1165 1 184 564 2301 1 
1019 1 1020 3055 1646 1 2302 5910 
1851 1 2039 1 401 374 981 1 
10 1 1575 21 1737 23 
525 1 
2296 1 66 4 717 1 
1018 1 1644 13 2297 974 
2304 1 69 1 702 177 
2303 1 2306 60 2307 478 
1771 1 2140 1 2278 226 
1996 1 2304 956 2307 56 
2304 1 2306 163 69 1 
1863 1 
1217 1 1218 1 99 1 
1821 1 2311 200 334 1 969 716 
1822 1 2310 1 2400 28 2453 1 
2130 1 2331 611 2412 25 
2315 1 2331 11 850 969 
994 1 
2313 1 
1369 1 2349 1376 683 6279 
1051 1 162 6630 2066 1 
1045 1 569 111 656 1 69 206 
1521 1 1823 51 2321 1 
2337 1 313 1 857 376 
2319 1 
1684 1 2331 1923 2412 1 
896 1 
1630 1 1990 8 81 8 
916 1 
2292 1 2341 48 663 29 
2292 1 2329 10 2330 89 
1477 1 2332 1 91 173 92 217 
2327 1 2333 285 2342 1 
2327 1 2333 15 2334 42 
2312 1 2313 2620 2322 26 
1856 1 2328 94 743 18 953 1 
2329 1 2330 62 2335 139 
2330 1 2335 245 2339 1 
2333 1 2334 65 2339 52 
2280 1 2339 1 667 6 
1882 1 2320 1 2456 920 
1463 1 151 19 2343 1 
2334 1 2335 1 2336 318 
334 1 702 1 969 1349 
2326 1 2342 309 421 26 
2292 1 2329 34 2341 1 
160 1 2338 1 2508 79 
1198 1 433 8 447 383 
1818 1 1927 1629 2347 1 2531 1 
1331 1 1369 74 2349 1 
1984 1 2345 1 2351 1 2528 1 
1088 1 157 963 1982 1 2207 1 
2316 1 2346 6 681 1 
1552 1 2012 790 2151 100 2257 78 
1746 1 2347 897 2352 7 
1864 1 1889 1999 2351 1 2528 260 
1952 1 
1115 1 1834 488 2356 1 
1834 1 1904 284 2356 306 712 2342 
1737 1 2089 2237 2354 354 2355 48 
1052 1 2217 1 2222 70 
1417 1 1466 3 979 927 
1871 1 1898 1 2566 8932 
1743 1 566 5 712 177 
1341 1 2362 45 2511 410 
1252 1 1268 1247 205 2 2361 2092 
256 1 293 1 419 1315 
1333 1 1627 23 2112 148 2158 1 
1919 1 2367 409 2566 262 288 1 
1079 1 1895 1 
2365 1 2368 33 2413 1 
2367 1 2369 5382 2513 395 
1145 1 2368 1 2413 1874 
1035 1 1263 113 
1274 1 2374 1 
2126 1 372 65 655 1 
1151 1 1303 884 1766 7844 
1268 1 1342 1 195 1 2371 1 
1120 1 2024 9 2158 3023 968 1 
1090 1 2377 1 730 542 
1934 1 1935 166 2376 1 2378 1 
2377 1 
1934 1 1937 129 2380 119 
1036 1 1891 3392 2379 1 
1485 1 2382 1 992 100 
2381 1 
1485 1 2384 314 2387 1 
2383 1 
1189 1 1484 1 465 175 
1824 1 1996 1 2020 83 
1484 1 2383 89 2388 53 
2387 1 
1235 1 131 1 238 149 2395 81 
112 1 2153 56 2392 88 
2392 1 612 74 78 1 
2390 1 2391 356 2393 758 
2153 1 2392 159 78 538 
1461 1 1980 3 2396 604 
2389 1 239 214 807 955 828 74 
1222 1 2394 466 426 54 
1521 1 1528 370 2400 1 714 1 
1527 1 2039 1 235 2654 2399 201 
1415 1 1912 1 2246 335 2398 65 
1996 1 2311 1 2397 157 719 1 
1636 1 1640 1 1912 166 
1748 1 345 278 45 3641 
1853 1 2073 1 372 15 
1250 1 490 439 935 7702 
1118 1 1601 482 2466 1 2471 61 
1748 1 2227 1 282 633 349 471 
2006 1 
2060 1 2063 151 350 377 417 132 
2103 1 
1298 1 1886 5 2161 1 
2216 1 2270 154 511 1 
2312 1 2322 39 696 50 
2367 1 2369 1958 814 707 
1501 1 24 2531 2432 1401 
2441 1 721 1 944 1845 
2210 1 513 1 
1434 1 1435 1 2424 4108 
116 1 1561 1 876 1373 
1436 1 154 1 2083 4 2438 6 
1229 1 1499 1 1826 1183 
1529 1 2160 69 769 67 
1886 1 1981 1 493 326 
2427 1 2430 176 766 912 
2417 1 
1419 1 1435 2093 
2123 1 2124 1 2240 1 961 1864 
2423 1 
1991 1 2066 46 697 805 756 1 
1429 1 1430 1 2229 5 697 1 
2423 1 760 409 769 1 
1151 1 1751 1 422 94 
2414 1 2434 1 605 1 
1000 1 1494 1 2439 1 
1086 1 1793 1 2432 1 
2105 1 2485 1 398 134 855 3878 
1151 1 1303 1 1764 229 653 33 
257 1 495 1 70 1 
153 1 2419 1 665 775 
2433 1 951 875 999 1 
1438 1 953 376 954 1 
2415 1 2442 1 250 1 
1819 1 2441 1 5 1 
1758 1 1965 133 744 29 748 1 
1513 1 1515 2237 2446 1 
1692 1 266 1 520 1 
2444 1 2448 1192 2460 109 
2034 1 2470 481 995 698 
1026 1 2446 243 
178 1 219 1 
1068 1 2195 1 311 1 
422 1 904 3418 921 906 
1201 1 1447 1 2500 98 597 1 
2311 1 702 794 969 23 
251 1 597 1 
1197 1 1298 5 1426 1 2187 1 
1997 1 2337 1 307 1 
242 1 810 710 813 1202 820 1186 
2168 1 415 1639 
1027 1 1123 5 735 1 
1508 1 2446 602 2461 1021 2464 1280 
1059 1 1510 24 1802 100 2460 1362 
1575 1 1722 364 1729 1286 
1440 1 2227 394 260 1 858 1234 
1058 1 1762 35 2460 960 
1814 1 1878 19 622 1 
2405 1 249 106 93 268 942 6077 
1445 1 2468 823 77 964 
1396 1 2467 88 2469 1 728 663 
106 1 2468 512 305 2052 
121 1 1867 12 2286 391 2447 107 
1674 1 2405 1 2501 336 266 1375 
389 1 390 12 463 24 
492 1 92 801 
384 1 386 1 387 188 396 1 
1132 1 1932 35 889 3947 
2553 1 
1368 1 1670 1 1753 1 997 80 
1586 1 1587 524 2516 1 
1467 1 1989 21 2553 1 
357 1 879 1 884 207 
388 1 460 1 544 3 
2026 1 2143 1 2145 1 2149 1 
307 1 724 1 933 98 
2226 1 2270 1 824 1 
1174 1 2435 1150 260 1191 509 1 
264 1 
1285 1 2488 1 276 3 525 1 
1652 1 2036 1 2487 216 
147 1 1730 562 2080 1 2235 313 
2508 1 314 1 326 1 
2070 1 2493 7 2539 58 
354 1 693 47 991 59 
2491 1 436 1 438 248 
1255 1 1256 1 
1112 1 1258 1 1989 1 
1321 1 444 143 465 1 
1700 1 172 198 897 19 
1467 1 1989 1 382 240 
1524 1 1886 820 612 1 
1002 1 2452 1 88 334 
1742 1 2125 556 2471 1 
1112 1 1258 11 2268 113 
1207 1 1270 549 338 1 
1605 1 1606 1 1620 18 
1450 1 1866 681 2120 1 
1158 1 1692 1 1694 211 1701 72 
1372 1 2541 1 510 1 
151 1 2343 1 2490 7 
149 1 2510 1 931 1 
1269 1 2509 1 343 1 
1148 1 1205 4 2361 1 
1784 1 2085 142 744 576 751 1 
1077 1 1848 296 2368 1 
1586 1 1587 1 2549 256 
1749 1 193 687 194 1 
2478 1 2517 231 771 31 
2516 1 2518 1 381 1 
1188 1 2517 352 2520 450 
1056 1 2182 1 231 3 
1584 1 2518 232 601 74 862 206 
252 1 253 1 419 1 
1919 1 2526 311 814 537 
1183 1 1464 1 2206 719 
461 1 468 1 476 1 
406 1 
2522 1 2529 1034 
1252 1 182 68 
1898 1 2347 1 2352 1 635 242 
2114 1 2526 1667 606 1 
217 1 510 30 778 422 
1477 1 2345 1 743 1 958 1118 
1085 1 1131 1 2109 1 
2535 1 
1786 1 1841 1 750 8 
2533 1 2537 1 2540 1 
1644 1 1777 1 2538 4478 
2535 1 
2093 1 2536 1 887 1347 888 3582 
2491 1 2550 1092 690 1729 
2198 1 2535 2 506 1 
2139 1 2507 1 506 1 
211 1 215 1 216 1 
1465 1 2076 1 2544 110 
1427 1 2543 1 333 1539 853 2072 
2057 1 2555 17 2556 1 
2551 1 600 1 864 1 
2555 1 
1654 1 
2514 1 595 17 623 524 
2539 1 2554 1 792 1587 
1754 1 2546 76 583 1 602 42 
2056 1 2057 1 588 562 
2248 1 2476 1 2479 1 
1249 1 1366 24 2550 2844 
2545 1 2547 1 588 49 
2545 1 454 7 
1600 1 1635 1 1953 52 2094 308 
1095 1 1099 1 1113 533 
1195 1 1648 1 1814 15 
145 1 2045 250 585 196 767 1746 
1033 1 1141 2759 1197 9 1482 1 
1838 1 535 177 787 80 
650 1 
1885 1 2565 1 942 2076 
1129 1 2564 271 792 3 
2359 1 2365 1028 498 79 
































































































































































































































































































































































































































































































































































































































































































































































































































































































































































































































































































































































































































































































































































































































































































































































































































































































































































































































